0	0.122673
1	0.119012
2	0.115731
3	0.1184
4	0.117075
5	0.116794
6	0.116408
7	0.115705
8	0.115141
9	0.115174
10	0.113248
11	0.113774
12	0.113737
13	0.114414
14	0.114609
15	0.114042
16	0.113557
17	0.112981
18	0.113368
19	0.113125
20	0.112542
21	0.112303
22	0.11214
23	0.111986
24	0.112094
25	0.111554
26	0.111476
27	0.111459
28	0.110997
29	0.111387
30	0.111394
31	0.111157
32	0.111012
33	0.111064
34	0.111177
35	0.111274
36	0.111338
37	0.110723
38	0.11096
39	0.110826
40	0.110586
41	0.110498
42	0.110662
43	0.110732
44	0.110705
45	0.110741
46	0.110819
47	0.110739
48	0.110747
49	0.110794
50	0.110715
51	0.110424
52	0.11033
53	0.110161
54	0.110038
55	0.110252
56	0.110406
57	0.110494
58	0.110533
59	0.110712
60	0.110665
61	0.110643
62	0.110586
63	0.110839
64	0.110767
65	0.110711
66	0.11083
67	0.110917
68	0.110929
69	0.110784
70	0.110767
71	0.110535
72	0.110481
73	0.110606
74	0.110545
75	0.110577
76	0.110502
77	0.11052
78	0.110528
79	0.110624
80	0.110555
81	0.110609
82	0.110628
83	0.110546
84	0.110536
85	0.11064
86	0.110563
87	0.110659
88	0.110624
89	0.110622
90	0.110608
91	0.1106
92	0.110629
93	0.110668
94	0.11072
95	0.11072
96	0.110601
97	0.110618
98	0.110605
99	0.11073
100	0.110789
101	0.11088
102	0.110908
103	0.110951
104	0.110966
105	0.110984
106	0.110863
107	0.110834
108	0.110831
109	0.110761
110	0.110788
111	0.110834
112	0.110884
113	0.110959
114	0.110877
115	0.110889
116	0.110915
117	0.111034
118	0.111043
119	0.111158
120	0.111158
121	0.111025
122	0.110937
123	0.111046
124	0.111053
125	0.111025
126	0.111002
127	0.110983
128	0.11091
129	0.110859
130	0.110776
131	0.110739
132	0.110806
133	0.1108
134	0.110823
135	0.110744
136	0.110754
137	0.110719
138	0.110705
139	0.110738
140	0.110862
141	0.110875
142	0.110821
143	0.110799
144	0.110796
145	0.110772
146	0.110754
147	0.110719
148	0.110689
149	0.110658
150	0.110656
151	0.110691
152	0.110601
153	0.110647
154	0.110644
155	0.110696
156	0.110659
157	0.110715
158	0.110637
159	0.110611
160	0.110581
161	0.110592
162	0.110587
163	0.110589
164	0.110578
165	0.110703
166	0.110705
167	0.110751
168	0.110756
169	0.110685
170	0.110631
171	0.110633
172	0.110663
173	0.110625
174	0.110681
175	0.110658
176	0.110653
177	0.110614
178	0.110657
179	0.110627
180	0.110642
181	0.110642
182	0.110683
183	0.110719
184	0.110746
185	0.110736
186	0.110748
187	0.110764
188	0.110793
189	0.110883
190	0.110919
191	0.1109
192	0.110921
193	0.110943
194	0.110992
195	0.111011
196	0.111025
197	0.11104
198	0.110971
199	0.110939
200	0.11101
201	0.110974
202	0.110931
203	0.110949
204	0.110994
205	0.110982
206	0.111
207	0.111002
208	0.110945
209	0.110896
210	0.110882
211	0.110824
212	0.110849
213	0.11085
214	0.110852
215	0.110832
216	0.110846
217	0.110856
218	0.110852
219	0.110859
220	0.11087
221	0.110897
222	0.110968
223	0.111006
224	0.1109
225	0.110891
226	0.110855
227	0.110859
228	0.110874
229	0.110913
230	0.110933
231	0.110974
232	0.110954
233	0.110959
234	0.110996
235	0.110939
236	0.110904
237	0.11086
238	0.110898
239	0.110851
240	0.110818
241	0.11077
242	0.110769
243	0.110804
244	0.110824
245	0.110851
246	0.110872
247	0.110932
248	0.11095
249	0.110933
250	0.110968
251	0.110993
252	0.110959
253	0.110916
254	0.110961
255	0.110978
256	0.110949
257	0.110932
258	0.110912
259	0.110902
260	0.110893
261	0.110878
262	0.110882
263	0.110864
264	0.110837
265	0.110839
266	0.110838
267	0.110816
268	0.110896
269	0.11089
270	0.11088
271	0.110875
272	0.110872
273	0.110851
274	0.110881
275	0.110888
276	0.110927
277	0.110961
278	0.110995
279	0.11098
280	0.110975
281	0.110968
282	0.110967
283	0.111007
284	0.111013
285	0.110976
286	0.111026
287	0.11105
288	0.110974
289	0.11101
290	0.111034
291	0.111043
292	0.111061
293	0.111014
294	0.111049
295	0.11108
296	0.111093
297	0.111064
298	0.111098
299	0.111139
300	0.111146
301	0.11109
302	0.11105
303	0.111004
304	0.110961
305	0.110971
306	0.110968
307	0.110971
308	0.110989
309	0.110972
310	0.110976
311	0.11096
312	0.110945
313	0.110968
314	0.111008
315	0.110996
316	0.111032
317	0.11103
318	0.111031
319	0.111007
320	0.110997
321	0.11098
322	0.11097
323	0.110986
324	0.110971
325	0.110948
326	0.110997
327	0.111005
328	0.111045
329	0.111051
330	0.111136
331	0.111158
332	0.111139
333	0.111175
334	0.11121
335	0.111204
336	0.111231
337	0.111189
338	0.111182
339	0.111243
340	0.111261
341	0.111255
342	0.111253
343	0.111261
344	0.1113
345	0.11128
346	0.111293
347	0.111256
348	0.111262
349	0.111272
350	0.111289
351	0.111262
352	0.111227
353	0.111226
354	0.111229
355	0.111252
356	0.111256
357	0.111272
358	0.111227
359	0.111231
360	0.111228
361	0.111198
362	0.111193
363	0.111211
364	0.111214
365	0.111173
366	0.111174
367	0.111173
368	0.111176
369	0.111159
370	0.111148
371	0.111157
372	0.111132
373	0.111159
374	0.111167
375	0.111207
376	0.111185
377	0.111182
378	0.111165
379	0.111163
380	0.111189
381	0.111149
382	0.111154
383	0.11117
384	0.111151
385	0.111151
386	0.111117
387	0.111136
388	0.111132
389	0.111123
390	0.11112
391	0.111134
392	0.111121
393	0.111081
394	0.111064
395	0.111092
396	0.111057
397	0.111024
398	0.111021
399	0.111015
400	0.111017
401	0.111005
402	0.111025
403	0.111057
404	0.111032
405	0.111015
406	0.111054
407	0.111055
408	0.111059
409	0.11105
410	0.111031
411	0.111014
412	0.111015
413	0.111004
414	0.11102
415	0.110965
416	0.110967
417	0.110981
418	0.111007
419	0.11102
420	0.11104
421	0.11104
422	0.111033
423	0.111011
424	0.110987
425	0.110973
426	0.110952
427	0.110961
428	0.111015
429	0.111014
430	0.111042
431	0.111039
432	0.111025
433	0.111035
434	0.111011
435	0.110989
436	0.111001
437	0.110985
438	0.110989
439	0.111011
440	0.111004
441	0.111003
442	0.110983
443	0.110999
444	0.110977
445	0.110973
446	0.110986
447	0.110965
448	0.110981
449	0.110998
450	0.110971
451	0.110963
452	0.111018
453	0.110983
454	0.11099
455	0.110968
456	0.110993
457	0.110985
458	0.110972
459	0.110966
460	0.110957
461	0.110963
462	0.110984
463	0.110977
464	0.110987
465	0.11095
466	0.110955
467	0.110955
468	0.110949
469	0.110948
470	0.110933
471	0.110934
472	0.110926
473	0.110954
474	0.110921
475	0.110902
476	0.110906
477	0.110885
478	0.110893
479	0.110912
480	0.110907
481	0.110888
482	0.110877
483	0.11091
484	0.110943
485	0.11097
486	0.110952
487	0.110951
488	0.110956
489	0.110952
490	0.110942
491	0.110963
492	0.110968
493	0.110983
494	0.111002
495	0.111004
496	0.110981
497	0.110966
498	0.110972
499	0.110981
500	0.111016
501	0.111005
502	0.110979
503	0.11096
504	0.110986
505	0.111003
506	0.11102
507	0.111014
508	0.110988
509	0.111005
510	0.111024
511	0.111032
512	0.111051
513	0.111037
514	0.111036
515	0.111043
516	0.111038
517	0.111023
518	0.111033
519	0.111035
520	0.111036
521	0.11105
522	0.111065
523	0.111076
524	0.111081
525	0.111082
526	0.111097
527	0.111076
528	0.111071
529	0.111066
530	0.111079
531	0.111077
532	0.111089
533	0.111075
534	0.111065
535	0.11105
536	0.11105
537	0.111039
538	0.111039
539	0.11104
540	0.111033
541	0.111016
542	0.111001
543	0.111004
544	0.111007
545	0.110977
546	0.110973
547	0.110979
548	0.110964
549	0.110946
550	0.110921
551	0.110933
552	0.110943
553	0.110947
554	0.11092
555	0.110916
556	0.110902
557	0.110901
558	0.110913
559	0.110914
560	0.110903
561	0.110875
562	0.110887
563	0.110888
564	0.110876
565	0.110881
566	0.110875
567	0.110876
568	0.11089
569	0.110885
570	0.110881
571	0.110898
572	0.110891
573	0.110898
574	0.11092
575	0.110905
576	0.110869
577	0.110871
578	0.110884
579	0.110865
580	0.110874
581	0.110883
582	0.110881
583	0.110867
584	0.110861
585	0.110863
586	0.110852
587	0.110862
588	0.110861
589	0.110879
590	0.110886
591	0.110872
592	0.11087
593	0.110866
594	0.11086
595	0.110862
596	0.110857
597	0.110843
598	0.110836
599	0.110816
600	0.110806
601	0.110821
602	0.110795
603	0.110814
604	0.110808
605	0.110814
606	0.110819
607	0.11082
608	0.11081
609	0.110801
610	0.110814
611	0.110816
612	0.110822
613	0.110816
614	0.110797
615	0.110803
616	0.110809
617	0.110789
618	0.110795
619	0.110789
620	0.110786
621	0.110789
622	0.110804
623	0.110787
624	0.110795
625	0.110801
626	0.110816
627	0.110822
628	0.110816
629	0.110803
630	0.110815
631	0.110786
632	0.110778
633	0.110749
634	0.110742
635	0.110751
636	0.110767
637	0.11076
638	0.110761
639	0.110755
640	0.110744
641	0.110744
642	0.110763
643	0.110763
644	0.110759
645	0.110755
646	0.11074
647	0.110749
648	0.110737
649	0.110721
650	0.11072
651	0.110728
652	0.11073
653	0.110741
654	0.110756
655	0.110745
656	0.110746
657	0.110752
658	0.110755
659	0.110766
660	0.110776
661	0.110746
662	0.110737
663	0.11073
664	0.110729
665	0.110742
666	0.110763
667	0.110753
668	0.110753
669	0.110767
670	0.11076
671	0.110766
672	0.110754
673	0.110738
674	0.110742
675	0.110736
676	0.110722
677	0.110721
678	0.110721
679	0.110734
680	0.110739
681	0.110751
682	0.110769
683	0.11076
684	0.110782
685	0.110782
686	0.110779
687	0.110798
688	0.11078
689	0.110763
690	0.110756
691	0.110747
692	0.110739
693	0.110751
694	0.110741
695	0.11073
696	0.110731
697	0.110727
698	0.110722
699	0.110733
700	0.110729
701	0.110755
702	0.110751
703	0.110758
704	0.110741
705	0.110736
706	0.110752
707	0.110751
708	0.11074
709	0.110732
710	0.110745
711	0.110744
712	0.110757
713	0.110768
714	0.110772
715	0.110771
716	0.110783
717	0.110781
718	0.11079
719	0.1108
720	0.110805
721	0.110806
722	0.110807
723	0.110823
724	0.110823
725	0.110814
726	0.110827
727	0.110838
728	0.110846
729	0.110854
730	0.11085
731	0.110846
732	0.110835
733	0.110812
734	0.110809
735	0.110807
736	0.110804
737	0.110815
738	0.110821
739	0.110823
740	0.110831
741	0.11083
742	0.110837
743	0.110845
744	0.110861
745	0.110866
746	0.110863
747	0.110854
748	0.110849
749	0.110865
750	0.110882
751	0.110858
752	0.110852
753	0.110862
754	0.110872
755	0.1109
756	0.110891
757	0.110901
758	0.110912
759	0.110901
760	0.110909
761	0.110917
762	0.110914
763	0.110916
764	0.110914
765	0.110922
766	0.110918
767	0.110914
768	0.110892
769	0.110899
770	0.110885
771	0.110872
772	0.110863
773	0.110859
774	0.110867
775	0.110837
776	0.110824
777	0.11082
778	0.110829
779	0.110821
780	0.110823
781	0.110806
782	0.110798
783	0.110817
784	0.110816
785	0.110814
786	0.110802
787	0.110814
788	0.110802
789	0.110817
790	0.110813
791	0.110799
792	0.110794
793	0.110795
794	0.110795
795	0.110782
796	0.110795
797	0.110797
798	0.110809
799	0.110819
800	0.110813
801	0.110802
802	0.110801
803	0.110805
804	0.110775
805	0.110779
806	0.110774
807	0.110783
808	0.110792
809	0.110785
810	0.110784
811	0.110769
812	0.110771
813	0.110769
814	0.110773
815	0.110779
816	0.110786
817	0.110802
818	0.110803
819	0.110793
820	0.11078
821	0.110772
822	0.110775
823	0.110781
824	0.110792
825	0.110811
826	0.11082
827	0.110821
828	0.110815
829	0.110821
830	0.110808
831	0.110824
832	0.110827
833	0.110844
834	0.110863
835	0.110857
836	0.110854
837	0.110858
838	0.110867
839	0.110871
840	0.11086
841	0.11086
842	0.110854
843	0.110848
844	0.110854
845	0.11086
846	0.110868
847	0.110867
848	0.110866
849	0.110857
850	0.110852
851	0.110842
852	0.110836
853	0.110827
854	0.110832
855	0.110816
856	0.110811
857	0.110819
858	0.110815
859	0.110815
860	0.110828
861	0.110833
862	0.110832
863	0.110833
864	0.110825
865	0.11083
866	0.110824
867	0.110829
868	0.110831
869	0.11084
870	0.110841
871	0.110842
872	0.110852
873	0.11084
874	0.110851
875	0.110852
876	0.11084
877	0.110847
878	0.11084
879	0.110844
880	0.11084
881	0.11082
882	0.110821
883	0.110824
884	0.110849
885	0.110859
886	0.110874
887	0.110876
888	0.110874
889	0.110861
890	0.110868
891	0.110868
892	0.11086
893	0.11086
894	0.110867
895	0.110866
896	0.110871
897	0.110868
898	0.110884
899	0.110882
900	0.110883
901	0.11089
902	0.110891
903	0.11087
904	0.110872
905	0.110867
906	0.110861
907	0.110862
908	0.110861
909	0.110852
910	0.110847
911	0.110853
912	0.110859
913	0.110862
914	0.110855
915	0.11087
916	0.110881
917	0.110896
918	0.110886
919	0.11088
920	0.110883
921	0.110879
922	0.110891
923	0.110886
924	0.110892
925	0.110903
926	0.110907
927	0.110903
928	0.110906
929	0.110897
930	0.110904
931	0.110901
932	0.110902
933	0.110905
934	0.110917
935	0.110896
936	0.1109
937	0.110906
938	0.110917
939	0.110932
940	0.110938
941	0.110928
942	0.110922
943	0.110919
944	0.110937
945	0.11093
946	0.110919
947	0.110925
948	0.110921
949	0.110918
950	0.110928
951	0.110931
952	0.11094
953	0.110942
954	0.110937
955	0.110936
956	0.110946
957	0.110966
958	0.110957
959	0.110939
960	0.110941
961	0.110933
962	0.110929
963	0.110925
964	0.110927
965	0.110922
966	0.110929
967	0.110932
968	0.110935
969	0.110938
970	0.110963
971	0.11096
972	0.110953
973	0.110946
974	0.110933
975	0.110931
976	0.110928
977	0.11094
978	0.11094
979	0.110933
980	0.110928
981	0.110923
982	0.110928
983	0.110923
984	0.110917
985	0.110911
986	0.110917
987	0.110912
988	0.110924
989	0.11094
990	0.110946
991	0.110942
992	0.110933
993	0.110952
994	0.11095
995	0.110958
996	0.110955
997	0.110961
998	0.110983
999	0.110991
