0	0.0638374
1	0.0622698
2	0.0621765
3	0.0613535
4	0.0587229
5	0.0610896
6	0.0591767
7	0.0582813
8	0.0564066
9	0.0573272
10	0.0556719
11	0.0552368
12	0.055351
13	0.056018
14	0.0550973
15	0.0541454
16	0.0539173
17	0.0533239
18	0.0532593
19	0.0530168
20	0.0526538
21	0.0524668
22	0.0522286
23	0.0525477
24	0.0524661
25	0.0525043
26	0.0525517
27	0.0527116
28	0.0522145
29	0.0528305
30	0.0532847
31	0.0528134
32	0.0528294
33	0.0533022
34	0.0530406
35	0.0531768
36	0.0530434
37	0.0524063
38	0.0523069
39	0.0524678
40	0.0522044
41	0.0521309
42	0.052697
43	0.0526001
44	0.0524595
45	0.0523677
46	0.0524168
47	0.0526343
48	0.0525552
49	0.0527048
50	0.052432
51	0.0519917
52	0.0519798
53	0.0516552
54	0.0515534
55	0.0518015
56	0.052088
57	0.0521885
58	0.0519395
59	0.0519248
60	0.0518296
61	0.0516155
62	0.0514707
63	0.0519029
64	0.051987
65	0.0518288
66	0.0517134
67	0.051528
68	0.0515113
69	0.0515156
70	0.0514332
71	0.0513214
72	0.051211
73	0.0512318
74	0.0512143
75	0.0512099
76	0.0512099
77	0.0512372
78	0.051148
79	0.0512895
80	0.0511122
81	0.0510553
82	0.051085
83	0.0509936
84	0.0510882
85	0.0512677
86	0.0512242
87	0.0511606
88	0.0511713
89	0.0511722
90	0.0511883
91	0.0512482
92	0.0513068
93	0.0517257
94	0.0517048
95	0.0518343
96	0.0517079
97	0.0516824
98	0.0516188
99	0.0518853
100	0.0520033
101	0.0521895
102	0.0521374
103	0.0520272
104	0.0520682
105	0.0520849
106	0.0519369
107	0.0518638
108	0.0519113
109	0.0517971
110	0.0518711
111	0.0519672
112	0.0520964
113	0.0521469
114	0.0520787
115	0.0520737
116	0.0520475
117	0.0520953
118	0.0521349
119	0.0521132
120	0.0521037
121	0.052017
122	0.0518929
123	0.0520119
124	0.0522448
125	0.052237
126	0.0523552
127	0.0522882
128	0.0522212
129	0.0522554
130	0.0521867
131	0.0520907
132	0.0522188
133	0.0522227
134	0.0522167
135	0.0522024
136	0.0523018
137	0.0523569
138	0.052319
139	0.0522968
140	0.0524598
141	0.0524713
142	0.0524385
143	0.0524793
144	0.0526461
145	0.0526276
146	0.0525372
147	0.0524279
148	0.0523921
149	0.052396
150	0.0523807
151	0.0523496
152	0.0523407
153	0.052365
154	0.0523557
155	0.0523992
156	0.0522997
157	0.0524036
158	0.0523507
159	0.0523271
160	0.0522464
161	0.0521959
162	0.0522195
163	0.0521471
164	0.0521673
165	0.052276
166	0.052218
167	0.0522031
168	0.0522533
169	0.0522067
170	0.0521618
171	0.0521983
172	0.0521834
173	0.0521302
174	0.0521094
175	0.0521008
176	0.0521108
177	0.0521181
178	0.0521808
179	0.0521791
180	0.0521181
181	0.0520229
182	0.0520464
183	0.0520936
184	0.0521954
185	0.052231
186	0.0521871
187	0.0521917
188	0.0522959
189	0.0524253
190	0.0524878
191	0.052421
192	0.0523648
193	0.0523663
194	0.0525006
195	0.052479
196	0.0524282
197	0.0524263
198	0.0523331
199	0.0523795
200	0.05241
201	0.0523595
202	0.0523529
203	0.0523916
204	0.0524674
205	0.0525206
206	0.0526236
207	0.052579
208	0.0525075
209	0.0524108
210	0.0523833
211	0.0523786
212	0.0524052
213	0.0524454
214	0.0524145
215	0.0523656
216	0.0523379
217	0.0523381
218	0.0522919
219	0.0522516
220	0.0522134
221	0.0523226
222	0.0523959
223	0.0524221
224	0.0523195
225	0.0523824
226	0.052372
227	0.0524088
228	0.0524656
229	0.0525343
230	0.0525677
231	0.0525729
232	0.0525089
233	0.0525027
234	0.0525278
235	0.05246
236	0.052397
237	0.0523702
238	0.0524734
239	0.0524125
240	0.0524183
241	0.0523465
242	0.0523313
243	0.0523372
244	0.0523406
245	0.0523267
246	0.0523534
247	0.052401
248	0.0524312
249	0.0524026
250	0.0524555
251	0.0524816
252	0.0524725
253	0.0523837
254	0.0524378
255	0.052439
256	0.0524289
257	0.0523659
258	0.0524326
259	0.0524689
260	0.0524589
261	0.0524574
262	0.0524642
263	0.052475
264	0.0524605
265	0.0524955
266	0.052488
267	0.0525096
268	0.052578
269	0.0525513
270	0.0525726
271	0.0525913
272	0.0526148
273	0.0525596
274	0.0525605
275	0.0526026
276	0.0526039
277	0.0526276
278	0.0526442
279	0.052662
280	0.0526838
281	0.0526719
282	0.0526691
283	0.0527002
284	0.0527421
285	0.052728
286	0.0527417
287	0.0527533
288	0.0527075
289	0.0526907
290	0.0527236
291	0.0527113
292	0.0527128
293	0.0526545
294	0.0526603
295	0.0526717
296	0.0527164
297	0.0526971
298	0.0526937
299	0.0526758
300	0.0527376
301	0.0526833
302	0.0526622
303	0.0525774
304	0.0525729
305	0.0525689
306	0.0525408
307	0.0525515
308	0.0525817
309	0.0525461
310	0.0525595
311	0.0525801
312	0.0525516
313	0.0525929
314	0.0526501
315	0.0526618
316	0.0526977
317	0.0526647
318	0.0526697
319	0.0526455
320	0.0526452
321	0.0526534
322	0.0526111
323	0.0526357
324	0.0526425
325	0.0526121
326	0.0526435
327	0.0526025
328	0.0525839
329	0.0526351
330	0.0527252
331	0.0527438
332	0.0527592
333	0.0527599
334	0.0527748
335	0.0527737
336	0.0528242
337	0.0528929
338	0.0528569
339	0.0529572
340	0.0529596
341	0.0529721
342	0.0529676
343	0.0529516
344	0.0529637
345	0.0529281
346	0.0529451
347	0.0528961
348	0.0529013
349	0.0529357
350	0.0529258
351	0.0528628
352	0.0528326
353	0.0528636
354	0.0529235
355	0.0529969
356	0.0530226
357	0.0530079
358	0.0529846
359	0.0529874
360	0.0529844
361	0.0529851
362	0.0529668
363	0.0530102
364	0.0529821
365	0.0529223
366	0.0529215
367	0.0529451
368	0.0529369
369	0.0528986
370	0.0528986
371	0.0529129
372	0.0528794
373	0.0528884
374	0.0529325
375	0.0529358
376	0.0529213
377	0.052908
378	0.0529066
379	0.0528974
380	0.0529249
381	0.0529246
382	0.0529682
383	0.0529657
384	0.0529331
385	0.0529348
386	0.0529134
387	0.0529823
388	0.0529869
389	0.052997
390	0.0529822
391	0.0529755
392	0.0529299
393	0.0528967
394	0.0528883
395	0.0528636
396	0.0528506
397	0.0528563
398	0.052871
399	0.0528513
400	0.0528393
401	0.0528152
402	0.0528214
403	0.0528213
404	0.0527898
405	0.0527801
406	0.0527919
407	0.0527639
408	0.0527927
409	0.0527663
410	0.0527307
411	0.0527193
412	0.0527036
413	0.0527251
414	0.0527269
415	0.0526606
416	0.0526439
417	0.0526284
418	0.0526571
419	0.0527101
420	0.0527172
421	0.0527293
422	0.0527312
423	0.0527176
424	0.0526915
425	0.0526839
426	0.0526395
427	0.0526726
428	0.0526884
429	0.0526807
430	0.0526893
431	0.052673
432	0.052685
433	0.0526998
434	0.0526935
435	0.0526784
436	0.0527081
437	0.0527013
438	0.0527013
439	0.0527103
440	0.0527053
441	0.0526898
442	0.0526589
443	0.0526417
444	0.0526075
445	0.0525992
446	0.0526118
447	0.0526
448	0.0526122
449	0.0525844
450	0.0525499
451	0.0525323
452	0.0525616
453	0.0525317
454	0.0525639
455	0.0525725
456	0.0525798
457	0.0525784
458	0.0526033
459	0.052603
460	0.0525899
461	0.052611
462	0.0526131
463	0.0526091
464	0.0526044
465	0.0525649
466	0.0525688
467	0.0525927
468	0.0526108
469	0.052622
470	0.0526094
471	0.0526555
472	0.0526204
473	0.0526562
474	0.0526325
475	0.0526061
476	0.052614
477	0.0526253
478	0.0526395
479	0.0526366
480	0.0526309
481	0.0526341
482	0.0526178
483	0.0526211
484	0.0526124
485	0.052617
486	0.0525958
487	0.0526354
488	0.0526381
489	0.0526306
490	0.0526074
491	0.0526385
492	0.05265
493	0.052651
494	0.052688
495	0.0526874
496	0.0526576
497	0.0526657
498	0.052646
499	0.0526469
500	0.0526823
501	0.0526685
502	0.0526426
503	0.0526395
504	0.0526965
505	0.0527663
506	0.0527657
507	0.052773
508	0.0527684
509	0.0527735
510	0.0527969
511	0.0528005
512	0.0528155
513	0.0528055
514	0.0527941
515	0.052795
516	0.0527929
517	0.0527778
518	0.0528004
519	0.0528102
520	0.0528189
521	0.0528823
522	0.0529137
523	0.0529237
524	0.0529367
525	0.0529336
526	0.052939
527	0.0529044
528	0.0529197
529	0.0529103
530	0.0529555
531	0.0529324
532	0.0529495
533	0.0529313
534	0.052894
535	0.05287
536	0.0528498
537	0.0528588
538	0.0528573
539	0.0528318
540	0.0528332
541	0.0528182
542	0.0528022
543	0.0528111
544	0.0528194
545	0.0527991
546	0.0527668
547	0.0527686
548	0.0527732
549	0.0527971
550	0.0527688
551	0.0527797
552	0.0528008
553	0.0527986
554	0.0527918
555	0.0527771
556	0.0527538
557	0.0527535
558	0.0528053
559	0.0528038
560	0.0527776
561	0.052747
562	0.0527536
563	0.0527581
564	0.0527712
565	0.0527555
566	0.0527448
567	0.0527388
568	0.0527609
569	0.0527695
570	0.052748
571	0.0527356
572	0.0527616
573	0.0527885
574	0.0528111
575	0.0528057
576	0.0527664
577	0.052777
578	0.052799
579	0.0527733
580	0.0527933
581	0.0527982
582	0.0527953
583	0.0527762
584	0.0527858
585	0.0527753
586	0.0527744
587	0.0527923
588	0.0528134
589	0.0528411
590	0.0528447
591	0.0528381
592	0.0528278
593	0.0528273
594	0.0528187
595	0.0528228
596	0.0528061
597	0.0527902
598	0.0527867
599	0.0527904
600	0.0527847
601	0.0527826
602	0.0527484
603	0.0527445
604	0.0527531
605	0.0527643
606	0.0527832
607	0.0528003
608	0.0527867
609	0.0527887
610	0.0527984
611	0.0527813
612	0.0527779
613	0.0527694
614	0.0527533
615	0.0527401
616	0.0527236
617	0.0526945
618	0.0527052
619	0.0527036
620	0.0526951
621	0.052702
622	0.0527064
623	0.0526831
624	0.052701
625	0.0527084
626	0.0526974
627	0.0527025
628	0.0526933
629	0.0526956
630	0.0526978
631	0.0526698
632	0.0526586
633	0.0526268
634	0.0526082
635	0.0526271
636	0.0526436
637	0.052633
638	0.0526227
639	0.0526148
640	0.0525983
641	0.0525856
642	0.0526328
643	0.0526291
644	0.0526207
645	0.0526114
646	0.0526009
647	0.0525979
648	0.0525886
649	0.0525819
650	0.0525797
651	0.0525846
652	0.0525898
653	0.0525977
654	0.0526189
655	0.0526006
656	0.0525968
657	0.0525938
658	0.0525913
659	0.0525817
660	0.0525931
661	0.0525759
662	0.0525592
663	0.0525474
664	0.0525538
665	0.05255
666	0.0525694
667	0.052526
668	0.0525322
669	0.0525351
670	0.0525335
671	0.0525325
672	0.0525274
673	0.0525056
674	0.0524861
675	0.0524939
676	0.0524964
677	0.0524868
678	0.0524909
679	0.0525119
680	0.052504
681	0.0525056
682	0.0525545
683	0.0525332
684	0.0525362
685	0.0525312
686	0.0525207
687	0.0525798
688	0.0525462
689	0.0525293
690	0.0525129
691	0.0524956
692	0.0524771
693	0.0524791
694	0.0524887
695	0.0524787
696	0.052463
697	0.0524923
698	0.0524827
699	0.0525018
700	0.0525061
701	0.0525735
702	0.0525754
703	0.0526097
704	0.0525829
705	0.0525781
706	0.0525803
707	0.0525868
708	0.0525785
709	0.0525805
710	0.0525862
711	0.0525776
712	0.0525985
713	0.0526446
714	0.0526621
715	0.0526652
716	0.0526718
717	0.0526636
718	0.0526646
719	0.0526698
720	0.0526846
721	0.0526789
722	0.0526745
723	0.0526903
724	0.0526821
725	0.0526974
726	0.0526923
727	0.0527037
728	0.0527405
729	0.0527419
730	0.0527177
731	0.0527111
732	0.0526954
733	0.0526907
734	0.0526836
735	0.0527011
736	0.0526957
737	0.0527064
738	0.0527024
739	0.0526944
740	0.0527129
741	0.0526976
742	0.0527032
743	0.0527073
744	0.0527279
745	0.0527334
746	0.0527314
747	0.052719
748	0.0527536
749	0.0527651
750	0.0527793
751	0.0527517
752	0.052741
753	0.0527311
754	0.0527512
755	0.0527773
756	0.0527693
757	0.0527904
758	0.0528009
759	0.0527931
760	0.0528078
761	0.0528132
762	0.052815
763	0.0528315
764	0.0528332
765	0.0528346
766	0.0528292
767	0.0528109
768	0.05279
769	0.0527962
770	0.0527729
771	0.0527754
772	0.0527778
773	0.0527719
774	0.052801
775	0.0527689
776	0.0527403
777	0.0527211
778	0.052728
779	0.0527067
780	0.0527116
781	0.0527022
782	0.0526844
783	0.0526993
784	0.0526966
785	0.052697
786	0.0526778
787	0.0526726
788	0.052667
789	0.0526759
790	0.0526834
791	0.0526608
792	0.0526532
793	0.0526567
794	0.0526655
795	0.0526456
796	0.0526511
797	0.0526588
798	0.0526595
799	0.0526466
800	0.0526416
801	0.0526169
802	0.0526301
803	0.0526355
804	0.0526076
805	0.0526108
806	0.0525897
807	0.0525807
808	0.052579
809	0.0525694
810	0.052548
811	0.0525311
812	0.0525287
813	0.0525156
814	0.0525025
815	0.0525153
816	0.0525228
817	0.0525448
818	0.0525386
819	0.0525296
820	0.052517
821	0.0525203
822	0.0525196
823	0.0525254
824	0.0525243
825	0.0525295
826	0.0525193
827	0.0525113
828	0.0525275
829	0.0525129
830	0.0525148
831	0.0525263
832	0.0525183
833	0.0525283
834	0.0525466
835	0.0525346
836	0.0525224
837	0.0525225
838	0.0525337
839	0.0525478
840	0.0525412
841	0.0525299
842	0.0525277
843	0.0525138
844	0.0525133
845	0.0525266
846	0.0525356
847	0.0525476
848	0.0525442
849	0.0525331
850	0.052527
851	0.0525139
852	0.0524962
853	0.0524876
854	0.0524952
855	0.0524769
856	0.0524834
857	0.052487
858	0.0524901
859	0.0525077
860	0.0525212
861	0.0525264
862	0.0525236
863	0.052517
864	0.0525348
865	0.0525213
866	0.0525435
867	0.0525371
868	0.0525514
869	0.052551
870	0.052541
871	0.0525538
872	0.0525676
873	0.0525709
874	0.0525942
875	0.0525809
876	0.0525699
877	0.052581
878	0.0525678
879	0.0525653
880	0.0525679
881	0.0525412
882	0.0525496
883	0.0525518
884	0.0525769
885	0.0525875
886	0.0525815
887	0.0526002
888	0.0526084
889	0.0526037
890	0.0526131
891	0.0526071
892	0.052598
893	0.0525954
894	0.0526117
895	0.0526226
896	0.0526255
897	0.0526306
898	0.0526419
899	0.052626
900	0.0526291
901	0.0526398
902	0.0526436
903	0.0526294
904	0.0526329
905	0.0526225
906	0.0526141
907	0.0526136
908	0.0526098
909	0.0525975
910	0.0525876
911	0.052603
912	0.0526163
913	0.0526071
914	0.0525994
915	0.0526117
916	0.0526148
917	0.0526392
918	0.0526272
919	0.0526212
920	0.0526135
921	0.0526093
922	0.0526087
923	0.0526087
924	0.0526238
925	0.0526157
926	0.0526191
927	0.0526279
928	0.0526107
929	0.0526013
930	0.0525992
931	0.0525942
932	0.052599
933	0.0526085
934	0.0526359
935	0.052608
936	0.0526091
937	0.0526182
938	0.0526154
939	0.0526223
940	0.0526319
941	0.0526324
942	0.0526342
943	0.0526392
944	0.0526431
945	0.0526508
946	0.0526442
947	0.0526363
948	0.052614
949	0.0526035
950	0.0526059
951	0.0526166
952	0.0526118
953	0.0526185
954	0.0526088
955	0.0525998
956	0.0526133
957	0.0526398
958	0.0526283
959	0.052608
960	0.0526072
961	0.052592
962	0.0525876
963	0.0526093
964	0.0526074
965	0.0526013
966	0.0526241
967	0.0526267
968	0.0526351
969	0.052636
970	0.0526586
971	0.0526525
972	0.0526478
973	0.0526331
974	0.0526238
975	0.0526205
976	0.0526259
977	0.0526467
978	0.0526424
979	0.0526315
980	0.0526184
981	0.0526154
982	0.0526219
983	0.0526136
984	0.0525931
985	0.0525756
986	0.0525662
987	0.0525509
988	0.0525685
989	0.0526053
990	0.0526129
991	0.0526148
992	0.0526154
993	0.052618
994	0.0526285
995	0.0526293
996	0.0526252
997	0.0526349
998	0.0526662
999	0.0526652
