0	49.6966
1	48.3838
2	56.2609
3	104.883
4	92.6156
5	106.119
6	98.872
7	182.628
8	169.694
9	234.883
10	231.107
11	225.459
12	214.305
13	204.862
14	195.209
15	188.508
16	181.45
17	176.714
18	189.978
19	184.444
20	179.136
21	174.128
22	169.745
23	168.933
24	165.767
25	165.147
26	163.375
27	159.533
28	156.157
29	155.677
30	154.78
31	151.569
32	148.584
33	159.641
34	156.561
35	153.764
36	152.243
37	150.75
38	148.197
39	146.217
40	144.063
41	142.582
42	141.708
43	139.829
44	141.029
45	139.543
46	139.509
47	137.869
48	137.215
49	135.769
50	134.229
51	140.442
52	138.947
53	138.076
54	137.095
55	136.015
56	134.852
57	133.788
58	132.387
59	132.122
60	132.462
61	132.588
62	131.37
63	130.287
64	131.985
65	136.704
66	136.818
67	142.443
68	141.127
69	139.897
70	138.793
71	140.58
72	139.364
73	138.144
74	137.449
75	137.311
76	136.288
77	135.528
78	134.476
79	133.436
80	132.433
81	131.394
82	132.418
83	136.649
84	135.741
85	135.127
86	134.197
87	133.28
88	135.25
89	134.384
90	133.581
91	133.864
92	133.231
93	132.248
94	132.641
95	132.695
96	131.959
97	134.49
98	134.191
99	137.553
100	136.916
101	137.747
102	137.63
103	137.996
104	137.704
105	137.302
106	136.522
107	135.787
108	135.34
109	134.647
110	135.406
111	134.95
112	134.31
113	133.587
114	132.773
115	134.348
116	133.679
117	134.011
118	133.457
119	134.189
120	133.988
121	133.467
122	132.806
123	132.279
124	131.65
125	131.277
126	130.823
127	131.083
128	130.532
129	130.894
130	130.379
131	129.832
132	129.313
133	129.876
134	129.482
135	128.936
136	128.518
137	127.903
138	127.289
139	126.776
140	126.585
141	126.137
142	126.372
143	126.44
144	128.645
145	129.144
146	128.885
147	130.775
148	131.959
149	131.455
150	131.122
151	132.191
152	138.431
153	139.164
154	140.925
155	141.26
156	141.11
157	140.623
158	140.544
159	140.36
160	139.988
161	139.492
162	139.674
163	139.471
164	139.12
165	138.62
166	138.233
167	138.012
168	137.716
169	137.687
170	141.69
171	141.924
172	141.438
173	140.903
174	141.707
175	141.589
176	141.092
177	140.861
178	140.354
179	139.86
180	141.189
181	141.578
182	141.14
183	140.62
184	140.351
185	139.947
186	139.523
187	139.068
188	138.601
189	138.749
190	138.443
191	138.544
192	138.108
193	137.684
194	137.476
195	136.979
196	136.615
197	136.359
198	135.962
199	135.556
200	135.536
201	135.123
202	134.681
203	134.236
204	134.392
205	134.413
206	133.954
207	133.79
208	133.96
209	133.578
210	133.175
211	132.768
212	132.58
213	132.248
214	132.301
215	132.022
216	131.668
217	131.297
218	131.313
219	131.769
220	131.396
221	131.022
222	130.74
223	130.378
224	131.329
225	131.125
226	132.588
227	132.234
228	132.553
229	132.241
230	135.667
231	135.344
232	135.17
233	135.287
234	135
235	134.785
236	135.046
237	134.802
238	134.5
239	134.697
240	134.985
241	135.714
242	135.419
243	135.302
244	135.004
245	134.694
246	134.344
247	135.233
248	134.959
249	135.182
250	135.777
251	135.436
252	135.108
253	134.766
254	134.445
255	134.531
256	134.69
257	134.41
258	134.155
259	133.822
260	133.616
261	133.373
262	133.097
263	133.036
264	132.746
265	132.411
266	132.221
267	131.973
268	132.16
269	131.928
270	132.279
271	131.997
272	131.769
273	132.484
274	132.475
275	132.163
276	131.85
277	131.559
278	131.732
279	131.514
280	131.237
281	131.094
282	130.864
283	130.546
284	130.252
285	129.993
286	129.753
287	129.515
288	129.228
289	128.972
290	129.007
291	128.736
292	128.49
293	128.281
294	128.835
295	129.587
296	129.374
297	129.355
298	129.092
299	128.968
300	128.66
301	128.475
302	128.303
303	128.054
304	127.905
305	127.755
306	127.598
307	127.77
308	128.251
309	128.219
310	128.061
311	128.059
312	128.217
313	128.129
314	128.789
315	128.543
316	128.362
317	128.306
318	128.324
319	128.061
320	131.771
321	131.558
322	132.105
323	132.525
324	132.336
325	132.12
326	132.428
327	132.2
328	131.937
329	131.882
330	131.968
331	131.983
332	131.829
333	131.554
334	131.419
335	131.463
336	131.209
337	131.146
338	132.849
339	132.845
340	133.085
341	133.15
342	133.438
343	133.213
344	132.98
345	132.749
346	133.558
347	133.775
348	133.537
349	137.542
350	137.291
351	137.302
352	139.211
353	138.996
354	139.492
355	139.37
356	143.786
357	143.697
358	143.46
359	143.256
360	143.029
361	142.821
362	142.627
363	142.423
364	142.194
365	141.936
366	141.833
367	141.716
368	142.578
369	144.394
370	144.655
371	144.968
372	145.233
373	144.973
374	144.757
375	144.541
376	144.366
377	144.286
378	144.081
379	143.844
380	143.889
381	143.737
382	143.587
383	143.374
384	143.243
385	143.033
386	142.933
387	143.199
388	142.956
389	142.859
390	142.752
391	143.216
392	144.902
393	144.687
394	144.482
395	144.339
396	144.093
397	143.881
398	143.647
399	143.428
400	143.257
401	143.11
402	142.894
403	142.805
404	142.69
405	142.896
406	142.662
407	142.43
408	142.256
409	142.118
410	142.458
411	142.425
412	142.38
413	142.133
414	142.697
415	142.748
416	144.491
417	145.138
418	144.902
419	144.753
420	144.908
421	144.947
422	145.04
423	144.939
424	144.717
425	144.649
426	146.934
427	146.784
428	146.581
429	146.392
430	146.177
431	145.972
432	145.953
433	147.157
434	146.988
435	146.854
436	146.765
437	146.957
438	147.032
439	146.886
440	147.501
441	147.461
442	147.655
443	147.456
444	147.423
445	147.265
446	147.095
447	146.972
448	146.817
449	146.755
450	146.562
451	146.551
452	146.414
453	146.699
454	146.487
455	146.294
456	146.076
457	145.866
458	145.71
459	145.648
460	145.453
461	145.271
462	145.083
463	144.881
464	144.672
465	145.294
466	145.113
467	145.147
468	144.984
469	144.783
470	144.648
471	144.512
472	144.377
473	144.172
474	144.42
475	144.94
476	145.22
477	145.042
478	144.835
479	144.764
480	144.578
481	144.547
482	144.454
483	144.504
484	144.328
485	144.131
486	143.948
487	144.033
488	143.973
489	143.836
490	143.827
491	143.827
492	143.682
493	144.562
494	144.381
495	144.257
496	144.103
497	144.274
498	144.479
499	144.359
