0	0.747823
1	0.685065
2	0.646619
3	0.641187
4	0.626789
5	0.651565
6	0.639995
7	0.630858
8	0.63108
9	0.623095
10	0.627366
11	0.624862
12	0.624517
13	0.633475
14	0.640458
15	0.628035
16	0.636414
17	0.638421
18	0.648229
19	0.649674
20	0.649345
21	0.650251
22	0.646135
23	0.641987
24	0.636328
25	0.642038
26	0.654936
27	0.655138
28	0.655895
29	0.654446
30	0.656969
31	0.665261
32	0.666591
33	0.667256
34	0.665727
35	0.667579
36	0.663101
37	0.663288
38	0.6627
39	0.661352
40	0.66058
41	0.659384
42	0.657399
43	0.656515
44	0.66412
45	0.667566
46	0.668703
47	0.667377
48	0.667708
49	0.668524
50	0.670599
51	0.669459
52	0.671911
53	0.675817
54	0.675252
55	0.673606
56	0.674051
57	0.673697
58	0.672343
59	0.676815
60	0.676538
61	0.677765
62	0.679659
63	0.681866
64	0.681526
65	0.685723
66	0.686878
67	0.686682
68	0.687131
69	0.684682
70	0.686141
71	0.687233
72	0.687552
73	0.687749
74	0.686606
75	0.686236
76	0.687646
77	0.687086
78	0.686942
79	0.6871
80	0.685656
81	0.686159
82	0.682741
83	0.682524
84	0.68181
85	0.680957
86	0.680515
87	0.679722
88	0.678837
89	0.677762
90	0.678906
91	0.679381
92	0.679589
93	0.679912
94	0.67853
95	0.678396
96	0.678984
97	0.680764
98	0.681202
99	0.680565
100	0.679166
101	0.678766
102	0.679779
103	0.679804
104	0.67892
105	0.678466
106	0.6775
107	0.677777
108	0.677921
109	0.678444
110	0.678169
111	0.678681
112	0.679077
113	0.67948
114	0.680556
115	0.680519
116	0.680453
117	0.679936
118	0.678698
119	0.67737
120	0.676985
121	0.677374
122	0.678976
123	0.67847
124	0.677243
125	0.677577
126	0.677647
127	0.677055
128	0.677517
129	0.67747
130	0.67747
131	0.676348
132	0.678816
133	0.677564
134	0.677603
135	0.677056
136	0.675961
137	0.675783
138	0.67487
139	0.675695
140	0.676429
141	0.676335
142	0.675933
143	0.676042
144	0.675268
145	0.676697
146	0.676483
147	0.677119
148	0.676438
149	0.676084
150	0.677051
151	0.677931
152	0.676921
153	0.677031
154	0.67666
155	0.677546
156	0.678066
157	0.677828
158	0.678477
159	0.678002
160	0.678941
161	0.679166
162	0.678977
163	0.678906
164	0.678107
165	0.677855
166	0.678421
167	0.677466
168	0.676623
169	0.676892
170	0.676153
171	0.674637
172	0.674949
173	0.675115
174	0.675176
175	0.675001
176	0.675857
177	0.676376
178	0.67633
179	0.675758
180	0.677376
181	0.677861
182	0.677124
183	0.676669
184	0.676298
185	0.676144
186	0.675608
187	0.675836
188	0.675325
189	0.675469
190	0.675562
191	0.675291
192	0.677141
193	0.677026
194	0.676727
195	0.675987
196	0.676614
197	0.675995
198	0.675681
199	0.676238
200	0.677403
201	0.677993
202	0.678878
203	0.679929
204	0.679968
205	0.680079
206	0.679327
207	0.678968
208	0.678854
209	0.679395
210	0.67937
211	0.679379
212	0.678489
213	0.678427
214	0.677801
215	0.677778
216	0.676955
217	0.677181
218	0.67792
219	0.676783
220	0.676152
221	0.676237
222	0.675883
223	0.675704
224	0.675248
225	0.674631
226	0.674996
227	0.674512
228	0.67481
229	0.67475
230	0.674461
231	0.674227
232	0.674138
233	0.673994
234	0.673357
235	0.673079
236	0.673532
237	0.674643
238	0.674168
239	0.674083
240	0.674631
241	0.675094
242	0.675179
243	0.675554
244	0.675431
245	0.675599
246	0.675192
247	0.675632
248	0.675541
249	0.675992
250	0.676154
251	0.675391
252	0.675416
253	0.675404
254	0.675142
255	0.675127
256	0.675213
257	0.675238
258	0.675072
259	0.675627
260	0.675096
261	0.674744
262	0.675454
263	0.675363
264	0.675606
265	0.675612
266	0.67614
267	0.675477
268	0.675082
269	0.675362
270	0.674823
271	0.674561
272	0.674434
273	0.67435
274	0.674143
275	0.674207
276	0.674237
277	0.674607
278	0.673905
279	0.674349
280	0.674214
281	0.674411
282	0.674746
283	0.674958
284	0.675186
285	0.675236
286	0.675242
287	0.675283
288	0.67608
289	0.676085
290	0.676358
291	0.676616
292	0.676075
293	0.676534
294	0.676276
295	0.676009
296	0.675826
297	0.675512
298	0.675644
299	0.675639
300	0.674901
301	0.674559
302	0.674608
303	0.674097
304	0.674511
305	0.674177
306	0.674306
307	0.674523
308	0.674893
309	0.674904
310	0.675111
311	0.675322
312	0.675098
313	0.675365
314	0.674805
315	0.674712
316	0.67455
317	0.674497
318	0.674478
319	0.674939
320	0.674832
321	0.674684
322	0.675146
323	0.675521
324	0.67509
325	0.674715
326	0.674333
327	0.674107
328	0.674314
329	0.674424
330	0.674453
331	0.673958
332	0.673566
333	0.673751
334	0.673645
335	0.67359
336	0.673675
337	0.673734
338	0.674321
339	0.674356
340	0.673922
341	0.674349
342	0.674591
343	0.674086
344	0.673764
345	0.673731
346	0.673747
347	0.673909
348	0.673594
349	0.673593
350	0.673562
351	0.673995
352	0.674255
353	0.674784
354	0.674873
355	0.674622
356	0.67409
357	0.674156
358	0.67437
359	0.674343
360	0.673988
361	0.673956
362	0.674124
363	0.674041
364	0.674016
365	0.673992
366	0.674431
367	0.674399
368	0.6741
369	0.674539
370	0.674586
371	0.673954
372	0.673964
373	0.673641
374	0.673674
375	0.673494
376	0.673416
377	0.673131
378	0.673286
379	0.673312
380	0.672848
381	0.672518
382	0.672214
383	0.672111
384	0.672041
385	0.672295
386	0.672235
387	0.67224
388	0.672087
389	0.672741
390	0.672484
391	0.67213
392	0.671917
393	0.671963
394	0.671701
395	0.671377
396	0.671282
397	0.67143
398	0.671671
399	0.671607
400	0.671607
401	0.671428
402	0.671311
403	0.671374
404	0.671128
405	0.670911
406	0.671214
407	0.671109
408	0.671235
409	0.671021
410	0.6712
411	0.671257
412	0.671017
413	0.670979
414	0.670911
415	0.67069
416	0.670592
417	0.670767
418	0.671033
419	0.671411
420	0.671512
421	0.671267
422	0.671836
423	0.671787
424	0.671426
425	0.671272
426	0.671234
427	0.671081
428	0.670774
429	0.670625
430	0.670345
431	0.670684
432	0.670967
433	0.670791
434	0.670854
435	0.671093
436	0.670936
437	0.671453
438	0.671608
439	0.671692
440	0.671423
441	0.671623
442	0.671436
443	0.671059
444	0.670865
445	0.670768
446	0.670478
447	0.670402
448	0.67032
449	0.670201
450	0.66997
451	0.669977
452	0.669525
453	0.669474
454	0.669267
455	0.669458
456	0.669716
457	0.669497
458	0.669323
459	0.669087
460	0.668748
461	0.668909
462	0.668864
463	0.668865
464	0.668926
465	0.668793
466	0.668678
467	0.668763
468	0.668811
469	0.668887
470	0.668951
471	0.669187
472	0.669308
473	0.669675
474	0.669628
475	0.669571
476	0.670268
477	0.670173
478	0.670166
479	0.670419
480	0.670259
481	0.670139
482	0.67007
483	0.669987
484	0.669793
485	0.66988
486	0.669623
487	0.66948
488	0.669471
489	0.669435
490	0.669148
491	0.669367
492	0.669353
493	0.669227
494	0.668905
495	0.668454
496	0.668461
497	0.668303
498	0.66814
499	0.668254
