0	0.980671
1	1.18843
2	1.08068
3	1.07951
4	1.1197
5	1.20971
6	1.18853
7	1.18756
8	1.23529
9	1.20957
10	1.22816
11	1.19761
12	1.20483
13	1.21628
14	1.22761
15	1.22736
16	1.26459
17	1.27586
18	1.26798
19	1.27202
20	1.30522
21	1.31751
22	1.3085
23	1.32009
24	1.30165
25	1.29076
26	1.3005
27	1.32552
28	1.33192
29	1.33319
30	1.33427
31	1.34059
32	1.36121
33	1.37447
34	1.38056
35	1.37789
36	1.37531
37	1.36481
38	1.39482
39	1.38199
40	1.37719
41	1.3642
42	1.37496
43	1.38019
44	1.39453
45	1.44254
46	1.46312
47	1.46441
48	1.46785
49	1.46436
50	1.45871
51	1.45297
52	1.45025
53	1.45485
54	1.45932
55	1.4526
56	1.44434
57	1.445
58	1.43455
59	1.44805
60	1.44907
61	1.44351
62	1.44793
63	1.44264
64	1.44404
65	1.44688
66	1.44759
67	1.45294
68	1.45326
69	1.45582
70	1.45417
71	1.45148
72	1.45278
73	1.44685
74	1.44501
75	1.44063
76	1.43972
77	1.43578
78	1.44159
79	1.43946
80	1.43848
81	1.44121
82	1.4413
83	1.44452
84	1.44031
85	1.43699
86	1.43619
87	1.43223
88	1.42712
89	1.43557
90	1.43702
91	1.43486
92	1.4327
93	1.43276
94	1.43321
95	1.43672
96	1.43819
97	1.43619
98	1.43535
99	1.43459
100	1.43439
101	1.43318
102	1.43266
103	1.429
104	1.42575
105	1.42535
106	1.42048
107	1.4295
108	1.42289
109	1.42766
110	1.43148
111	1.43038
112	1.43531
113	1.43179
114	1.4362
115	1.4325
116	1.43145
117	1.42888
118	1.4274
119	1.42443
120	1.42254
121	1.42213
122	1.41823
123	1.42033
124	1.42452
125	1.42271
126	1.42001
127	1.42604
128	1.42607
129	1.4252
130	1.42516
131	1.42281
132	1.42729
133	1.42612
134	1.42359
135	1.42593
136	1.43011
137	1.42486
138	1.42797
139	1.42584
140	1.42501
141	1.42707
142	1.4335
143	1.44595
144	1.44356
145	1.44275
146	1.44346
147	1.44689
148	1.44421
149	1.44671
150	1.44425
151	1.4488
152	1.44608
153	1.44913
154	1.44948
155	1.44849
156	1.44415
157	1.44382
158	1.44272
159	1.44172
160	1.44067
161	1.4421
162	1.44347
163	1.44246
164	1.44207
165	1.44187
166	1.4446
167	1.44171
168	1.43864
169	1.44103
170	1.43938
171	1.43686
172	1.44012
173	1.44161
174	1.44451
175	1.44039
176	1.43979
177	1.43728
178	1.43711
179	1.43728
180	1.43743
181	1.43586
182	1.43294
183	1.4297
184	1.42904
185	1.42784
186	1.42795
187	1.42613
188	1.42935
189	1.42648
190	1.42858
191	1.42669
192	1.42438
193	1.42444
194	1.42238
195	1.42394
196	1.42258
197	1.42005
198	1.41998
199	1.41895
200	1.41764
201	1.41734
202	1.41623
203	1.4195
204	1.41639
205	1.41598
206	1.41683
207	1.41706
208	1.41775
209	1.41678
210	1.41535
211	1.41773
212	1.42512
213	1.42524
214	1.42712
215	1.42514
216	1.42452
217	1.42272
218	1.42212
219	1.4202
220	1.41996
221	1.41832
222	1.41777
223	1.41563
224	1.41417
225	1.41333
226	1.41149
227	1.41121
228	1.41106
229	1.4146
230	1.4133
231	1.41432
232	1.41493
233	1.41873
234	1.41935
235	1.41918
236	1.41805
237	1.41718
238	1.41626
239	1.41775
240	1.41662
241	1.41687
242	1.41762
243	1.41706
244	1.41711
245	1.42189
246	1.42292
247	1.42494
248	1.42443
249	1.42335
250	1.42447
251	1.42321
252	1.42231
253	1.4196
254	1.41987
255	1.41836
256	1.41978
257	1.41743
258	1.4161
259	1.41906
260	1.41838
261	1.41746
262	1.41753
263	1.4179
264	1.41787
265	1.41737
266	1.41725
267	1.41521
268	1.41546
269	1.41529
270	1.41689
271	1.41833
272	1.41901
273	1.41904
274	1.41826
275	1.42055
276	1.42045
277	1.42212
278	1.42114
279	1.42224
280	1.4203
281	1.4244
282	1.4245
283	1.42575
284	1.42697
285	1.42735
286	1.4266
287	1.42919
288	1.4279
289	1.42788
290	1.42938
291	1.4294
292	1.42871
293	1.42871
294	1.42778
295	1.42799
296	1.42938
297	1.43198
298	1.43242
299	1.43248
300	1.43107
301	1.43022
302	1.4281
303	1.4286
304	1.42764
305	1.42936
306	1.43212
307	1.43482
308	1.43682
309	1.4351
310	1.43512
311	1.437
312	1.436
313	1.43481
314	1.4335
315	1.4323
316	1.4339
317	1.43318
318	1.43399
319	1.43352
320	1.43408
321	1.43409
322	1.43355
323	1.43369
324	1.43251
325	1.43239
326	1.43168
327	1.4303
328	1.43151
329	1.43104
330	1.43145
331	1.43092
332	1.42878
333	1.43088
334	1.43109
335	1.42915
336	1.43052
337	1.43157
338	1.42998
339	1.42903
340	1.4287
341	1.42715
342	1.42622
343	1.42564
344	1.42447
345	1.4249
346	1.42376
347	1.42397
348	1.42394
349	1.42501
350	1.42363
351	1.42267
352	1.42184
353	1.42083
354	1.41906
355	1.41934
356	1.41922
357	1.41886
358	1.41858
359	1.42531
360	1.42559
361	1.42438
362	1.42369
363	1.42299
364	1.42309
365	1.42504
366	1.42623
367	1.42562
368	1.42417
369	1.42542
370	1.42516
371	1.42523
372	1.42552
373	1.42537
374	1.42648
375	1.42547
376	1.42519
377	1.42457
378	1.42381
379	1.42344
380	1.42178
381	1.42147
382	1.42003
383	1.42258
384	1.42355
385	1.42257
386	1.42227
387	1.42573
388	1.42516
389	1.42523
390	1.4272
391	1.42673
392	1.42761
393	1.4288
394	1.42781
395	1.42677
396	1.43113
397	1.43213
398	1.43206
399	1.43032
400	1.43082
401	1.42953
402	1.42941
403	1.43145
404	1.43134
405	1.43084
406	1.4301
407	1.43016
408	1.42936
409	1.43169
410	1.4303
411	1.4293
412	1.42783
413	1.42814
414	1.42796
415	1.42785
416	1.42695
417	1.42594
418	1.42558
419	1.42496
420	1.42642
421	1.42612
422	1.42628
423	1.42442
424	1.42397
425	1.42392
426	1.42415
427	1.42362
428	1.42384
429	1.42405
430	1.42276
431	1.42444
432	1.42456
433	1.42418
434	1.42362
435	1.42325
436	1.42291
437	1.4252
438	1.42423
439	1.42393
440	1.42322
441	1.423
442	1.4249
443	1.42443
444	1.42335
445	1.42307
446	1.42223
447	1.42208
448	1.42233
449	1.42259
450	1.42235
451	1.42172
452	1.42042
453	1.41891
454	1.41981
455	1.41838
456	1.41737
457	1.41678
458	1.41714
459	1.41626
460	1.41683
461	1.41699
462	1.41614
463	1.416
464	1.41562
465	1.41597
466	1.41515
467	1.41513
468	1.41472
469	1.41356
470	1.41337
471	1.4136
472	1.41237
473	1.4118
474	1.4124
475	1.41187
476	1.41207
477	1.41121
478	1.41312
479	1.41255
480	1.41122
481	1.41045
482	1.41091
483	1.41094
484	1.41058
485	1.41014
486	1.40997
487	1.40935
488	1.41019
489	1.41085
490	1.41124
491	1.41121
492	1.40995
493	1.40988
494	1.40947
495	1.41024
496	1.41197
497	1.412
498	1.41199
499	1.41177
