0	1.16117
1	1.27213
2	1.13409
3	1.20192
4	1.12442
5	1.2777
6	1.30695
7	1.3463
8	1.49733
9	1.41364
10	1.51517
11	1.44196
12	1.38863
13	1.34636
14	1.32471
15	1.30917
16	1.29401
17	1.26611
18	1.32669
19	1.31866
20	1.29969
21	1.29127
22	1.28241
23	1.26728
24	1.2368
25	1.24396
26	1.22359
27	1.22777
28	1.22904
29	1.21663
30	1.20995
31	1.20493
32	1.1958
33	1.18414
34	1.17292
35	1.1641
36	1.15538
37	1.15822
38	1.1535
39	1.16962
40	1.15714
41	1.16782
42	1.16941
43	1.16753
44	1.16036
45	1.17426
46	1.19415
47	1.18241
48	1.18151
49	1.18216
50	1.18077
51	1.17009
52	1.18092
53	1.17981
54	1.18096
55	1.16719
56	1.16633
57	1.16261
58	1.15983
59	1.15621
60	1.15605
61	1.14728
62	1.14118
63	1.14309
64	1.13603
65	1.15559
66	1.16296
67	1.15629
68	1.15394
69	1.15197
70	1.14381
71	1.1418
72	1.14173
73	1.14152
74	1.13596
75	1.14339
76	1.14079
77	1.1314
78	1.13673
79	1.13395
80	1.13005
81	1.12749
82	1.12943
83	1.12703
84	1.12614
85	1.12672
86	1.12276
87	1.12013
88	1.12256
89	1.12331
90	1.1251
91	1.13341
92	1.13277
93	1.13618
94	1.13364
95	1.13204
96	1.13247
97	1.13163
98	1.13129
99	1.12867
100	1.12282
101	1.11792
102	1.11805
103	1.11977
104	1.11992
105	1.12572
106	1.12349
107	1.12596
108	1.12301
109	1.12139
110	1.12569
111	1.12447
112	1.11981
113	1.11607
114	1.1163
115	1.11985
116	1.12112
117	1.12817
118	1.12608
119	1.12516
120	1.12425
121	1.12232
122	1.12229
123	1.13223
124	1.12946
125	1.12569
126	1.13025
127	1.12621
128	1.12251
129	1.1242
130	1.12299
131	1.12231
132	1.12081
133	1.1161
134	1.1172
135	1.11654
136	1.11101
137	1.11155
138	1.11282
139	1.1119
140	1.1104
141	1.10772
142	1.10629
143	1.10479
144	1.1053
145	1.10053
146	1.10043
147	1.09887
148	1.0975
149	1.09422
150	1.09188
151	1.098
152	1.0987
153	1.09808
154	1.09552
155	1.09192
156	1.0902
157	1.092
158	1.08993
159	1.09033
160	1.086
161	1.08461
162	1.08187
163	1.08413
164	1.08305
165	1.08329
166	1.08104
167	1.07947
168	1.08331
169	1.08263
170	1.08122
171	1.08154
172	1.08102
173	1.08351
174	1.08081
175	1.07967
176	1.07985
177	1.08368
178	1.08209
179	1.08271
180	1.08146
181	1.08039
182	1.08071
183	1.07888
184	1.08097
185	1.08096
186	1.08564
187	1.08341
188	1.08475
189	1.08497
190	1.08492
191	1.08506
192	1.08388
193	1.08291
194	1.08309
195	1.08435
196	1.08165
197	1.08132
198	1.08487
199	1.08853
200	1.08957
201	1.09095
202	1.09062
203	1.09097
204	1.09198
205	1.09295
206	1.09185
207	1.09055
208	1.08908
209	1.08642
210	1.0859
211	1.08809
212	1.08796
213	1.08744
214	1.08664
215	1.08797
216	1.09223
217	1.09513
218	1.09425
219	1.0928
220	1.09378
221	1.09407
222	1.0937
223	1.09318
224	1.09232
225	1.09233
226	1.09082
227	1.09194
228	1.09167
229	1.09435
230	1.09628
231	1.09759
232	1.09718
233	1.09809
234	1.09625
235	1.09419
236	1.09199
237	1.09173
238	1.09203
239	1.09233
240	1.09432
241	1.09524
242	1.09431
243	1.09681
244	1.09738
245	1.0961
246	1.09414
247	1.09409
248	1.09334
249	1.09283
250	1.0927
251	1.09519
252	1.09302
253	1.09276
254	1.09238
255	1.09111
256	1.09323
257	1.09301
258	1.09113
259	1.09012
260	1.09448
261	1.0925
262	1.09219
263	1.09229
264	1.09051
265	1.08973
266	1.09127
267	1.08963
268	1.09087
269	1.08941
270	1.09087
271	1.09168
272	1.09138
273	1.09023
274	1.09093
275	1.092
276	1.09167
277	1.08977
278	1.09058
279	1.08969
280	1.08848
281	1.08925
282	1.08876
283	1.09023
284	1.09146
285	1.08968
286	1.08796
287	1.0874
288	1.08759
289	1.08606
290	1.08803
291	1.08685
292	1.08584
293	1.08513
294	1.08554
295	1.08547
296	1.08373
297	1.08185
298	1.08252
299	1.0827
300	1.08437
301	1.08473
302	1.08645
303	1.08412
304	1.08394
305	1.08664
306	1.08719
307	1.08742
308	1.08663
309	1.0865
310	1.09098
311	1.09002
312	1.08832
313	1.0879
314	1.08673
315	1.08541
316	1.08554
317	1.0852
318	1.08362
319	1.08244
320	1.08113
321	1.08041
322	1.08293
323	1.08441
324	1.08815
325	1.09025
326	1.08991
327	1.08987
328	1.089
329	1.08819
330	1.08696
331	1.0852
332	1.08429
333	1.08318
334	1.08386
335	1.08581
336	1.08448
337	1.08316
338	1.08421
339	1.08514
340	1.08397
341	1.08273
342	1.0814
343	1.08142
344	1.08577
345	1.08537
346	1.0863
347	1.08438
348	1.08576
349	1.08777
350	1.08907
351	1.0908
352	1.09047
353	1.09037
354	1.09036
355	1.09159
356	1.09034
357	1.08951
358	1.08978
359	1.08829
360	1.08881
361	1.08794
362	1.08745
363	1.0888
364	1.09091
365	1.08941
366	1.09008
367	1.08937
368	1.08839
369	1.08798
370	1.08806
371	1.0877
372	1.0883
373	1.08723
374	1.08643
375	1.08736
376	1.08739
377	1.0866
378	1.08576
379	1.0866
380	1.08588
381	1.08568
382	1.08502
383	1.08336
384	1.08478
385	1.08458
386	1.08326
387	1.08248
388	1.08192
389	1.08138
390	1.0811
391	1.08085
392	1.08022
393	1.07923
394	1.07987
395	1.08069
396	1.07952
397	1.0807
398	1.08088
399	1.07939
400	1.0787
401	1.07762
402	1.07914
403	1.0811
404	1.08007
405	1.08056
406	1.08061
407	1.08042
408	1.07951
409	1.07921
410	1.07897
411	1.07845
412	1.07763
413	1.07843
414	1.08205
415	1.08156
416	1.08145
417	1.08156
418	1.0814
419	1.08018
420	1.07948
421	1.07886
422	1.07951
423	1.07908
424	1.07828
425	1.07842
426	1.07812
427	1.07774
428	1.07749
429	1.07694
430	1.07623
431	1.07576
432	1.07559
433	1.07708
434	1.07611
435	1.07642
436	1.07577
437	1.07573
438	1.0773
439	1.07628
440	1.07613
441	1.07536
442	1.07592
443	1.07615
444	1.0755
445	1.07615
446	1.07711
447	1.07688
448	1.07741
449	1.0776
450	1.07699
451	1.0763
452	1.07702
453	1.07657
454	1.07693
455	1.07664
456	1.07781
457	1.077
458	1.07731
459	1.07867
460	1.07882
461	1.0781
462	1.07709
463	1.07822
464	1.07862
465	1.07998
466	1.08006
467	1.08018
468	1.08045
469	1.07986
470	1.07948
471	1.07956
472	1.08019
473	1.07913
474	1.07882
475	1.07851
476	1.07807
477	1.07848
478	1.0776
479	1.07866
480	1.07951
481	1.07845
482	1.07794
483	1.07776
484	1.07745
485	1.07679
486	1.07616
487	1.07492
488	1.07474
489	1.07452
490	1.07352
491	1.07312
492	1.07242
493	1.072
494	1.0725
495	1.0723
496	1.07223
497	1.07115
498	1.07072
499	1.07046
