0	0.279847
1	0.279741
2	0.264539
3	0.265231
4	0.261286
5	0.267581
6	0.269913
7	0.270557
8	0.26787
9	0.264912
10	0.268999
11	0.2623
12	0.263004
13	0.263298
14	0.263483
15	0.264503
16	0.263059
17	0.262013
18	0.261055
19	0.263034
20	0.263036
21	0.266201
22	0.264993
23	0.264108
24	0.263477
25	0.262557
26	0.260989
27	0.260836
28	0.259701
29	0.259651
30	0.260289
31	0.261131
32	0.260395
33	0.259814
34	0.259007
35	0.258306
36	0.256774
37	0.256199
38	0.256265
39	0.255985
40	0.256257
41	0.255692
42	0.256803
43	0.256552
44	0.256528
45	0.255809
46	0.255652
47	0.255371
48	0.255375
49	0.255984
50	0.257811
51	0.257949
52	0.258016
53	0.257779
54	0.257946
55	0.257389
56	0.257425
57	0.257301
58	0.257196
59	0.257436
60	0.25718
61	0.256736
62	0.256415
63	0.256373
64	0.256235
65	0.255599
66	0.255054
67	0.255274
68	0.254922
69	0.254935
70	0.255103
71	0.254767
72	0.254942
73	0.254971
74	0.254397
75	0.254211
76	0.253737
77	0.253671
78	0.253205
79	0.253534
80	0.253726
81	0.253266
82	0.253636
83	0.253807
84	0.253476
85	0.253074
86	0.252695
87	0.252651
88	0.252279
89	0.251941
90	0.251661
91	0.251366
92	0.251377
93	0.251501
94	0.252015
95	0.252038
96	0.251512
97	0.2516
98	0.25189
99	0.252003
100	0.251938
101	0.251724
102	0.251827
103	0.251643
104	0.251704
105	0.251617
106	0.252376
107	0.252215
108	0.252434
109	0.252215
110	0.252223
111	0.252762
112	0.252843
113	0.252818
114	0.252725
115	0.252955
116	0.252684
117	0.25299
118	0.253022
119	0.25233
120	0.25205
121	0.252252
122	0.252479
123	0.252076
124	0.252234
125	0.25215
126	0.252378
127	0.252048
128	0.252152
129	0.252
130	0.251864
131	0.251955
132	0.251984
133	0.252163
134	0.251938
135	0.251827
136	0.252136
137	0.252206
138	0.252374
139	0.252275
140	0.252148
141	0.251905
142	0.252075
143	0.252038
144	0.251786
145	0.251912
146	0.251768
147	0.251577
148	0.251563
149	0.251282
150	0.251243
151	0.251207
152	0.251132
153	0.25118
154	0.251139
155	0.251194
156	0.251067
157	0.250893
158	0.251023
159	0.250866
160	0.25076
161	0.250615
162	0.250522
163	0.250406
164	0.250643
165	0.250844
166	0.250888
167	0.251084
168	0.251183
169	0.251304
170	0.251435
171	0.251448
172	0.251536
173	0.251583
174	0.251569
175	0.251973
176	0.25169
177	0.251611
178	0.251822
179	0.251641
180	0.251972
181	0.251636
182	0.251807
183	0.251816
184	0.252047
185	0.252077
186	0.252012
187	0.25195
188	0.251785
189	0.251871
190	0.251763
191	0.251801
192	0.251655
193	0.251524
194	0.251414
195	0.251675
196	0.251724
197	0.251782
198	0.252076
199	0.252005
200	0.251957
201	0.251945
202	0.251608
203	0.251311
204	0.251273
205	0.251353
206	0.251327
207	0.251323
208	0.251102
209	0.251145
210	0.251145
211	0.251828
212	0.251906
213	0.25174
214	0.251805
215	0.251865
216	0.251702
217	0.251698
218	0.251593
219	0.251598
220	0.251652
221	0.251632
222	0.251593
223	0.2515
224	0.251703
225	0.251641
226	0.251362
227	0.251474
228	0.251378
229	0.251265
230	0.251183
231	0.251234
232	0.25153
233	0.251543
234	0.251663
235	0.251706
236	0.251699
237	0.251592
238	0.251535
239	0.251472
240	0.251537
241	0.251473
242	0.251444
243	0.251488
244	0.251434
245	0.251234
246	0.251217
247	0.251222
248	0.251346
249	0.251231
250	0.251102
251	0.25122
252	0.25108
253	0.250921
254	0.250976
255	0.251021
256	0.250964
257	0.250871
258	0.250902
259	0.250882
260	0.250862
261	0.250895
262	0.251011
263	0.250912
264	0.250743
265	0.250663
266	0.25068
267	0.250508
268	0.250513
269	0.250652
270	0.250551
271	0.250632
272	0.250579
273	0.250548
274	0.250631
275	0.250694
276	0.250668
277	0.25075
278	0.25068
279	0.250751
280	0.250777
281	0.250568
282	0.250566
283	0.250466
284	0.250453
285	0.250287
286	0.250189
287	0.250293
288	0.250161
289	0.250115
290	0.250245
291	0.250266
292	0.250226
293	0.250304
294	0.250202
295	0.250045
296	0.250138
297	0.250136
298	0.250073
299	0.250152
300	0.250122
301	0.250059
302	0.25009
303	0.250087
304	0.250091
305	0.250131
306	0.250117
307	0.250145
308	0.250063
309	0.249956
310	0.249936
311	0.250061
312	0.25006
313	0.250073
314	0.250118
315	0.25037
316	0.250417
317	0.250549
318	0.250426
319	0.250362
320	0.250463
321	0.250561
322	0.250493
323	0.250507
324	0.250458
325	0.250418
326	0.25052
327	0.2506
328	0.250475
329	0.250462
330	0.250485
331	0.250325
332	0.250221
333	0.250246
334	0.250378
335	0.250275
336	0.250244
337	0.250284
338	0.250167
339	0.250287
340	0.250305
341	0.25027
342	0.250274
343	0.250261
344	0.250352
345	0.250293
346	0.250276
347	0.250258
348	0.250168
349	0.250221
350	0.250287
351	0.250347
352	0.250276
353	0.250245
354	0.250268
355	0.250254
356	0.250241
357	0.250153
358	0.25011
359	0.250105
360	0.250151
361	0.250113
362	0.250185
363	0.25023
364	0.250225
365	0.250311
366	0.250373
367	0.250338
368	0.250452
369	0.250493
370	0.250588
371	0.25055
372	0.250699
373	0.250637
374	0.250517
375	0.250514
376	0.250558
377	0.250508
378	0.250517
379	0.250519
380	0.250607
381	0.250525
382	0.250707
383	0.25069
384	0.25071
385	0.250723
386	0.250733
387	0.25067
388	0.25062
389	0.250627
390	0.250699
391	0.250689
392	0.250629
393	0.250478
394	0.250495
395	0.250442
396	0.250438
397	0.250518
398	0.250507
399	0.250469
400	0.250359
401	0.250409
402	0.250328
403	0.25033
404	0.250351
405	0.250343
406	0.250442
407	0.250479
408	0.25042
409	0.250565
410	0.250659
411	0.250653
412	0.250797
413	0.25093
414	0.250972
415	0.250925
416	0.250897
417	0.250882
418	0.250694
419	0.250751
420	0.250622
421	0.250607
422	0.25057
423	0.250564
424	0.250575
425	0.250491
426	0.250494
427	0.250468
428	0.250433
429	0.250441
430	0.250446
431	0.250418
432	0.250439
433	0.250482
434	0.250495
435	0.250463
436	0.250343
437	0.250432
438	0.250473
439	0.250387
440	0.250374
441	0.250388
442	0.250302
443	0.250354
444	0.250349
445	0.250255
446	0.250285
447	0.250372
448	0.250472
449	0.250473
450	0.250482
451	0.250362
452	0.250466
453	0.250546
454	0.250571
455	0.250546
456	0.250545
457	0.250576
458	0.250522
459	0.250506
460	0.250516
461	0.250676
462	0.250713
463	0.250746
464	0.250922
465	0.250901
466	0.251014
467	0.250991
468	0.251109
469	0.251055
470	0.250958
471	0.251006
472	0.251106
473	0.251121
474	0.25111
475	0.251028
476	0.251007
477	0.251166
478	0.251184
479	0.251187
480	0.251049
481	0.250978
482	0.251054
483	0.251088
484	0.251085
485	0.251058
486	0.251033
487	0.25105
488	0.250991
489	0.250905
490	0.250934
491	0.250983
492	0.250961
493	0.250957
494	0.251002
495	0.250946
496	0.250938
497	0.250914
498	0.250977
499	0.251058
