0	0.593486
1	0.478487
2	0.47562
3	0.48372
4	0.510541
5	0.569342
6	0.557462
7	0.549953
8	0.546485
9	0.545396
10	0.543611
11	0.528775
12	0.523563
13	0.535897
14	0.530597
15	0.531813
16	0.53474
17	0.534468
18	0.537184
19	0.527689
20	0.534573
21	0.532237
22	0.53264
23	0.532041
24	0.526047
25	0.524249
26	0.531049
27	0.526943
28	0.530207
29	0.534639
30	0.534381
31	0.53616
32	0.530785
33	0.528214
34	0.526582
35	0.524768
36	0.519911
37	0.516995
38	0.521738
39	0.518966
40	0.520193
41	0.516919
42	0.515786
43	0.515373
44	0.518232
45	0.522111
46	0.526041
47	0.524098
48	0.525055
49	0.524322
50	0.521897
51	0.520261
52	0.52464
53	0.522761
54	0.52129
55	0.522076
56	0.520868
57	0.521016
58	0.518976
59	0.518374
60	0.521141
61	0.520676
62	0.520355
63	0.518762
64	0.517271
65	0.520333
66	0.519026
67	0.518215
68	0.519
69	0.517345
70	0.515483
71	0.516729
72	0.514966
73	0.516173
74	0.514449
75	0.512685
76	0.51317
77	0.516205
78	0.514942
79	0.51499
80	0.515618
81	0.516884
82	0.517181
83	0.518125
84	0.51758
85	0.516399
86	0.517222
87	0.516702
88	0.515095
89	0.513711
90	0.513933
91	0.513934
92	0.513241
93	0.513092
94	0.513906
95	0.513358
96	0.512637
97	0.512133
98	0.511179
99	0.511339
100	0.510411
101	0.510867
102	0.510284
103	0.509944
104	0.509036
105	0.508578
106	0.508509
107	0.508929
108	0.508973
109	0.507808
110	0.508183
111	0.508485
112	0.508462
113	0.507503
114	0.507992
115	0.508603
116	0.509112
117	0.509715
118	0.508877
119	0.507304
120	0.507297
121	0.506907
122	0.506581
123	0.506548
124	0.506175
125	0.505535
126	0.504965
127	0.504563
128	0.504502
129	0.503792
130	0.50508
131	0.504757
132	0.505711
133	0.505314
134	0.505635
135	0.50491
136	0.505359
137	0.504452
138	0.504262
139	0.504302
140	0.503514
141	0.50369
142	0.503459
143	0.503536
144	0.502852
145	0.503003
146	0.502833
147	0.502854
148	0.503019
149	0.503169
150	0.502353
151	0.502372
152	0.501795
153	0.501947
154	0.501324
155	0.502043
156	0.501215
157	0.501373
158	0.501054
159	0.500825
160	0.500745
161	0.500786
162	0.501537
163	0.501756
164	0.502108
165	0.502091
166	0.502382
167	0.500988
168	0.500562
169	0.501049
170	0.501418
171	0.501035
172	0.500409
173	0.501552
174	0.501905
175	0.501358
176	0.500962
177	0.50056
178	0.500969
179	0.501072
180	0.500699
181	0.501648
182	0.501379
183	0.500848
184	0.500431
185	0.501733
186	0.501582
187	0.501829
188	0.501693
189	0.501159
190	0.501713
191	0.501043
192	0.501219
193	0.501208
194	0.500583
195	0.500271
196	0.499736
197	0.500698
198	0.501323
199	0.502184
200	0.502582
201	0.503534
202	0.503893
203	0.504526
204	0.504241
205	0.50384
206	0.503908
207	0.504497
208	0.504413
209	0.505099
210	0.504873
211	0.504778
212	0.505891
213	0.505555
214	0.505878
215	0.50636
216	0.506461
217	0.506618
218	0.507054
219	0.507001
220	0.506515
221	0.506369
222	0.505637
223	0.505133
224	0.505583
225	0.505506
226	0.505522
227	0.504766
228	0.505059
229	0.504961
230	0.505136
231	0.505601
232	0.505472
233	0.505792
234	0.505811
235	0.506117
236	0.506469
237	0.506283
238	0.507069
239	0.506519
240	0.507016
241	0.506616
242	0.506512
243	0.506368
244	0.505918
245	0.505453
246	0.506192
247	0.507412
248	0.507428
249	0.507255
250	0.507418
251	0.507086
252	0.507776
253	0.507345
254	0.508168
255	0.508798
256	0.508784
257	0.508387
258	0.508548
259	0.50929
260	0.509191
261	0.50946
262	0.509357
263	0.509587
264	0.509145
265	0.509777
266	0.509858
267	0.509591
268	0.509088
269	0.509236
270	0.509451
271	0.50912
272	0.509003
273	0.508904
274	0.508981
275	0.508995
276	0.508816
277	0.508315
278	0.507599
279	0.507838
280	0.507166
281	0.507252
282	0.507102
283	0.506968
284	0.506819
285	0.507175
286	0.506916
287	0.507312
288	0.507691
289	0.507577
290	0.50763
291	0.507739
292	0.507501
293	0.507805
294	0.507387
295	0.507322
296	0.507108
297	0.507226
298	0.507321
299	0.507212
300	0.507073
301	0.506894
302	0.507002
303	0.506919
304	0.506646
305	0.506432
306	0.507107
307	0.506933
308	0.507101
309	0.507253
310	0.507573
311	0.507419
312	0.507409
313	0.507591
314	0.507388
315	0.507223
316	0.507435
317	0.507053
318	0.507609
319	0.507606
320	0.507681
321	0.507226
322	0.507452
323	0.507664
324	0.507396
325	0.507105
326	0.506935
327	0.506679
328	0.506783
329	0.506962
330	0.506856
331	0.507219
332	0.506866
333	0.506328
334	0.505949
335	0.505296
336	0.505527
337	0.505661
338	0.506052
339	0.506093
340	0.505508
341	0.506127
342	0.505985
343	0.505496
344	0.505553
345	0.505699
346	0.505895
347	0.50575
348	0.505519
349	0.505514
350	0.505422
351	0.505438
352	0.505432
353	0.505318
354	0.505186
355	0.50521
356	0.505593
357	0.505999
358	0.506109
359	0.506753
360	0.506665
361	0.506457
362	0.506661
363	0.506801
364	0.50738
365	0.507237
366	0.507019
367	0.507024
368	0.506663
369	0.50698
370	0.506832
371	0.506785
372	0.506672
373	0.5067
374	0.506519
375	0.50695
376	0.506831
377	0.506791
378	0.507216
379	0.507424
380	0.507706
381	0.507384
382	0.507373
383	0.507676
384	0.507704
385	0.507606
386	0.507516
387	0.507556
388	0.507423
389	0.508228
390	0.508311
391	0.508154
392	0.508298
393	0.508329
394	0.508193
395	0.507792
396	0.507854
397	0.507941
398	0.508468
399	0.508191
400	0.508052
401	0.508142
402	0.508308
403	0.508165
404	0.508134
405	0.508096
406	0.507772
407	0.507955
408	0.508215
409	0.508431
410	0.508411
411	0.508725
412	0.508544
413	0.508931
414	0.509205
415	0.509123
416	0.508891
417	0.508804
418	0.509105
419	0.509063
420	0.509231
421	0.509045
422	0.509299
423	0.509286
424	0.509235
425	0.509184
426	0.509193
427	0.508849
428	0.508474
429	0.508433
430	0.5086
431	0.508254
432	0.5081
433	0.508095
434	0.507826
435	0.507591
436	0.507474
437	0.507608
438	0.507583
439	0.507411
440	0.507073
441	0.507455
442	0.50735
443	0.507212
444	0.507446
445	0.507307
446	0.507384
447	0.507077
448	0.506883
449	0.506653
450	0.506434
451	0.50655
452	0.506387
453	0.506158
454	0.506387
455	0.506054
456	0.506078
457	0.505901
458	0.506438
459	0.506245
460	0.505907
461	0.506021
462	0.505907
463	0.505563
464	0.505397
465	0.505412
466	0.505404
467	0.505325
468	0.505851
469	0.505531
470	0.505653
471	0.505728
472	0.505312
473	0.505186
474	0.50538
475	0.505336
476	0.505176
477	0.505238
478	0.505308
479	0.504814
480	0.504573
481	0.504483
482	0.504778
483	0.504861
484	0.504608
485	0.50464
486	0.504599
487	0.504854
488	0.505089
489	0.505195
490	0.505349
491	0.505651
492	0.505297
493	0.505468
494	0.505316
495	0.505134
496	0.50494
497	0.504709
498	0.504549
499	0.504797
