0	15.8872
1	9.18483
2	7.58445
3	6.71751
4	7.02537
5	8.90784
6	8.2961
7	7.7651
8	7.6107
9	7.67079
10	7.44546
11	7.11273
12	6.87731
13	7.43287
14	7.59776
15	7.68649
16	7.70421
17	7.62026
18	7.62883
19	7.40035
20	7.54624
21	7.40336
22	7.37665
23	7.30404
24	7.15113
25	7.10949
26	7.40163
27	7.29744
28	7.40812
29	7.48121
30	7.63078
31	7.73714
32	7.65828
33	7.52788
34	7.41416
35	7.33988
36	7.21393
37	7.10595
38	7.25448
39	7.14591
40	7.12215
41	7.03189
42	6.97389
43	6.93792
44	7.02072
45	7.31724
46	7.34002
47	7.26681
48	7.24481
49	7.229
50	7.15185
51	7.11565
52	7.35328
53	7.29449
54	7.22068
55	7.2718
56	7.23656
57	7.1906
58	7.14301
59	7.10068
60	7.17485
61	7.12961
62	7.09696
63	7.06277
64	7.00773
65	7.14806
66	7.10292
67	7.07789
68	7.05629
69	6.98692
70	6.94003
71	7.00393
72	6.93862
73	6.95334
74	6.95293
75	6.91354
76	6.89643
77	7.01765
78	6.97718
79	6.96152
80	6.99256
81	7.01875
82	6.99932
83	7.00747
84	6.96809
85	6.92596
86	6.93879
87	6.91965
88	6.88587
89	6.84739
90	6.84209
91	6.83796
92	6.7938
93	6.77463
94	6.81757
95	6.77681
96	6.75357
97	6.73001
98	6.71436
99	6.75263
100	6.73099
101	6.74204
102	6.70645
103	6.70096
104	6.66618
105	6.63401
106	6.6298
107	6.64241
108	6.66578
109	6.62636
110	6.60903
111	6.60447
112	6.58405
113	6.56386
114	6.56819
115	6.59337
116	6.59285
117	6.61487
118	6.60238
119	6.57318
120	6.5903
121	6.56053
122	6.557
123	6.57115
124	6.56195
125	6.55207
126	6.52297
127	6.49545
128	6.49091
129	6.46477
130	6.50328
131	6.48381
132	6.51038
133	6.4933
134	6.49839
135	6.48818
136	6.47352
137	6.45115
138	6.44434
139	6.44293
140	6.41818
141	6.40532
142	6.38894
143	6.39474
144	6.37568
145	6.36952
146	6.35992
147	6.35536
148	6.35507
149	6.3422
150	6.32689
151	6.31692
152	6.29451
153	6.28003
154	6.26127
155	6.2684
156	6.24428
157	6.25148
158	6.2478
159	6.23446
160	6.22737
161	6.21351
162	6.2236
163	6.22991
164	6.23473
165	6.22254
166	6.22205
167	6.19772
168	6.18919
169	6.20078
170	6.2053
171	6.19127
172	6.17605
173	6.20069
174	6.21858
175	6.20079
176	6.18535
177	6.16582
178	6.17261
179	6.17223
180	6.21137
181	6.29194
182	6.2959
183	6.2777
184	6.26266
185	6.30847
186	6.29377
187	6.29561
188	6.28074
189	6.27232
190	6.27526
191	6.25357
192	6.25448
193	6.25428
194	6.23479
195	6.22066
196	6.20709
197	6.27168
198	6.27527
199	6.30874
200	6.33699
201	6.37187
202	6.38578
203	6.39152
204	6.37623
205	6.36454
206	6.36361
207	6.38358
208	6.37864
209	6.40575
210	6.40205
211	6.4026
212	6.48492
213	6.47104
214	6.46519
215	6.47199
216	6.47763
217	6.46722
218	6.47501
219	6.47662
220	6.46209
221	6.4563
222	6.4392
223	6.43286
224	6.44881
225	6.43661
226	6.44189
227	6.42388
228	6.44841
229	6.43596
230	6.48458
231	6.49575
232	6.48256
233	6.48246
234	6.47161
235	6.46762
236	6.48386
237	6.499
238	6.52098
239	6.50635
240	6.5121
241	6.50552
242	6.4951
243	6.48647
244	6.47243
245	6.46981
246	6.49549
247	6.5571
248	6.55769
249	6.55674
250	6.55078
251	6.54652
252	6.57171
253	6.56188
254	6.60361
255	6.65209
256	6.65993
257	6.64718
258	6.64964
259	6.6717
260	6.65924
261	6.67333
262	6.663
263	6.67126
264	6.65811
265	6.68732
266	6.68618
267	6.67574
268	6.66309
269	6.66493
270	6.6671
271	6.66256
272	6.65092
273	6.64237
274	6.63964
275	6.62907
276	6.62682
277	6.61986
278	6.60552
279	6.60712
280	6.59132
281	6.59548
282	6.58929
283	6.58861
284	6.57786
285	6.59432
286	6.58083
287	6.60655
288	6.61062
289	6.61507
290	6.61135
291	6.61092
292	6.59986
293	6.60076
294	6.59529
295	6.58952
296	6.57979
297	6.58619
298	6.58223
299	6.57496
300	6.57824
301	6.57041
302	6.57171
303	6.56162
304	6.55694
305	6.5476
306	6.58085
307	6.57514
308	6.58329
309	6.61254
310	6.61143
311	6.60749
312	6.60219
313	6.60304
314	6.60046
315	6.58949
316	6.58842
317	6.57484
318	6.61709
319	6.60766
320	6.6098
321	6.59935
322	6.60002
323	6.6071
324	6.59742
325	6.58968
326	6.57948
327	6.57368
328	6.57178
329	6.56694
330	6.55751
331	6.58646
332	6.58371
333	6.57278
334	6.55999
335	6.54883
336	6.55643
337	6.55432
338	6.55789
339	6.55646
340	6.54352
341	6.56496
342	6.56103
343	6.54941
344	6.54797
345	6.55193
346	6.55263
347	6.54632
348	6.53918
349	6.54622
350	6.54716
351	6.54798
352	6.54943
353	6.54255
354	6.53486
355	6.53406
356	6.55051
357	6.56261
358	6.56694
359	6.59198
360	6.58582
361	6.57793
362	6.57431
363	6.58848
364	6.61351
365	6.60498
366	6.59591
367	6.59532
368	6.58549
369	6.587
370	6.57799
371	6.57144
372	6.56756
373	6.5673
374	6.56328
375	6.57261
376	6.56191
377	6.55479
378	6.58111
379	6.59078
380	6.61486
381	6.60689
382	6.59916
383	6.59592
384	6.59669
385	6.59447
386	6.59009
387	6.59426
388	6.59217
389	6.63951
390	6.64188
391	6.63435
392	6.65015
393	6.64709
394	6.64716
395	6.63676
396	6.64872
397	6.65812
398	6.67876
399	6.67218
400	6.66739
401	6.67573
402	6.67675
403	6.67001
404	6.66295
405	6.66597
406	6.65634
407	6.66089
408	6.66424
409	6.66419
410	6.6657
411	6.67388
412	6.66567
413	6.67382
414	6.67498
415	6.67256
416	6.67481
417	6.67355
418	6.69138
419	6.68496
420	6.68272
421	6.67773
422	6.67612
423	6.67877
424	6.67661
425	6.68172
426	6.68055
427	6.67442
428	6.66513
429	6.6611
430	6.66422
431	6.65616
432	6.6495
433	6.64681
434	6.63855
435	6.6369
436	6.62991
437	6.6342
438	6.63203
439	6.6295
440	6.62146
441	6.63171
442	6.62599
443	6.6261
444	6.63543
445	6.63104
446	6.63115
447	6.62275
448	6.6179
449	6.61185
450	6.60542
451	6.60625
452	6.6025
453	6.59695
454	6.60147
455	6.59378
456	6.59221
457	6.58619
458	6.60568
459	6.59743
460	6.58982
461	6.58797
462	6.58222
463	6.57417
464	6.56775
465	6.56302
466	6.57524
467	6.57018
468	6.594
469	6.58575
470	6.58878
471	6.58765
472	6.57847
473	6.57494
474	6.57438
475	6.57172
476	6.5689
477	6.56883
478	6.56849
479	6.55908
480	6.55135
481	6.54746
482	6.56189
483	6.55572
484	6.54763
485	6.5459
486	6.54395
487	6.55243
488	6.57076
489	6.57631
490	6.57331
491	6.58596
492	6.58055
493	6.57708
494	6.57287
495	6.56537
496	6.55913
497	6.55176
498	6.54386
499	6.54398
