0	10.7758
1	12.2826
2	25.2811
3	21.8346
4	20.7187
5	20.42
6	19.342
7	19.338
8	18.1432
9	18.0475
10	17.5012
11	18.4197
12	20.0539
13	19.7158
14	26.3762
15	27.4362
16	26.7325
17	25.8479
18	25.307
19	25.557
20	25.6883
21	25.7791
22	25.5803
23	25.1187
24	25.0041
25	24.6773
26	24.3998
27	23.8625
28	24.1171
29	23.6246
30	23.2185
31	23.0589
32	23.1849
33	22.7976
34	22.5728
35	22.2952
36	23.049
37	23.4918
38	23.3082
39	23.0028
40	22.6623
41	22.6318
42	23.459
43	23.1857
44	23.2547
45	23.1769
46	23.5039
47	23.3003
48	23.318
49	23.0116
50	22.7401
51	22.6748
52	24.4864
53	25.177
54	25.1849
55	25.6404
56	25.7395
57	25.4492
58	25.2069
59	24.9013
60	24.6157
61	24.5459
62	24.9743
63	25.6092
64	25.7093
65	25.6972
66	25.5188
67	25.8759
68	25.7972
69	25.8181
70	25.7669
71	25.6554
72	25.4308
73	25.3184
74	25.0908
75	25.4742
76	25.2615
77	25.1587
78	24.986
79	24.7879
80	24.8959
81	25.0489
82	25.2037
83	24.988
84	25.0388
85	24.874
86	24.7867
87	24.8135
88	24.6543
89	24.5113
90	24.8407
91	24.8233
92	24.6626
93	24.6659
94	24.4956
95	24.4171
96	24.6141
97	24.4865
98	24.5628
99	24.4143
100	24.3363
101	24.4006
102	24.2922
103	24.369
104	24.2725
105	24.1686
106	24.0434
107	24.3252
108	24.562
109	24.6771
110	24.5543
111	24.4378
112	24.3238
113	24.2149
114	24.5305
115	24.427
116	24.4549
117	24.562
118	24.5827
119	24.6061
120	24.5764
121	24.4924
122	24.3688
123	24.2506
124	24.1319
125	24.0054
126	23.8963
127	23.8488
128	24.0578
129	24.4915
130	24.4251
131	24.3254
132	24.627
133	24.8528
134	24.7701
135	24.6753
136	24.5527
137	24.5963
138	24.5105
139	24.4248
140	24.358
141	24.2758
142	24.3412
143	24.2328
144	24.2283
145	24.4895
146	24.6087
147	24.5645
148	24.5253
149	24.4305
150	24.3432
151	24.2905
152	24.2473
153	24.1562
154	24.0549
155	23.9952
156	24.0823
157	24.5834
158	25.1659
159	25.3204
160	25.3085
161	25.2211
162	25.1753
163	25.0753
164	25.0919
165	25.0684
166	24.9804
167	24.9586
168	24.9494
169	24.9011
170	24.8354
171	24.9077
172	24.8864
173	24.8515
174	24.869
175	24.9091
176	24.8731
177	24.9733
178	24.9654
179	25.1878
180	25.4464
181	25.6314
182	25.573
183	25.625
184	25.5346
185	25.5455
186	25.495
187	25.4138
188	25.364
189	25.3344
190	25.3111
191	25.2165
192	25.14
193	25.0454
194	25.0481
195	25.2783
196	25.3393
197	25.3274
198	25.271
199	25.4276
200	25.4627
201	25.3994
202	25.4134
203	25.3427
204	25.2744
205	25.3042
206	25.3649
207	25.3745
208	25.4783
209	25.4327
210	25.6576
211	25.6546
212	25.627
213	25.6046
214	25.5907
215	25.5789
216	25.5282
217	25.4748
218	25.8921
219	26.2379
220	26.1882
221	26.1744
222	26.1321
223	26.1058
224	26.0981
225	26.0889
226	26.039
227	25.9662
228	25.889
229	25.8123
230	25.7492
231	25.7223
232	25.6711
233	25.6083
234	25.565
235	25.516
236	25.5402
237	25.4571
238	25.4246
239	25.383
240	25.3297
241	25.3553
242	25.3244
243	25.323
244	25.3426
245	25.3183
246	25.3439
247	25.3784
248	25.5852
249	25.5205
250	25.4831
251	25.4487
252	25.3941
253	25.3535
254	25.2924
255	25.3251
256	25.3108
257	25.3307
258	25.2603
259	25.3108
260	25.3805
261	25.33
262	25.3211
263	25.2854
264	25.2335
265	25.1756
266	25.1652
267	25.2346
268	25.1913
269	25.1419
270	25.1038
271	25.0703
272	25.0355
273	24.9914
274	24.9207
275	24.872
276	24.9106
277	25.0384
278	25.1596
279	25.1217
280	25.1229
281	25.0684
282	25.0155
283	24.9521
284	24.8994
285	24.8768
286	24.8318
287	24.8223
288	24.8515
289	24.8237
290	24.7808
291	24.7364
292	24.7751
293	24.7665
294	24.8551
295	24.8327
296	24.7723
297	24.8983
298	24.8756
299	24.8152
300	24.7916
301	24.784
302	24.7679
303	24.7176
304	24.74
305	24.738
306	24.6999
307	24.6787
308	24.7253
309	24.7298
310	24.8186
311	24.8044
312	24.7887
313	24.7787
314	24.7711
315	24.7311
316	24.676
317	24.6348
318	24.618
319	24.5914
320	24.5572
321	24.5202
322	24.4896
323	24.5672
324	24.5191
325	24.4636
326	24.4445
327	24.4427
328	24.479
329	24.4556
330	24.4517
331	24.4334
332	24.4576
333	24.4706
334	24.426
335	24.3908
336	24.4012
337	24.4026
338	24.399
339	24.3744
340	24.3412
341	24.3069
342	24.3171
343	24.3176
344	24.2899
345	24.2602
346	24.2302
347	24.2923
348	24.2518
349	24.235
350	24.3006
351	24.3246
352	24.2886
353	24.3173
354	24.3076
355	24.2852
356	24.2639
357	24.2525
358	24.2656
359	24.2473
360	24.2634
361	24.24
362	24.2208
363	24.1816
364	24.2784
365	24.3861
366	24.4303
367	24.4259
368	24.3976
369	24.3559
370	24.3351
371	24.3294
372	24.3007
373	24.3488
374	24.363
375	24.3312
376	24.302
377	24.2693
378	24.2482
379	24.5227
380	24.7452
381	24.8585
382	24.8166
383	24.7831
384	24.7609
385	24.7897
386	24.7686
387	24.8087
388	24.8658
389	24.9416
390	24.9098
391	24.9509
392	25.2054
393	25.5968
394	25.6753
395	25.6429
396	25.6483
397	25.6073
398	25.6994
399	25.661
400	25.6817
401	25.6582
402	25.6785
403	25.7119
404	25.701
405	25.6815
406	25.6402
407	25.6226
408	25.629
409	25.6116
410	25.5694
411	25.5288
412	25.4984
413	25.4741
414	25.4337
415	25.4059
416	25.3888
417	25.3753
418	25.3663
419	25.3869
420	25.463
421	25.4219
422	25.3909
423	25.3756
424	25.3384
425	25.34
426	25.3032
427	25.2692
428	25.2679
429	25.2694
430	25.241
431	25.2306
432	25.1975
433	25.1816
434	25.2009
435	25.2409
436	25.2795
437	25.3182
438	25.3119
439	25.3071
440	25.2828
441	25.2473
442	25.2214
443	25.2167
444	25.1877
445	25.1695
446	25.2131
447	25.1992
448	25.1749
449	25.1526
450	25.1292
451	25.0863
452	25.0534
453	25.0209
454	25.0378
455	25.012
456	25.0042
457	24.9903
458	24.9787
459	24.9479
460	24.9626
461	25.1212
462	25.1283
463	25.2392
464	25.4062
465	25.4805
466	25.4713
467	25.4755
468	25.4417
469	25.409
470	25.3799
471	25.3695
472	25.3608
473	25.4407
474	25.5488
475	25.5624
476	25.5915
477	25.5719
478	25.6147
479	25.7435
480	25.8114
481	25.8032
482	25.8106
483	25.7861
484	25.7688
485	25.7366
486	25.7229
487	25.7084
488	25.7133
489	25.6858
490	25.6445
491	25.6316
492	25.6044
493	25.5768
494	25.5426
495	25.5319
496	25.5462
497	25.533
498	25.5517
499	25.5605
500	25.5588
501	25.5515
502	25.5468
503	25.6174
504	25.6109
505	25.666
506	25.6457
507	25.611
508	25.6093
509	25.6123
510	25.6181
511	25.5862
512	25.5603
513	25.5359
514	25.5063
515	25.4897
516	25.4563
517	25.5467
518	25.6019
519	25.5908
520	25.6521
521	25.6277
522	25.6283
523	25.652
524	25.6392
525	25.6049
526	25.6354
527	25.6565
528	25.6334
529	25.6518
530	25.6262
531	25.5926
532	25.5784
533	25.5612
534	25.5484
535	25.5262
536	25.5313
537	25.5251
538	25.5044
539	25.5216
540	25.494
541	25.5038
542	25.4757
543	25.4873
544	25.4947
545	25.4927
546	25.4671
547	25.4534
548	25.4313
549	25.4737
550	25.48
551	25.4898
552	25.4821
553	25.4684
554	25.4553
555	25.466
556	25.4454
557	25.4188
558	25.3884
559	25.3762
560	25.3422
561	25.3507
562	25.3776
563	25.4947
564	25.5626
565	25.5451
566	25.5312
567	25.5128
568	25.5309
569	25.5071
570	25.4792
571	25.4964
572	25.5126
573	25.4834
574	25.4787
575	25.5276
576	25.5006
577	25.4908
578	25.4885
579	25.4657
580	25.4437
581	25.422
582	25.4128
583	25.5358
584	25.5945
585	25.5708
586	25.5552
587	25.5295
588	25.5033
589	25.4887
590	25.4847
591	25.4956
592	25.5396
593	25.5323
594	25.5632
595	25.5634
596	25.5935
597	25.5818
598	25.5788
599	25.5745
600	25.6001
601	25.5927
602	25.6391
603	25.6685
604	25.6511
605	25.6297
606	25.6071
607	25.5821
608	25.5583
609	25.5329
610	25.5382
611	25.5574
612	25.5365
613	25.5428
614	25.5618
615	25.5424
616	25.5125
617	25.4834
618	25.5903
619	25.6916
620	25.6872
621	25.6816
622	25.6727
623	25.6862
624	25.689
625	25.6699
626	25.7217
627	25.7534
628	25.7332
629	25.7237
630	25.7173
631	25.691
632	25.6694
633	25.643
634	25.6226
635	25.6011
636	25.5759
637	25.5498
638	25.5311
639	25.518
640	25.4998
641	25.4707
642	25.4706
643	25.4918
644	25.474
645	25.4528
646	25.4917
647	25.524
648	25.5169
649	25.5152
650	25.4896
651	25.4636
652	25.492
653	25.5893
654	25.6112
655	25.6078
656	25.5883
657	25.5941
658	25.5832
659	25.573
660	25.567
661	25.5886
662	25.6167
663	25.6249
664	25.6049
665	25.6058
666	25.5811
667	25.5923
668	25.5977
669	25.5799
670	25.5811
671	25.6633
672	25.6662
673	25.6364
674	25.629
675	25.6115
676	25.6356
677	25.674
678	25.6678
679	25.6588
680	25.6552
681	25.6604
682	25.7211
683	25.7188
684	25.7084
685	25.6973
686	25.6811
687	25.6524
688	25.6252
689	25.6136
690	25.5975
691	25.5678
692	25.573
693	25.5737
694	25.5701
695	25.6127
696	25.5962
697	25.5923
698	25.5922
699	25.5798
700	25.5687
701	25.5467
702	25.5273
703	25.5136
704	25.5361
705	25.5369
706	25.522
707	25.4999
708	25.4787
709	25.4519
710	25.436
711	25.4304
712	25.4696
713	25.4605
714	25.44
715	25.4397
716	25.4459
717	25.4331
718	25.4103
719	25.4147
720	25.4261
721	25.4679
722	25.5523
723	25.5578
724	25.5658
725	25.5809
726	25.5791
727	25.5901
728	25.579
729	25.5775
730	25.5652
731	25.5739
732	25.5596
733	25.5355
734	25.5661
735	25.6106
736	25.6034
737	25.5843
738	25.5874
739	25.5776
740	25.5523
741	25.5354
742	25.5111
743	25.5205
744	25.5245
745	25.4987
746	25.4873
747	25.5205
748	25.5195
749	25.5112
750	25.4918
751	25.474
752	25.4629
753	25.4486
754	25.4385
755	25.4275
756	25.4237
757	25.4386
758	25.5307
759	25.5653
760	25.5653
761	25.5413
762	25.526
763	25.5078
764	25.4882
765	25.4724
766	25.4573
767	25.4568
768	25.446
769	25.4312
770	25.4473
771	25.4348
772	25.4198
773	25.4478
774	25.4307
775	25.4212
776	25.4038
777	25.4868
778	25.4745
779	25.4625
780	25.4795
781	25.5423
782	25.5402
783	25.5605
784	25.5431
785	25.5374
786	25.515
787	25.5168
788	25.5152
789	25.4933
790	25.4915
791	25.4835
792	25.4759
793	25.4714
794	25.4694
795	25.4811
796	25.4977
797	25.4789
798	25.4614
799	25.4505
800	25.5522
801	25.6201
802	25.6127
803	25.5902
804	25.5836
805	25.5614
806	25.5582
807	25.5804
808	25.5838
809	25.5651
810	25.5528
811	25.5356
812	25.5202
813	25.5068
814	25.4907
815	25.4751
816	25.5003
817	25.5351
818	25.5472
819	25.5442
820	25.5359
821	25.5226
822	25.5034
823	25.492
824	25.5049
825	25.5504
826	25.5354
827	25.5285
828	25.6181
829	25.6161
830	25.6148
831	25.6194
832	25.6211
833	25.6223
834	25.604
835	25.5869
836	25.5661
837	25.5795
838	25.6011
839	25.6091
840	25.5899
841	25.583
842	25.5803
843	25.5623
844	25.5591
845	25.5795
846	25.5613
847	25.5926
848	25.5821
849	25.5715
850	25.5567
851	25.5432
852	25.5524
853	25.6081
854	25.5973
855	25.5777
856	25.5856
857	25.5791
858	25.5911
859	25.6101
860	25.5901
861	25.5807
862	25.5686
863	25.5566
864	25.534
865	25.5222
866	25.5267
867	25.5282
868	25.5238
869	25.508
870	25.5009
871	25.5118
872	25.4991
873	25.4846
874	25.4706
875	25.4812
876	25.4641
877	25.479
878	25.4974
879	25.4788
880	25.4626
881	25.5016
882	25.4946
883	25.4895
884	25.4735
885	25.4567
886	25.4438
887	25.424
888	25.4155
889	25.4225
890	25.4219
891	25.4405
892	25.4837
893	25.5143
894	25.4929
895	25.4869
896	25.4778
897	25.4578
898	25.4537
899	25.434
900	25.4184
901	25.4122
902	25.4034
903	25.3975
904	25.3977
905	25.4006
906	25.3998
907	25.3935
908	25.3764
909	25.3679
910	25.3561
911	25.3456
912	25.3355
913	25.3286
914	25.337
915	25.3244
916	25.3295
917	25.3439
918	25.3695
919	25.3584
920	25.3523
921	25.3435
922	25.3315
923	25.3245
924	25.3358
925	25.3243
926	25.3255
927	25.3184
928	25.3534
929	25.3711
930	25.3606
931	25.3458
932	25.3307
933	25.3246
934	25.3947
935	25.497
936	25.5374
937	25.5422
938	25.5578
939	25.5554
940	25.5528
941	25.5512
942	25.5436
943	25.5598
944	25.5605
945	25.5502
946	25.533
947	25.5132
948	25.5024
949	25.4863
950	25.4687
951	25.464
952	25.5096
953	25.5046
954	25.5013
955	25.5026
956	25.5041
957	25.4868
958	25.4684
959	25.4603
960	25.4438
961	25.4333
962	25.4303
963	25.4299
964	25.4961
965	25.5082
966	25.4989
967	25.4851
968	25.4925
969	25.5234
970	25.5094
971	25.5411
972	25.5378
973	25.5259
974	25.5059
975	25.4862
976	25.4686
977	25.4779
978	25.4591
979	25.4779
980	25.4644
981	25.4647
982	25.4643
983	25.5653
984	25.5963
985	25.6137
986	25.6465
987	25.6713
988	25.6596
989	25.6624
990	25.67
991	25.7324
992	25.7852
993	25.7927
994	25.7778
995	25.8447
996	25.9599
997	26.0018
998	25.9945
999	25.984
