0	0.574454
1	0.62932
2	0.842938
3	0.783917
4	0.799994
5	0.827373
6	0.811686
7	0.810099
8	0.775253
9	0.777089
10	0.76912
11	0.763338
12	0.787745
13	0.786158
14	0.798887
15	0.796691
16	0.802802
17	0.795484
18	0.788019
19	0.786721
20	0.806057
21	0.800697
22	0.823774
23	0.828881
24	0.826168
25	0.847433
26	0.841796
27	0.839609
28	0.838507
29	0.827012
30	0.820098
31	0.837541
32	0.84278
33	0.839998
34	0.8407
35	0.837284
36	0.839062
37	0.843063
38	0.836858
39	0.834086
40	0.826329
41	0.8212
42	0.82405
43	0.820065
44	0.818312
45	0.816617
46	0.822779
47	0.822885
48	0.833813
49	0.829332
50	0.829507
51	0.827274
52	0.847615
53	0.845081
54	0.843117
55	0.861368
56	0.860162
57	0.854525
58	0.849279
59	0.845661
60	0.845497
61	0.846594
62	0.848664
63	0.85133
64	0.852973
65	0.852856
66	0.863314
67	0.865053
68	0.8614
69	0.862474
70	0.86484
71	0.860203
72	0.859633
73	0.86087
74	0.857651
75	0.858171
76	0.858834
77	0.857222
78	0.855565
79	0.852404
80	0.858182
81	0.857478
82	0.857192
83	0.853452
84	0.854713
85	0.853059
86	0.85279
87	0.856553
88	0.854541
89	0.850697
90	0.849212
91	0.847409
92	0.843265
93	0.844158
94	0.8412
95	0.84459
96	0.8443
97	0.842556
98	0.846709
99	0.841899
100	0.844433
101	0.841421
102	0.841734
103	0.840043
104	0.838651
105	0.836707
106	0.833702
107	0.83466
108	0.838213
109	0.835957
110	0.833665
111	0.831498
112	0.829396
113	0.829274
114	0.828401
115	0.828291
116	0.828064
117	0.829362
118	0.832399
119	0.833621
120	0.834132
121	0.832542
122	0.830788
123	0.827984
124	0.827641
125	0.827407
126	0.826831
127	0.827333
128	0.827812
129	0.826826
130	0.828289
131	0.827587
132	0.826636
133	0.841676
134	0.839863
135	0.838787
136	0.837829
137	0.839067
138	0.838157
139	0.836621
140	0.837112
141	0.836634
142	0.834583
143	0.832953
144	0.832956
145	0.835477
146	0.834246
147	0.83476
148	0.833633
149	0.83127
150	0.829974
151	0.829643
152	0.829784
153	0.828519
154	0.828097
155	0.827445
156	0.828501
157	0.827594
158	0.82898
159	0.828899
160	0.830489
161	0.829108
162	0.82855
163	0.827021
164	0.824888
165	0.824333
166	0.822629
167	0.822449
168	0.821141
169	0.821588
170	0.821134
171	0.825061
172	0.824336
173	0.826936
174	0.827059
175	0.828621
176	0.82755
177	0.828706
178	0.82957
179	0.829852
180	0.830329
181	0.830858
182	0.832404
183	0.831231
184	0.829955
185	0.831665
186	0.832198
187	0.831771
188	0.832913
189	0.832087
190	0.832121
191	0.82998
192	0.829848
193	0.828596
194	0.829246
195	0.83109
196	0.830646
197	0.829671
198	0.832078
199	0.834201
200	0.835149
201	0.835077
202	0.836842
203	0.835574
204	0.838738
205	0.839458
206	0.839869
207	0.840771
208	0.842093
209	0.843415
210	0.843496
211	0.842344
212	0.841266
213	0.840981
214	0.840575
215	0.840527
216	0.839917
217	0.839964
218	0.843558
219	0.84306
220	0.842449
221	0.843612
222	0.843415
223	0.843409
224	0.844114
225	0.842852
226	0.842291
227	0.842554
228	0.842724
229	0.841799
230	0.840947
231	0.840026
232	0.839497
233	0.839198
234	0.839443
235	0.838377
236	0.839564
237	0.838311
238	0.838997
239	0.838052
240	0.837126
241	0.837249
242	0.838775
243	0.838726
244	0.838739
245	0.837597
246	0.837859
247	0.838172
248	0.838058
249	0.837741
250	0.837562
251	0.836739
252	0.836527
253	0.836199
254	0.835104
255	0.834213
256	0.836171
257	0.835187
258	0.833756
259	0.835615
260	0.835056
261	0.838077
262	0.838037
263	0.836844
264	0.837033
265	0.835957
266	0.835
267	0.833969
268	0.833524
269	0.83283
270	0.834278
271	0.834304
272	0.834955
273	0.834559
274	0.83337
275	0.832969
276	0.834175
277	0.834765
278	0.836533
279	0.835972
280	0.835257
281	0.83446
282	0.833645
283	0.832594
284	0.831548
285	0.83169
286	0.83192
287	0.83219
288	0.831345
289	0.83117
290	0.830938
291	0.831142
292	0.833078
293	0.833036
294	0.834731
295	0.834882
296	0.833654
297	0.833764
298	0.83352
299	0.832594
300	0.83317
301	0.833784
302	0.833341
303	0.832902
304	0.834123
305	0.835332
306	0.836301
307	0.835735
308	0.837242
309	0.836895
310	0.839221
311	0.839538
312	0.838953
313	0.838762
314	0.838742
315	0.837978
316	0.837409
317	0.837417
318	0.837104
319	0.83668
320	0.836068
321	0.835441
322	0.835299
323	0.834732
324	0.834275
325	0.833642
326	0.832562
327	0.832216
328	0.83213
329	0.831847
330	0.831566
331	0.831389
332	0.831109
333	0.830719
334	0.830543
335	0.830067
336	0.830429
337	0.83077
338	0.831465
339	0.831423
340	0.830359
341	0.831581
342	0.831998
343	0.833082
344	0.832672
345	0.833207
346	0.832589
347	0.832242
348	0.831857
349	0.832224
350	0.833989
351	0.834578
352	0.834441
353	0.834533
354	0.835408
355	0.834791
356	0.834989
357	0.836126
358	0.836241
359	0.836137
360	0.836103
361	0.835542
362	0.83584
363	0.835679
364	0.836446
365	0.836071
366	0.835711
367	0.835244
368	0.835025
369	0.834245
370	0.833791
371	0.833857
372	0.833721
373	0.833605
374	0.832771
375	0.832063
376	0.832095
377	0.83116
378	0.831099
379	0.834648
380	0.834901
381	0.835183
382	0.834653
383	0.833996
384	0.833561
385	0.833925
386	0.834012
387	0.83551
388	0.835919
389	0.836546
390	0.836343
391	0.836276
392	0.836721
393	0.837345
394	0.836347
395	0.836587
396	0.836691
397	0.83645
398	0.840212
399	0.839814
400	0.839969
401	0.839545
402	0.839592
403	0.841485
404	0.841118
405	0.840617
406	0.840653
407	0.840112
408	0.840066
409	0.840371
410	0.839704
411	0.838788
412	0.838235
413	0.838014
414	0.837727
415	0.837582
416	0.836885
417	0.837352
418	0.836816
419	0.838682
420	0.838924
421	0.839319
422	0.839525
423	0.838988
424	0.838714
425	0.838481
426	0.837729
427	0.838329
428	0.839105
429	0.839799
430	0.840115
431	0.839302
432	0.839094
433	0.839364
434	0.84008
435	0.84065
436	0.840001
437	0.839638
438	0.839025
439	0.838568
440	0.838955
441	0.838881
442	0.838567
443	0.839259
444	0.838815
445	0.838223
446	0.838498
447	0.84022
448	0.839789
449	0.839389
450	0.839276
451	0.838776
452	0.838129
453	0.837603
454	0.837539
455	0.838162
456	0.839106
457	0.83839
458	0.838463
459	0.838644
460	0.838615
461	0.838765
462	0.839038
463	0.83935
464	0.839588
465	0.839642
466	0.839417
467	0.838856
468	0.83867
469	0.837877
470	0.837484
471	0.837462
472	0.837296
473	0.837624
474	0.837781
475	0.839061
476	0.840752
477	0.840148
478	0.841197
479	0.841465
480	0.841023
481	0.840797
482	0.840397
483	0.840681
484	0.840988
485	0.840398
486	0.840024
487	0.840389
488	0.84015
489	0.839402
490	0.838481
491	0.83871
492	0.838229
493	0.83784
494	0.837085
495	0.837677
496	0.839097
497	0.83909
498	0.8402
499	0.840016
500	0.840361
501	0.840653
502	0.8411
503	0.841991
504	0.842442
505	0.842598
506	0.842325
507	0.841591
508	0.841816
509	0.841728
510	0.842009
511	0.841257
512	0.841012
513	0.840956
514	0.840497
515	0.840546
516	0.840615
517	0.840627
518	0.840279
519	0.840004
520	0.840581
521	0.840483
522	0.841302
523	0.840907
524	0.841337
525	0.8412
526	0.841315
527	0.841563
528	0.84156
529	0.841995
530	0.841409
531	0.841151
532	0.840937
533	0.84116
534	0.840714
535	0.840538
536	0.840389
537	0.840388
538	0.840211
539	0.84007
540	0.839696
541	0.840012
542	0.840373
543	0.840868
544	0.840355
545	0.840794
546	0.840816
547	0.84064
548	0.840562
549	0.841017
550	0.84086
551	0.841124
552	0.841375
553	0.841199
554	0.841114
555	0.840693
556	0.840863
557	0.840194
558	0.839702
559	0.839589
560	0.83939
561	0.839728
562	0.839959
563	0.842005
564	0.842389
565	0.842507
566	0.842129
567	0.84207
568	0.84235
569	0.842504
570	0.842665
571	0.842735
572	0.843171
573	0.842866
574	0.843174
575	0.843159
576	0.842922
577	0.843775
578	0.843432
579	0.842773
580	0.842994
581	0.842685
582	0.842439
583	0.842424
584	0.842339
585	0.842062
586	0.841683
587	0.841165
588	0.840486
589	0.840129
590	0.840671
591	0.840442
592	0.841096
593	0.841398
594	0.841503
595	0.841493
596	0.841649
597	0.841843
598	0.841861
599	0.84149
600	0.841496
601	0.841404
602	0.841387
603	0.841422
604	0.842062
605	0.841824
606	0.84158
607	0.841263
608	0.841057
609	0.840557
610	0.840557
611	0.840596
612	0.840137
613	0.840929
614	0.841173
615	0.841089
616	0.840914
617	0.840927
618	0.84131
619	0.841082
620	0.841102
621	0.84115
622	0.840596
623	0.840913
624	0.840937
625	0.840782
626	0.840858
627	0.841292
628	0.8413
629	0.840828
630	0.842063
631	0.841904
632	0.841211
633	0.840937
634	0.841393
635	0.841101
636	0.841627
637	0.841055
638	0.8407
639	0.841005
640	0.84099
641	0.840556
642	0.840685
643	0.841175
644	0.840929
645	0.840752
646	0.841395
647	0.841037
648	0.84111
649	0.841421
650	0.841116
651	0.840749
652	0.841213
653	0.841361
654	0.842151
655	0.841948
656	0.841848
657	0.841922
658	0.842362
659	0.842105
660	0.841766
661	0.841983
662	0.841839
663	0.841624
664	0.841734
665	0.842128
666	0.841844
667	0.842515
668	0.842188
669	0.842232
670	0.841975
671	0.842609
672	0.842501
673	0.841988
674	0.842077
675	0.842432
676	0.84261
677	0.842626
678	0.843265
679	0.842834
680	0.843384
681	0.844192
682	0.843862
683	0.844502
684	0.845668
685	0.845539
686	0.845306
687	0.844974
688	0.844477
689	0.844366
690	0.844295
691	0.843836
692	0.843993
693	0.843895
694	0.843854
695	0.843646
696	0.843821
697	0.843711
698	0.843417
699	0.843614
700	0.844217
701	0.843908
702	0.843584
703	0.844017
704	0.843552
705	0.843514
706	0.8438
707	0.84338
708	0.842995
709	0.842481
710	0.842027
711	0.842708
712	0.842547
713	0.842481
714	0.842507
715	0.84251
716	0.842162
717	0.842457
718	0.842041
719	0.842153
720	0.842346
721	0.842624
722	0.84289
723	0.842831
724	0.84293
725	0.842665
726	0.842442
727	0.843155
728	0.842839
729	0.843003
730	0.843153
731	0.843203
732	0.843118
733	0.843018
734	0.843238
735	0.843735
736	0.843461
737	0.843094
738	0.843123
739	0.843363
740	0.84295
741	0.843
742	0.842547
743	0.843177
744	0.842917
745	0.842387
746	0.842033
747	0.842164
748	0.842489
749	0.84233
750	0.84232
751	0.841945
752	0.842237
753	0.842016
754	0.841533
755	0.841462
756	0.841288
757	0.841711
758	0.842045
759	0.841862
760	0.842009
761	0.841519
762	0.841422
763	0.841599
764	0.841464
765	0.840857
766	0.841482
767	0.841692
768	0.841531
769	0.841266
770	0.841158
771	0.8408
772	0.840705
773	0.840506
774	0.840175
775	0.840049
776	0.840062
777	0.839936
778	0.839767
779	0.84001
780	0.839908
781	0.839969
782	0.839909
783	0.840052
784	0.840059
785	0.840077
786	0.839999
787	0.84047
788	0.840671
789	0.840752
790	0.841338
791	0.841124
792	0.841022
793	0.840786
794	0.841013
795	0.840872
796	0.841312
797	0.840936
798	0.840823
799	0.841184
800	0.841504
801	0.841207
802	0.841196
803	0.841073
804	0.840897
805	0.840576
806	0.840803
807	0.840999
808	0.841097
809	0.840933
810	0.840727
811	0.840706
812	0.840467
813	0.840139
814	0.840166
815	0.840064
816	0.840002
817	0.840036
818	0.840526
819	0.840777
820	0.84067
821	0.840476
822	0.841084
823	0.840641
824	0.840956
825	0.841281
826	0.840927
827	0.840818
828	0.84083
829	0.840743
830	0.840576
831	0.840653
832	0.840451
833	0.840347
834	0.840122
835	0.839855
836	0.839406
837	0.839272
838	0.839259
839	0.839228
840	0.839122
841	0.83935
842	0.839059
843	0.838815
844	0.839115
845	0.838882
846	0.838747
847	0.838971
848	0.838828
849	0.838492
850	0.838447
851	0.838145
852	0.838804
853	0.83884
854	0.838608
855	0.838381
856	0.83812
857	0.838055
858	0.83818
859	0.838622
860	0.838511
861	0.83873
862	0.838767
863	0.839826
864	0.839506
865	0.839292
866	0.838986
867	0.839081
868	0.838728
869	0.838662
870	0.838469
871	0.838456
872	0.838235
873	0.838108
874	0.838168
875	0.838384
876	0.838245
877	0.838481
878	0.838583
879	0.838226
880	0.837796
881	0.837774
882	0.837599
883	0.837429
884	0.837344
885	0.837116
886	0.83685
887	0.836771
888	0.836523
889	0.836749
890	0.836589
891	0.836362
892	0.836067
893	0.835895
894	0.83545
895	0.835332
896	0.835725
897	0.835462
898	0.835734
899	0.835501
900	0.835377
901	0.835053
902	0.834862
903	0.835
904	0.834797
905	0.834921
906	0.834773
907	0.834687
908	0.834463
909	0.834191
910	0.834173
911	0.833908
912	0.833778
913	0.833439
914	0.833732
915	0.833627
916	0.833571
917	0.833804
918	0.833935
919	0.83394
920	0.833949
921	0.83389
922	0.833594
923	0.833619
924	0.833762
925	0.83332
926	0.833749
927	0.833504
928	0.833184
929	0.83346
930	0.833573
931	0.833454
932	0.833212
933	0.83312
934	0.833141
935	0.833133
936	0.832799
937	0.833143
938	0.833262
939	0.833434
940	0.833352
941	0.833081
942	0.83282
943	0.832682
944	0.832613
945	0.832333
946	0.831952
947	0.83164
948	0.831913
949	0.83172
950	0.831491
951	0.831398
952	0.831601
953	0.83136
954	0.831469
955	0.832034
956	0.831682
957	0.831455
958	0.831273
959	0.831445
960	0.831343
961	0.831135
962	0.831053
963	0.831285
964	0.831203
965	0.831209
966	0.830906
967	0.830623
968	0.830845
969	0.83101
970	0.830931
971	0.83102
972	0.830878
973	0.830673
974	0.830232
975	0.830059
976	0.829863
977	0.829783
978	0.829631
979	0.829674
980	0.829659
981	0.829555
982	0.82947
983	0.829897
984	0.83004
985	0.829897
986	0.830087
987	0.831008
988	0.830768
989	0.830588
990	0.830628
991	0.830609
992	0.830893
993	0.830603
994	0.830454
995	0.830546
996	0.830773
997	0.830658
998	0.830838
999	0.830816
