0	1.50816
1	1.40688
2	1.3011
3	1.1494
4	1.10949
5	1.14303
6	1.12441
7	1.13838
8	1.13322
9	1.13194
10	1.11977
11	1.12522
12	1.10853
13	1.11093
14	1.21816
15	1.2974
16	1.33191
17	1.31999
18	1.37693
19	1.40879
20	1.38693
21	1.43285
22	1.40367
23	1.38802
24	1.39319
25	1.36227
26	1.34038
27	1.32986
28	1.29956
29	1.27367
30	1.24866
31	1.2372
32	1.24509
33	1.22941
34	1.22901
35	1.21256
36	1.19794
37	1.17811
38	1.15862
39	1.14449
40	1.2066
41	1.19297
42	1.18904
43	1.17526
44	1.16625
45	1.17925
46	1.16617
47	1.16525
48	1.18365
49	1.1772
50	1.21842
51	1.21365
52	1.19987
53	1.18917
54	1.18924
55	1.1825
56	1.17634
57	1.16705
58	1.16256
59	1.16571
60	1.1542
61	1.15331
62	1.15024
63	1.14437
64	1.13635
65	1.14601
66	1.13773
67	1.12667
68	1.11874
69	1.11674
70	1.11156
71	1.10577
72	1.11435
73	1.10897
74	1.10838
75	1.09968
76	1.09032
77	1.0828
78	1.09002
79	1.09232
80	1.10181
81	1.09502
82	1.1381
83	1.13609
84	1.13054
85	1.12551
86	1.13881
87	1.13078
88	1.12645
89	1.12437
90	1.11754
91	1.11521
92	1.1102
93	1.10306
94	1.11525
95	1.11093
96	1.10889
97	1.1086
98	1.10479
99	1.10583
100	1.10117
101	1.0969
102	1.1179
103	1.12239
104	1.1284
105	1.1276
106	1.1412
107	1.1344
108	1.13312
109	1.13351
110	1.13063
111	1.12816
112	1.12272
113	1.12184
114	1.12075
115	1.1227
116	1.12134
117	1.11894
118	1.11616
119	1.1111
120	1.10828
121	1.11126
122	1.13133
123	1.12538
124	1.13302
125	1.13688
126	1.13458
127	1.13078
128	1.13056
129	1.12721
130	1.12305
131	1.1193
132	1.12248
133	1.1206
134	1.11694
135	1.11317
136	1.11199
137	1.11499
138	1.11588
139	1.11642
140	1.11253
141	1.1111
142	1.11226
143	1.10913
144	1.10615
145	1.10891
146	1.10846
147	1.10501
148	1.10516
149	1.10123
150	1.09731
151	1.09483
152	1.09883
153	1.09508
154	1.09038
155	1.09345
156	1.09048
157	1.08665
158	1.08403
159	1.08402
160	1.0823
161	1.07918
162	1.07578
163	1.07383
164	1.0772
165	1.07722
166	1.07492
167	1.07376
168	1.07327
169	1.07667
170	1.07432
171	1.0759
172	1.08287
173	1.08138
174	1.08035
175	1.0813
176	1.07859
177	1.07789
178	1.07657
179	1.07886
180	1.10143
181	1.09969
182	1.09752
183	1.0957
184	1.09695
185	1.0968
186	1.09667
187	1.09836
188	1.0981
189	1.1018
190	1.10057
191	1.10133
192	1.10258
193	1.10536
194	1.10233
195	1.10268
196	1.10163
197	1.10196
198	1.10694
199	1.10646
200	1.10853
201	1.1073
202	1.10353
203	1.10248
204	1.09988
205	1.10347
206	1.1006
207	1.10162
208	1.10206
209	1.10289
210	1.10211
211	1.09959
212	1.10075
213	1.10061
214	1.10154
215	1.1026
216	1.10048
217	1.09755
218	1.09494
219	1.09242
220	1.09187
221	1.09606
222	1.09477
223	1.09156
224	1.09001
225	1.09191
226	1.08887
227	1.0921
228	1.09103
229	1.08963
230	1.09594
231	1.09371
232	1.09424
233	1.09382
234	1.097
235	1.09694
236	1.09679
237	1.09726
238	1.0977
239	1.09498
240	1.09676
241	1.09485
242	1.09299
243	1.09137
244	1.08834
245	1.08604
246	1.08415
247	1.0836
248	1.08495
249	1.0868
250	1.0845
251	1.0835
252	1.08501
253	1.08471
254	1.08589
255	1.0852
256	1.08264
257	1.08035
258	1.08088
259	1.08022
260	1.07873
261	1.07948
262	1.07932
263	1.07925
264	1.08037
265	1.07837
266	1.07966
267	1.07766
268	1.07851
269	1.07747
270	1.07679
271	1.07615
272	1.07494
273	1.07378
274	1.07352
275	1.07395
276	1.07421
277	1.07229
278	1.07048
279	1.07052
280	1.07383
281	1.07315
282	1.0725
283	1.07096
284	1.07443
285	1.07358
286	1.07252
287	1.0729
288	1.07263
289	1.07405
290	1.07381
291	1.07329
292	1.07419
293	1.07326
294	1.07394
295	1.07123
296	1.07131
297	1.06999
298	1.06909
299	1.06858
300	1.06917
301	1.0677
302	1.07032
303	1.07126
304	1.07033
305	1.07142
306	1.06989
307	1.0697
308	1.07089
309	1.0693
310	1.07048
311	1.07154
312	1.07185
313	1.07613
314	1.07508
315	1.07673
316	1.07739
317	1.07889
318	1.07714
319	1.0777
320	1.07786
321	1.07917
322	1.07707
323	1.07597
324	1.07541
325	1.07654
326	1.07474
327	1.07581
328	1.07447
329	1.07324
330	1.07561
331	1.07339
332	1.07134
333	1.07112
334	1.07225
335	1.07011
336	1.06875
337	1.06959
338	1.06853
339	1.06967
340	1.06917
341	1.06869
342	1.06759
343	1.06998
344	1.06929
345	1.06785
346	1.06705
347	1.06559
348	1.06517
349	1.06496
350	1.06425
351	1.0625
352	1.06218
353	1.06088
354	1.05933
355	1.05948
356	1.05829
357	1.05852
358	1.05776
359	1.06264
360	1.06284
361	1.0623
362	1.062
363	1.06212
364	1.06141
365	1.06013
366	1.06039
367	1.05918
368	1.05815
369	1.05837
370	1.05752
371	1.05714
372	1.05654
373	1.05504
374	1.05347
375	1.05289
376	1.0558
377	1.05445
378	1.05421
379	1.054
380	1.05535
381	1.05528
382	1.05576
383	1.05584
384	1.05455
385	1.05625
386	1.05461
387	1.05322
388	1.05259
389	1.05168
390	1.05155
391	1.05229
392	1.05164
393	1.05076
394	1.04991
395	1.04952
396	1.05042
397	1.05141
398	1.0504
399	1.05405
400	1.05243
401	1.05218
402	1.05047
403	1.05045
404	1.05007
405	1.05177
406	1.05095
407	1.05125
408	1.04988
409	1.05063
410	1.05112
411	1.05104
412	1.05198
413	1.05105
414	1.05016
415	1.04888
416	1.04891
417	1.05222
418	1.05177
419	1.05121
420	1.05023
421	1.05029
422	1.04986
423	1.05139
424	1.0509
425	1.05022
426	1.0497
427	1.04838
428	1.04882
429	1.04767
430	1.04731
431	1.04756
432	1.04674
433	1.04731
434	1.04626
435	1.04521
436	1.04538
437	1.0443
438	1.04512
439	1.04372
440	1.0425
441	1.04172
442	1.04157
443	1.04167
444	1.04149
445	1.04052
446	1.04083
447	1.04077
448	1.04163
449	1.04079
450	1.04126
451	1.04059
452	1.04103
453	1.04194
454	1.04228
455	1.0423
456	1.04239
457	1.04201
458	1.04363
459	1.04529
460	1.04553
461	1.04543
462	1.04544
463	1.04534
464	1.04557
465	1.04483
466	1.04729
467	1.04648
468	1.04666
469	1.04591
470	1.04449
471	1.0492
472	1.04905
473	1.04858
474	1.04955
475	1.04933
476	1.04923
477	1.04976
478	1.04933
479	1.05067
480	1.04947
481	1.0483
482	1.04936
483	1.04826
484	1.04824
485	1.04752
486	1.04639
487	1.05132
488	1.05057
489	1.04978
490	1.04943
491	1.04985
492	1.05151
493	1.05083
494	1.05077
495	1.05014
496	1.04997
497	1.04916
498	1.04832
499	1.04867
