0	0.0482969
1	0.0508729
2	0.0495399
3	0.0478663
4	0.0485638
5	0.0485755
6	0.0498468
7	0.0536989
8	0.0510867
9	0.0512211
10	0.0519045
11	0.0531363
12	0.051623
13	0.0515388
14	0.0503598
15	0.0501703
16	0.049086
17	0.0492373
18	0.0491003
19	0.0486322
20	0.0478464
21	0.0480814
22	0.0479013
23	0.0482565
24	0.0487337
25	0.0482074
26	0.0475925
27	0.0466407
28	0.0470606
29	0.0466579
30	0.0466808
31	0.0476644
32	0.0492102
33	0.0495239
34	0.0491239
35	0.0484776
36	0.0482479
37	0.048763
38	0.0488452
39	0.0491332
40	0.0494626
41	0.0491539
42	0.0496599
43	0.0494993
44	0.0495655
45	0.0495279
46	0.0496093
47	0.0503842
48	0.0509495
49	0.0505962
50	0.0505293
51	0.0508396
52	0.0512203
53	0.0513859
54	0.0511897
55	0.050952
56	0.0508804
57	0.0505204
58	0.0502411
59	0.0505731
60	0.0505509
61	0.0503199
62	0.0504229
63	0.0503024
64	0.0506577
65	0.0502362
66	0.0501824
67	0.0499614
68	0.0496907
69	0.049826
70	0.0497146
71	0.0497233
72	0.0497413
73	0.0500778
74	0.0502045
75	0.0505404
76	0.0505109
77	0.05054
78	0.0503256
79	0.0500628
80	0.0500174
81	0.0499353
82	0.0497382
83	0.04966
84	0.049834
85	0.0498275
86	0.049982
87	0.0498846
88	0.0496503
89	0.0497095
90	0.0499016
91	0.0498169
92	0.0499078
93	0.0500372
94	0.0502426
95	0.0502358
96	0.0501802
97	0.050295
98	0.0501675
99	0.0500899
100	0.0502937
101	0.0502923
102	0.0500791
103	0.0501825
104	0.0500642
105	0.0501058
106	0.050061
107	0.0500005
108	0.0500006
109	0.0498997
110	0.0499337
111	0.0499167
112	0.0500096
113	0.0498333
114	0.0497824
115	0.0496273
116	0.049732
117	0.0496016
118	0.0495999
119	0.0495354
120	0.0496193
121	0.0496557
122	0.0494973
123	0.0494342
124	0.0493855
125	0.0493765
126	0.049303
127	0.0492011
128	0.0492624
129	0.049208
130	0.0490303
131	0.0490856
132	0.0491442
133	0.0492902
134	0.0494057
135	0.0494355
136	0.0493509
137	0.0491987
138	0.0494078
139	0.0492956
140	0.049228
141	0.0492972
142	0.0490924
143	0.049208
144	0.0492203
145	0.0491728
146	0.0492711
147	0.0492819
148	0.0494883
149	0.0494062
150	0.0493226
151	0.0493936
152	0.0494744
153	0.0493431
154	0.0494917
155	0.0496401
156	0.0496322
157	0.0496685
158	0.049661
159	0.0495582
160	0.0495126
161	0.0495368
162	0.0495553
163	0.049448
164	0.0497288
165	0.0497084
166	0.0496698
167	0.0496882
168	0.0496825
169	0.049597
170	0.0496121
171	0.0497742
172	0.0499238
173	0.0499875
174	0.0500033
175	0.0499724
176	0.0498754
177	0.0498443
178	0.0499206
179	0.0497962
180	0.0497441
181	0.0497668
182	0.0496511
183	0.0497072
184	0.049739
185	0.0496292
186	0.0496818
187	0.0496636
188	0.049607
189	0.0496022
190	0.0496071
191	0.0496194
192	0.0496828
193	0.0497665
194	0.0497295
195	0.0498166
196	0.049968
197	0.0499615
198	0.0500111
199	0.0499155
200	0.0498695
201	0.049837
202	0.0499447
203	0.0498498
204	0.0499063
205	0.0498749
206	0.0498642
207	0.0498284
208	0.0498114
209	0.0496691
210	0.0497522
211	0.049829
212	0.0498829
213	0.0497697
214	0.0497888
215	0.0498776
216	0.0498312
217	0.0497468
218	0.0498407
219	0.049748
220	0.0497546
221	0.0497338
222	0.0497084
223	0.0496688
224	0.0496749
225	0.0496493
226	0.0495969
227	0.04972
228	0.0497509
229	0.049732
230	0.049735
231	0.0497461
232	0.0497037
233	0.0497276
234	0.0498474
235	0.0498144
236	0.0497417
237	0.0497116
238	0.0496803
239	0.0496855
240	0.0496249
241	0.049602
242	0.0497284
243	0.049705
244	0.0496855
245	0.0496889
246	0.0496715
247	0.0496615
248	0.0497198
249	0.0497594
250	0.0496783
251	0.0496452
252	0.0496406
253	0.049653
254	0.0496936
255	0.0496281
256	0.0495643
257	0.0494966
258	0.0494967
259	0.0494203
260	0.0494048
261	0.0493476
262	0.0493543
263	0.0493828
264	0.0492999
265	0.0492594
266	0.0492362
267	0.0492596
268	0.0493606
269	0.0493872
270	0.04935
271	0.0493324
272	0.0494657
273	0.0494583
274	0.049517
275	0.0494626
276	0.0494892
277	0.0494635
278	0.049418
279	0.0494213
280	0.0493792
281	0.0494222
282	0.049406
283	0.0494269
284	0.0494166
285	0.04944
286	0.0494534
287	0.0495419
288	0.0495871
289	0.0495337
290	0.0495367
291	0.0496255
292	0.0495884
293	0.0495557
294	0.04964
295	0.0497319
296	0.0497766
297	0.0498691
298	0.049957
299	0.0499469
300	0.049996
301	0.0500334
302	0.0500791
303	0.0500316
304	0.0501016
305	0.0500768
306	0.0500642
307	0.0500067
308	0.0499809
309	0.0499946
310	0.0499359
311	0.0499391
312	0.0500481
313	0.0500357
314	0.0500081
315	0.0500127
316	0.050016
317	0.0500493
318	0.0500744
319	0.050084
320	0.0501867
321	0.0502054
322	0.0501803
323	0.0501155
324	0.0500578
325	0.0500639
326	0.0500761
327	0.0500535
328	0.0500562
329	0.0500057
330	0.0500876
331	0.0500833
332	0.050099
333	0.0500558
334	0.0500657
335	0.0500131
336	0.0500861
337	0.0500888
338	0.0500153
339	0.0500061
340	0.0499783
341	0.0500416
342	0.0500497
343	0.0500444
344	0.050066
345	0.050016
346	0.0499751
347	0.0499706
348	0.0499917
349	0.0500086
350	0.0500568
351	0.050081
352	0.0500522
353	0.0500621
354	0.0500565
355	0.0501043
356	0.0500465
357	0.0500102
358	0.050011
359	0.0500051
360	0.0499781
361	0.049949
362	0.049965
363	0.0499515
364	0.0499209
365	0.0498905
366	0.0498152
367	0.0498066
368	0.0499109
369	0.0498805
370	0.0498847
371	0.0498798
372	0.0498378
373	0.0498079
374	0.0497679
375	0.049791
376	0.0498676
377	0.0498287
378	0.0498557
379	0.0499051
380	0.0499276
381	0.0498754
382	0.0498632
383	0.049883
384	0.0499676
385	0.0499918
386	0.0499899
387	0.049945
388	0.0498845
389	0.0498568
390	0.0498564
391	0.0498428
392	0.0498763
393	0.0498277
394	0.0498665
395	0.0498968
396	0.0498812
397	0.0498769
398	0.0498394
399	0.0498486
400	0.0498824
401	0.0498817
402	0.0498866
403	0.0499597
404	0.0499589
405	0.0499622
406	0.049966
407	0.049996
408	0.0499618
409	0.0500006
410	0.0499655
411	0.049975
412	0.0499803
413	0.0499791
414	0.049951
415	0.0499888
416	0.0499719
417	0.0499193
418	0.049953
419	0.0499784
420	0.0498949
421	0.0498858
422	0.0499055
423	0.0499633
424	0.049971
425	0.0499726
426	0.0499742
427	0.0499764
428	0.0499518
429	0.0499682
430	0.0499889
431	0.0500611
432	0.0500787
433	0.050059
434	0.0500478
435	0.0500302
436	0.0500015
437	0.0500257
438	0.0500131
439	0.0500123
440	0.0501237
441	0.0501272
442	0.0500951
443	0.050103
444	0.0501236
445	0.0501016
446	0.0501775
447	0.0501822
448	0.0502144
449	0.0502323
450	0.0501953
451	0.0501561
452	0.0501871
453	0.0501755
454	0.0501657
455	0.0501507
456	0.0501575
457	0.0501624
458	0.0501499
459	0.0501123
460	0.0500827
461	0.0501361
462	0.0501072
463	0.0500745
464	0.0500361
465	0.050021
466	0.0499844
467	0.0499631
468	0.049947
469	0.0499662
470	0.0499598
471	0.0499589
472	0.049973
473	0.0499819
474	0.0500648
475	0.0500943
476	0.0500426
477	0.0500117
478	0.0499629
479	0.0499574
480	0.0500048
481	0.0500294
482	0.0500161
483	0.0499826
484	0.049961
485	0.0499343
486	0.0498925
487	0.0498891
488	0.0498658
489	0.0498613
490	0.0498516
491	0.049864
492	0.0498437
493	0.049819
494	0.0498004
495	0.0497404
496	0.0497079
497	0.0497233
498	0.0497055
499	0.0497504
