0	5.05271
1	5.14482
2	5.25827
3	11.8884
4	17.9653
5	17.5916
6	15.8695
7	14.2734
8	13.1085
9	12.2898
10	12.1282
11	12.4106
12	13.244
13	12.989
14	13.3431
15	13.5081
16	13.1234
17	13.081
18	13.8057
19	13.6111
20	13.794
21	13.5618
22	13.1979
23	13.0019
24	13.41
25	13.1142
26	12.7537
27	12.5001
28	12.3442
29	12.1449
30	11.9016
31	12.0043
32	11.751
33	11.5346
34	11.3784
35	11.6698
36	11.6333
37	12.2926
38	12.3201
39	12.1416
40	12.0136
41	11.8061
42	11.8551
43	11.9042
44	11.9562
45	12.3413
46	12.2459
47	12.1344
48	12.4358
49	12.2792
50	12.4896
51	12.3933
52	12.4092
53	12.2413
54	12.3185
55	12.6595
56	12.5499
57	12.3555
58	12.2546
59	12.2735
60	12.3167
61	12.248
62	12.1656
63	12.0655
64	11.9864
65	11.9144
66	11.8167
67	11.7234
68	11.6557
69	11.6549
70	11.5521
71	11.5742
72	11.5479
73	11.6827
74	11.8083
75	11.7637
76	11.7739
77	11.7003
78	11.6807
79	11.7454
80	11.7132
81	11.6127
82	11.5711
83	11.4692
84	11.4039
85	11.3574
86	11.304
87	11.2625
88	11.2455
89	11.1654
90	11.0881
91	11.1883
92	11.1476
93	11.1446
94	11.1292
95	11.1753
96	11.0928
97	11.0866
98	11.2177
99	11.1941
100	11.1562
101	11.1028
102	11.1141
103	11.1546
104	11.1143
105	11.1208
106	11.119
107	11.1531
108	11.0784
109	11.0502
110	10.9961
111	10.9895
112	10.9278
113	10.8851
114	10.8317
115	10.8176
116	10.9054
117	10.9007
118	10.9161
119	10.912
120	10.8692
121	10.8329
122	10.802
123	10.7598
124	10.9011
125	11.0803
126	11.043
127	11.0976
128	11.1098
129	11.098
130	11.0488
131	11.0262
132	11.0087
133	11.015
134	11.0542
135	11.1386
136	11.1823
137	11.2163
138	11.2377
139	11.1979
140	11.1664
141	11.1187
142	11.0807
143	11.0494
144	11.0191
145	10.9881
146	10.9328
147	10.8825
148	10.8742
149	10.9533
150	11.0686
151	11.0834
152	11.1766
153	11.2266
154	11.2224
155	11.2218
156	11.1873
157	11.1631
158	11.1364
159	11.1566
160	11.154
161	11.1333
162	11.1616
163	11.1013
164	11.0456
165	10.9978
166	11.0013
167	11.1109
168	11.0759
169	11.0788
170	11.136
171	11.1389
172	11.166
173	11.1148
174	11.0967
175	11.1217
176	11.142
177	11.1064
178	11.1065
179	11.1703
180	11.2376
181	11.2638
182	11.2971
183	11.369
184	11.4566
185	11.4671
186	11.4692
187	11.4391
188	11.4629
189	11.5094
190	11.4953
191	11.474
192	11.4559
193	11.424
194	11.4043
195	11.3804
196	11.354
197	11.3966
198	11.4564
199	11.4274
200	11.3847
201	11.3398
202	11.3024
203	11.2981
204	11.3138
205	11.2897
206	11.2883
207	11.2754
208	11.2432
209	11.2131
210	11.1878
211	11.1473
212	11.165
213	11.1487
214	11.166
215	11.1833
216	11.1652
217	11.1347
218	11.087
219	11.0585
220	11.031
221	11.0347
222	10.9924
223	10.9652
224	10.943
225	10.9071
226	10.9173
227	10.8792
228	10.8743
229	10.8936
230	10.8619
231	10.8417
232	10.8257
233	10.8616
234	10.8642
235	10.8531
236	10.8421
237	10.8346
238	10.824
239	10.8055
240	10.7955
241	10.7788
242	10.7727
243	10.7535
244	10.7415
245	10.7214
246	10.6936
247	10.6779
248	10.6585
249	10.6498
250	10.672
251	10.6593
252	10.6234
253	10.6083
254	10.7546
255	10.8552
256	10.8861
257	10.8753
258	10.8759
259	10.8663
260	10.8869
261	10.8804
262	10.872
263	10.936
264	10.9101
265	10.9082
266	10.8809
267	10.8581
268	10.8462
269	10.8178
270	10.7887
271	10.8561
272	10.9047
273	10.8808
274	10.8638
275	10.8442
276	10.8236
277	10.8115
278	10.8273
279	10.8601
280	10.8586
281	10.8485
282	10.8341
283	10.8196
284	10.8011
285	10.8352
286	10.9003
287	10.8737
288	10.8491
289	10.8389
290	10.8346
291	10.9284
292	10.9146
293	10.9108
294	10.9375
295	11.005
296	11.0772
297	11.0991
298	11.0945
299	11.0727
300	11.0454
301	11.0226
302	10.9967
303	10.9757
304	10.9547
305	10.96
306	10.9427
307	10.958
308	10.9678
309	10.9398
310	10.9319
311	10.9289
312	10.9172
313	10.8994
314	10.8856
315	10.868
316	10.8685
317	10.8733
318	10.878
319	10.873
320	10.8745
321	10.8554
322	10.8331
323	10.8151
324	10.8006
325	10.8056
326	10.7876
327	10.7754
328	10.7732
329	10.7443
330	10.7272
331	10.7086
332	10.7149
333	10.6967
334	10.6778
335	10.6584
336	10.6427
337	10.7125
338	10.771
339	10.7937
340	10.7928
341	10.7753
342	10.7655
343	10.7443
344	10.7398
345	10.7364
346	10.7322
347	10.7183
348	10.71
349	10.7765
350	10.7756
351	10.7657
352	10.7615
353	10.7462
354	10.7721
355	10.7652
356	10.7486
357	10.7526
358	10.7388
359	10.7289
360	10.7241
361	10.7049
362	10.6881
363	10.6712
364	10.7878
365	10.9371
366	10.9719
367	10.9653
368	10.9451
369	10.9431
370	10.95
371	10.9261
372	10.9115
373	10.8853
374	10.9075
375	10.8965
376	10.8877
377	10.8881
378	10.8614
379	10.8666
380	10.8615
381	10.8506
382	10.8401
383	10.8273
384	10.8173
385	10.8253
386	10.8109
387	10.8168
388	10.8318
389	10.8077
390	10.7909
391	10.7707
392	10.755
393	10.764
394	10.7553
395	10.7553
396	10.739
397	10.7178
398	10.7073
399	10.6962
400	10.6933
401	10.7295
402	10.7104
403	10.6926
404	10.6737
405	10.6703
406	10.656
407	10.6638
408	10.66
409	10.7077
410	10.7195
411	10.7961
412	10.8482
413	10.8477
414	10.8409
415	10.8577
416	10.8655
417	10.88
418	10.8989
419	10.9454
420	10.9424
421	10.9402
422	10.9237
423	10.9134
424	10.9028
425	10.8991
426	10.8957
427	10.8791
428	10.8973
429	10.9023
430	10.8965
431	10.9074
432	10.8997
433	10.8923
434	10.8839
435	10.8831
436	10.879
437	10.9033
438	10.8868
439	10.866
440	10.8509
441	10.8563
442	10.88
443	10.8666
444	10.8541
445	10.8471
446	10.8635
447	10.9126
448	10.9324
449	10.9131
450	10.9102
451	10.8996
452	10.8965
453	10.8976
454	10.9249
455	10.9105
456	10.9278
457	10.9304
458	10.9279
459	10.9236
460	11.0138
461	11.0743
462	11.1229
463	11.1098
464	11.1231
465	11.1281
466	11.129
467	11.1087
468	11.1007
469	11.0978
470	11.0969
471	11.0883
472	11.073
473	11.0651
474	11.0654
475	11.0797
476	11.0724
477	11.0711
478	11.0589
479	11.0775
480	11.0631
481	11.0744
482	11.0833
483	11.124
484	11.1075
485	11.0901
486	11.0807
487	11.0869
488	11.093
489	11.0832
490	11.0751
491	11.0663
492	11.0609
493	11.0472
494	11.0309
495	11.0393
496	11.0263
497	11.0164
498	11.0092
499	10.9934
