0	6.29796
1	7.9835
2	10.3504
3	10.7343
4	11.2078
5	10.1052
6	9.80518
7	10.8007
8	14.655
9	14.4054
10	13.5202
11	12.9569
12	13.7086
13	13.4069
14	13.0308
15	12.6548
16	13.0715
17	13.844
18	13.7944
19	13.4339
20	13.305
21	12.8982
22	12.4025
23	12.1671
24	11.802
25	11.7344
26	11.6006
27	11.3935
28	11.1358
29	10.9397
30	10.7486
31	10.517
32	11.2318
33	11.7705
34	11.6919
35	11.4837
36	11.9153
37	12.8321
38	12.6504
39	12.571
40	12.756
41	12.6309
42	12.503
43	12.6659
44	12.5187
45	12.8432
46	12.9611
47	12.9141
48	13.0315
49	12.9639
50	12.8352
51	12.8839
52	12.8806
53	13.4513
54	13.422
55	13.3037
56	13.3481
57	13.1897
58	13.1368
59	13.0925
60	13.1192
61	13.963
62	14.4504
63	14.827
64	14.7293
65	14.5728
66	14.4462
67	14.2655
68	14.1939
69	14.3838
70	14.3462
71	14.2707
72	14.2689
73	14.34
74	14.2134
75	14.1498
76	14.1589
77	14.157
78	14.1195
79	14.1228
80	14.0805
81	14.0285
82	13.941
83	14.2386
84	14.2573
85	14.1383
86	14.0313
87	14.1153
88	14.0408
89	13.9457
90	13.8246
91	13.8934
92	13.9077
93	13.8139
94	13.7164
95	13.6232
96	13.5301
97	13.4644
98	13.4184
99	13.3469
100	13.2935
101	13.209
102	13.2315
103	13.1879
104	13.1374
105	13.1141
106	13.0853
107	13.1935
108	13.4077
109	13.3082
110	13.2875
111	13.1986
112	13.1327
113	13.1543
114	13.1031
115	13.0405
116	13.0027
117	12.9694
118	13.0149
119	12.9359
120	12.8891
121	12.8494
122	12.9073
123	12.8571
124	12.7917
125	12.7315
126	12.6712
127	12.6331
128	12.603
129	12.648
130	12.636
131	12.7557
132	12.7639
133	12.7499
134	12.6786
135	12.6165
136	12.5702
137	12.5399
138	12.477
139	12.4385
140	12.385
141	12.3424
142	12.4763
143	12.6172
144	12.5845
145	12.5094
146	12.5627
147	12.6895
148	12.7851
149	12.7579
150	12.7064
151	12.6593
152	12.654
153	12.5954
154	12.6341
155	12.6678
156	12.66
157	12.6188
158	12.5843
159	12.5733
160	12.5709
161	12.5659
162	12.5405
163	12.5524
164	12.5258
165	12.5044
166	12.546
167	12.5061
168	12.5094
169	12.4776
170	12.447
171	12.4193
172	12.3863
173	12.4315
174	12.3875
175	12.5398
176	12.5359
177	12.4818
178	12.4556
179	12.399
180	12.4049
181	12.4218
182	12.4292
183	12.3951
184	12.374
185	12.3448
186	12.3818
187	12.3379
188	12.3028
189	12.2882
190	12.2767
191	12.335
192	12.3026
193	12.3134
194	12.3407
195	12.3163
196	12.3616
197	12.3569
198	12.417
199	12.4129
200	12.427
201	12.3911
202	12.3601
203	12.4742
204	12.6271
205	12.6111
206	12.592
207	12.5596
208	12.5365
209	12.5385
210	12.5425
211	12.532
212	12.5299
213	12.4968
214	12.4775
215	12.4775
216	12.4747
217	12.4673
218	12.4727
219	12.4721
220	12.4298
221	12.3979
222	12.4208
223	12.4469
224	12.437
225	12.4205
226	12.4462
227	12.454
228	12.5043
229	12.4811
230	12.4372
231	12.4962
232	12.4757
233	12.4825
234	12.5006
235	12.4813
236	12.4907
237	12.5038
238	12.5187
239	12.5363
240	12.6666
241	12.6857
242	12.6898
243	12.6874
244	12.6919
245	12.6772
246	12.7602
247	12.8813
248	12.8617
249	12.9391
250	12.9996
251	13.0191
252	12.9935
253	12.9736
254	12.994
255	12.961
256	12.9556
257	12.9362
258	12.9587
259	12.963
260	12.9398
261	13.032
262	13.0299
263	13.0021
264	13.0047
265	12.9847
266	12.9646
267	12.9252
268	12.9255
269	12.9394
270	12.9587
271	12.9278
272	13.0074
273	13.0123
274	12.9795
275	12.974
276	12.9604
277	12.931
278	12.8962
279	12.9935
280	13.0063
281	13.0048
282	13.0355
283	13.0409
284	13.0468
285	13.0399
286	13.0379
287	13.0367
288	13.0164
289	12.9936
290	12.9729
291	12.9376
292	12.9161
293	12.895
294	12.8855
295	12.8732
296	12.9121
297	12.8888
298	12.8984
299	12.8667
300	12.8502
301	12.841
302	12.8216
303	12.7973
304	12.7608
305	12.7272
306	12.7225
307	12.6951
308	12.6693
309	12.6597
310	12.6499
311	12.7021
312	12.7174
313	12.6938
314	12.6644
315	12.6635
316	12.6714
317	12.6497
318	12.6153
319	12.6338
320	12.7464
321	12.7485
322	12.7279
323	12.6993
324	12.6685
325	12.6879
326	12.6642
327	12.6459
328	12.6286
329	12.6049
330	12.5883
331	12.5777
332	12.5553
333	12.5545
334	12.5336
335	12.5382
336	12.5163
337	12.5019
338	12.6066
339	12.6005
340	12.5735
341	12.5565
342	12.6064
343	12.5864
344	12.5575
345	12.5379
346	12.5066
347	12.5052
348	12.5967
349	12.6755
350	12.7437
351	12.8748
352	12.9783
353	13.0402
354	13.0213
355	13.0071
356	12.9999
357	13.0028
358	12.9907
359	12.9872
360	12.9642
361	12.9363
362	12.931
363	12.919
364	12.9256
365	12.8974
366	12.874
367	12.9066
368	12.9377
369	12.9383
370	13.0017
371	13.046
372	13.0489
373	13.0708
374	13.0775
375	13.053
376	13.0586
377	13.0459
378	13.0332
379	13.0185
380	13.0029
381	13.0189
382	13.0583
383	13.0845
384	13.0631
385	13.0853
386	13.0939
387	13.1053
388	13.0786
389	13.0684
390	13.1063
391	13.1096
392	13.1094
393	13.0933
394	13.0716
395	13.0537
396	13.0593
397	13.0368
398	13.0813
399	13.0944
400	13.1234
401	13.0978
402	13.082
403	13.0699
404	13.0619
405	13.0576
406	13.0414
407	13.0129
408	12.9931
409	12.9834
410	12.9796
411	12.9675
412	12.9503
413	12.943
414	12.9669
415	12.9551
416	12.9415
417	12.9695
418	12.9545
419	12.9322
420	12.9199
421	12.9139
422	12.9137
423	12.9387
424	12.9543
425	12.9331
426	12.9828
427	12.9722
428	12.9619
429	12.9407
430	12.9873
431	13.1263
432	13.1995
433	13.2034
434	13.1867
435	13.1646
436	13.1513
437	13.1427
438	13.1251
439	13.1054
440	13.1438
441	13.211
442	13.2656
443	13.2484
444	13.2722
445	13.2658
446	13.2839
447	13.2782
448	13.2548
449	13.2388
450	13.22
451	13.2085
452	13.1957
453	13.2005
454	13.1848
455	13.1726
456	13.166
457	13.1489
458	13.1638
459	13.1665
460	13.1479
461	13.1326
462	13.1117
463	13.0865
464	13.0653
465	13.0573
466	13.0457
467	13.0307
468	13.0504
469	13.063
470	13.0771
471	13.0606
472	13.0612
473	13.0519
474	13.0415
475	13.03
476	13.0083
477	13.0052
478	12.9849
479	13.0225
480	13.0299
481	13.029
482	13.0277
483	13.0382
484	13.0251
485	13.0538
486	13.0513
487	13.0565
488	13.0511
489	13.0359
490	13.0261
491	13.0092
492	13.0111
493	12.9892
494	12.9733
495	12.9571
496	12.9362
497	12.9216
498	12.9031
499	12.9222
500	12.9165
501	12.9012
502	12.902
503	12.8812
504	12.8594
505	12.867
506	12.8754
507	12.8933
508	12.8769
509	12.8669
510	12.8543
511	12.8418
512	12.8285
513	12.8274
514	12.8487
515	12.8419
516	12.8428
517	12.8516
518	12.8489
519	12.8424
520	12.8582
521	12.8478
522	12.8467
523	12.843
524	12.8677
525	12.8512
526	12.8532
527	12.837
528	12.8496
529	12.8348
530	12.8267
531	12.813
532	12.8111
533	12.7971
534	12.7844
535	12.7732
536	12.7588
537	12.743
538	12.7294
539	12.7184
540	12.704
541	12.7278
542	12.7162
543	12.7084
544	12.6944
545	12.6777
546	12.6644
547	12.6465
548	12.631
549	12.6201
550	12.6387
551	12.6368
552	12.6235
553	12.6101
554	12.6067
555	12.6114
556	12.6159
557	12.606
558	12.5957
559	12.5818
560	12.5708
561	12.5622
562	12.5551
563	12.5567
564	12.5661
565	12.5959
566	12.5948
567	12.591
568	12.5839
569	12.5737
570	12.5726
571	12.5672
572	12.5969
573	12.6117
574	12.5966
575	12.5989
576	12.6112
577	12.6156
578	12.6127
579	12.6225
580	12.6254
581	12.6237
582	12.6184
583	12.636
584	12.6432
585	12.6364
586	12.6262
587	12.6153
588	12.5984
589	12.5872
590	12.5841
591	12.5904
592	12.6233
593	12.6436
594	12.6719
595	12.6723
596	12.6685
597	12.6639
598	12.6516
599	12.6463
600	12.6386
601	12.6292
602	12.6673
603	12.6655
604	12.667
605	12.6552
606	12.6424
607	12.6677
608	12.7387
609	12.8028
610	12.8053
611	12.7911
612	12.7795
613	12.7708
614	12.7907
615	12.7792
616	12.7776
617	12.7898
618	12.7923
619	12.8177
620	12.9054
621	12.9363
622	12.9583
623	12.9471
624	12.933
625	12.9192
626	12.938
627	12.9262
628	12.929
629	12.9213
630	12.9045
631	12.8915
632	12.9063
633	12.9118
634	12.9008
635	12.8963
636	12.8846
637	12.8984
638	12.8873
639	12.8791
640	12.8727
641	12.8621
642	12.8493
643	12.8418
644	12.8294
645	12.8184
646	12.8081
647	12.8136
648	12.8524
649	12.8803
650	12.8702
651	12.8683
652	12.8575
653	12.8638
654	12.8534
655	12.8484
656	12.8406
657	12.8371
658	12.8264
659	12.823
660	12.8161
661	12.8204
662	12.8286
663	12.8266
664	12.8319
665	12.8226
666	12.8407
667	12.8441
668	12.8622
669	12.8661
670	12.8591
671	12.8526
672	12.8462
673	12.8374
674	12.8329
675	12.8238
676	12.8159
677	12.8234
678	12.8381
679	12.8249
680	12.8147
681	12.8081
682	12.8016
683	12.7971
684	12.7995
685	12.8072
686	12.8115
687	12.819
688	12.8062
689	12.8034
690	12.7946
691	12.7843
692	12.779
693	12.7699
694	12.7661
695	12.7604
696	12.7457
697	12.7367
698	12.7269
699	12.7192
700	12.7078
701	12.699
702	12.6916
703	12.6822
704	12.6684
705	12.6626
706	12.662
707	12.6642
708	12.6559
709	12.6485
710	12.6512
711	12.6559
712	12.6499
713	12.6443
714	12.6362
715	12.6384
716	12.636
717	12.647
718	12.6624
719	12.6832
720	12.7012
721	12.7078
722	12.6951
723	12.7035
724	12.7102
725	12.7085
726	12.7088
727	12.6956
728	12.6857
729	12.6901
730	12.7069
731	12.6983
732	12.6914
733	12.6831
734	12.6694
735	12.67
736	12.6611
737	12.6492
738	12.6351
739	12.6265
740	12.6188
741	12.6109
742	12.6131
743	12.6071
744	12.6168
745	12.6099
746	12.6071
747	12.602
748	12.6007
749	12.6071
750	12.606
751	12.6074
752	12.6189
753	12.623
754	12.6127
755	12.6199
756	12.6297
757	12.622
758	12.6127
759	12.6023
760	12.664
761	12.6803
762	12.6739
763	12.6677
764	12.682
765	12.6831
766	12.6903
767	12.7502
768	12.7384
769	12.7355
770	12.7316
771	12.7195
772	12.7231
773	12.713
774	12.7069
775	12.6971
776	12.6923
777	12.6869
778	12.6869
779	12.6945
780	12.6913
781	12.6899
782	12.6806
783	12.6723
784	12.6669
785	12.6554
786	12.6427
787	12.6489
788	12.6449
789	12.639
790	12.6383
791	12.6416
792	12.6383
793	12.6268
794	12.6162
795	12.6092
796	12.6065
797	12.5998
798	12.6089
799	12.595
800	12.5998
801	12.5948
802	12.5861
803	12.5824
804	12.5773
805	12.5748
806	12.5691
807	12.5623
808	12.5502
809	12.5507
810	12.5556
811	12.556
812	12.5469
813	12.5471
814	12.5473
815	12.54
816	12.5289
817	12.5265
818	12.5247
819	12.519
820	12.5333
821	12.5283
822	12.5184
823	12.5179
824	12.5436
825	12.5633
826	12.5652
827	12.5616
828	12.5504
829	12.5443
830	12.5389
831	12.5345
832	12.5414
833	12.535
834	12.5276
835	12.5194
836	12.5062
837	12.4983
838	12.4868
839	12.4757
840	12.4692
841	12.4629
842	12.4758
843	12.4879
844	12.491
845	12.4915
846	12.4905
847	12.4887
848	12.4803
849	12.4693
850	12.4579
851	12.4597
852	12.4529
853	12.448
854	12.4531
855	12.467
856	12.4692
857	12.4704
858	12.4673
859	12.464
860	12.4529
861	12.4612
862	12.4534
863	12.4417
864	12.4349
865	12.4273
866	12.4462
867	12.4449
868	12.4415
869	12.4306
870	12.4231
871	12.4184
872	12.4246
873	12.433
874	12.4273
875	12.4306
876	12.4303
877	12.4323
878	12.4224
879	12.4234
880	12.4141
881	12.4142
882	12.4224
883	12.4268
884	12.4188
885	12.42
886	12.4184
887	12.4133
888	12.4064
889	12.4025
890	12.404
891	12.4091
892	12.4043
893	12.4093
894	12.4266
895	12.4458
896	12.4452
897	12.4525
898	12.454
899	12.4484
900	12.4384
901	12.4457
902	12.4396
903	12.4455
904	12.4436
905	12.4445
906	12.4386
907	12.4301
908	12.4274
909	12.426
910	12.4303
911	12.4225
912	12.4148
913	12.4128
914	12.4125
915	12.4075
916	12.404
917	12.3976
918	12.3937
919	12.3896
920	12.3806
921	12.3783
922	12.371
923	12.3711
924	12.3604
925	12.3518
926	12.36
927	12.3624
928	12.3733
929	12.3665
930	12.3692
931	12.3705
932	12.3694
933	12.3598
934	12.3671
935	12.4063
936	12.4295
937	12.4358
938	12.4295
939	12.4254
940	12.4317
941	12.4264
942	12.4182
943	12.4266
944	12.4396
945	12.4863
946	12.4869
947	12.486
948	12.504
949	12.5003
950	12.4973
951	12.4862
952	12.4788
953	12.4873
954	12.4816
955	12.4862
956	12.4816
957	12.4806
958	12.4723
959	12.4643
960	12.4608
961	12.4511
962	12.448
963	12.4463
964	12.4537
965	12.4604
966	12.4572
967	12.4588
968	12.4541
969	12.4507
970	12.4419
971	12.4378
972	12.4389
973	12.4533
974	12.4419
975	12.4376
976	12.4292
977	12.4233
978	12.4163
979	12.4185
980	12.4227
981	12.4149
982	12.4075
983	12.4157
984	12.4089
985	12.4017
986	12.3961
987	12.3935
988	12.3906
989	12.3816
990	12.3845
991	12.3774
992	12.3707
993	12.3698
994	12.3735
995	12.3711
996	12.3766
997	12.3815
998	12.3895
999	12.3933
