0	14.5731
1	18.396
2	23.0572
3	23.8766
4	24.8722
5	22.5027
6	21.634
7	23.6824
8	32.0928
9	31.7095
10	29.8253
11	28.6968
12	29.9788
13	29.5493
14	28.6729
15	27.7816
16	28.652
17	30.3186
18	30.1939
19	29.5524
20	29.2881
21	28.5264
22	27.5737
23	27.0579
24	26.3522
25	26.1581
26	25.9579
27	25.5226
28	24.9252
29	24.467
30	24.012
31	23.5164
32	24.9805
33	26.232
34	26.0121
35	25.5736
36	26.3686
37	28.4625
38	28.1053
39	27.919
40	28.3004
41	28.0309
42	27.7367
43	28.1245
44	27.8281
45	28.3762
46	28.7633
47	28.5961
48	28.7986
49	28.6192
50	28.3519
51	28.4485
52	28.418
53	29.5606
54	29.5973
55	29.3711
56	29.4671
57	29.1461
58	29.029
59	28.8842
60	29.0341
61	30.6205
62	31.8998
63	32.7267
64	32.515
65	32.1739
66	31.8861
67	31.5291
68	31.3731
69	31.778
70	31.6993
71	31.5219
72	31.5094
73	31.6609
74	31.4073
75	31.2941
76	31.2872
77	31.2674
78	31.1841
79	31.1176
80	31.0676
81	30.929
82	30.7458
83	31.3652
84	31.4107
85	31.1481
86	30.9347
87	31.1012
88	30.9549
89	30.7523
90	30.5142
91	30.6591
92	30.6995
93	30.5003
94	30.3067
95	30.1272
96	29.9271
97	29.7801
98	29.6648
99	29.5047
100	29.4022
101	29.2218
102	29.2779
103	29.1789
104	29.064
105	28.9979
106	28.9182
107	29.0964
108	29.6024
109	29.4082
110	29.3583
111	29.179
112	29.0381
113	29.0902
114	28.9805
115	28.8579
116	28.7595
117	28.6934
118	28.7787
119	28.618
120	28.5153
121	28.4132
122	28.5531
123	28.4602
124	28.3252
125	28.2021
126	28.0692
127	27.9738
128	27.905
129	27.9983
130	27.9626
131	28.1945
132	28.2266
133	28.2005
134	28.0568
135	27.9303
136	27.8145
137	27.7448
138	27.6117
139	27.5379
140	27.419
141	27.3258
142	27.5414
143	27.9047
144	27.8342
145	27.6936
146	27.7769
147	28.0638
148	28.2564
149	28.1963
150	28.0939
151	28.007
152	27.9914
153	27.8754
154	27.9438
155	28.0114
156	28.0033
157	27.9185
158	27.847
159	27.8135
160	27.8081
161	27.7908
162	27.7336
163	27.7564
164	27.7026
165	27.6592
166	27.7538
167	27.6789
168	27.6877
169	27.6029
170	27.5374
171	27.481
172	27.4145
173	27.51
174	27.4307
175	27.7361
176	27.7346
177	27.6291
178	27.5773
179	27.4799
180	27.4987
181	27.5221
182	27.5438
183	27.4771
184	27.4221
185	27.3569
186	27.4423
187	27.343
188	27.2689
189	27.2427
190	27.2284
191	27.3484
192	27.2824
193	27.3037
194	27.3493
195	27.2816
196	27.359
197	27.355
198	27.4968
199	27.4823
200	27.5013
201	27.421
202	27.3606
203	27.548
204	27.9287
205	27.9115
206	27.869
207	27.7936
208	27.7466
209	27.7442
210	27.7559
211	27.7358
212	27.7361
213	27.6665
214	27.6393
215	27.6212
216	27.6195
217	27.5971
218	27.6119
219	27.6153
220	27.5248
221	27.4557
222	27.4945
223	27.5735
224	27.5503
225	27.5246
226	27.5598
227	27.5771
228	27.678
229	27.6364
230	27.5469
231	27.664
232	27.6335
233	27.6432
234	27.6827
235	27.645
236	27.6664
237	27.6913
238	27.7108
239	27.7528
240	28.018
241	28.0731
242	28.0708
243	28.0623
244	28.0673
245	28.0359
246	28.1855
247	28.4706
248	28.4285
249	28.5844
250	28.7054
251	28.7606
252	28.7024
253	28.6571
254	28.6982
255	28.6262
256	28.6106
257	28.5675
258	28.6011
259	28.6196
260	28.5712
261	28.7702
262	28.7712
263	28.7138
264	28.7198
265	28.6758
266	28.6344
267	28.557
268	28.5464
269	28.5739
270	28.6105
271	28.5416
272	28.7113
273	28.7269
274	28.6605
275	28.6439
276	28.6163
277	28.5637
278	28.4961
279	28.6717
280	28.7343
281	28.7306
282	28.7913
283	28.8022
284	28.8095
285	28.7911
286	28.794
287	28.7931
288	28.7523
289	28.7105
290	28.6644
291	28.5963
292	28.5526
293	28.5117
294	28.4835
295	28.4521
296	28.5331
297	28.4818
298	28.4982
299	28.4422
300	28.4127
301	28.3898
302	28.3459
303	28.2976
304	28.2271
305	28.1599
306	28.15
307	28.0895
308	28.0346
309	28.0115
310	27.9863
311	28.0985
312	28.1246
313	28.0828
314	28.0215
315	28.012
316	28.0323
317	27.991
318	27.9199
319	27.9557
320	28.188
321	28.2134
322	28.1622
323	28.0988
324	28.0386
325	28.0805
326	28.0264
327	27.9836
328	27.9479
329	27.8967
330	27.8658
331	27.844
332	27.8001
333	27.795
334	27.7549
335	27.7657
336	27.7225
337	27.6853
338	27.9041
339	27.9012
340	27.8475
341	27.8124
342	27.9157
343	27.8793
344	27.8244
345	27.7886
346	27.7258
347	27.6973
348	27.9151
349	28.08
350	28.2303
351	28.4683
352	28.7217
353	28.8716
354	28.8362
355	28.8043
356	28.7923
357	28.7931
358	28.7708
359	28.7619
360	28.7123
361	28.6587
362	28.6388
363	28.6125
364	28.6221
365	28.5661
366	28.5216
367	28.5592
368	28.656
369	28.6515
370	28.792
371	28.8767
372	28.8895
373	28.921
374	28.9451
375	28.8951
376	28.9103
377	28.8809
378	28.8556
379	28.8213
380	28.7855
381	28.8191
382	28.8928
383	28.9573
384	28.9111
385	28.9411
386	28.9834
387	29.0088
388	28.9546
389	28.9334
390	28.9969
391	29.0229
392	29.0161
393	28.9845
394	28.9404
395	28.9075
396	28.9147
397	28.8712
398	28.9476
399	28.992
400	29.0563
401	29.0021
402	28.9673
403	28.9473
404	28.9296
405	28.9198
406	28.8883
407	28.8402
408	28.7982
409	28.7765
410	28.7644
411	28.7388
412	28.7041
413	28.6903
414	28.7339
415	28.7063
416	28.6807
417	28.738
418	28.7094
419	28.6669
420	28.6439
421	28.6287
422	28.6254
423	28.6717
424	28.7142
425	28.671
426	28.7733
427	28.7487
428	28.7292
429	28.6871
430	28.7476
431	29.0782
432	29.2524
433	29.2632
434	29.227
435	29.1832
436	29.1539
437	29.1356
438	29.1004
439	29.0554
440	29.1338
441	29.2671
442	29.3936
443	29.3575
444	29.4107
445	29.3963
446	29.4293
447	29.4111
448	29.3634
449	29.3252
450	29.2843
451	29.2592
452	29.2321
453	29.2388
454	29.2042
455	29.1768
456	29.1613
457	29.1278
458	29.1557
459	29.1604
460	29.1248
461	29.0939
462	29.053
463	29.0063
464	28.9638
465	28.9401
466	28.9191
467	28.886
468	28.9227
469	28.9549
470	28.982
471	28.9474
472	28.948
473	28.9285
474	28.9054
475	28.8782
476	28.8367
477	28.8313
478	28.7904
479	28.866
480	28.8815
481	28.8778
482	28.8723
483	28.893
484	28.8634
485	28.9226
486	28.9239
487	28.9322
488	28.9147
489	28.8924
490	28.8668
491	28.8323
492	28.8357
493	28.7945
494	28.762
495	28.7288
496	28.6858
497	28.6556
498	28.6205
499	28.6573
500	28.644
501	28.614
502	28.6134
503	28.574
504	28.5304
505	28.5463
506	28.5616
507	28.5957
508	28.5687
509	28.5474
510	28.5216
511	28.4976
512	28.4671
513	28.4622
514	28.5024
515	28.4881
516	28.4873
517	28.5058
518	28.4978
519	28.4806
520	28.5161
521	28.4945
522	28.4906
523	28.4824
524	28.5362
525	28.5003
526	28.5022
527	28.4684
528	28.4929
529	28.4657
530	28.4513
531	28.4226
532	28.4147
533	28.3882
534	28.3646
535	28.3404
536	28.3126
537	28.2807
538	28.2528
539	28.2272
540	28.1987
541	28.2478
542	28.2218
543	28.2038
544	28.1805
545	28.1464
546	28.1197
547	28.0847
548	28.0534
549	28.0316
550	28.07
551	28.0646
552	28.0367
553	28.0122
554	28.0036
555	28.0155
556	28.0236
557	28.0052
558	27.9874
559	27.9579
560	27.9315
561	27.9128
562	27.8973
563	27.8974
564	27.9173
565	27.9818
566	27.9812
567	27.9701
568	27.9574
569	27.9341
570	27.9289
571	27.9181
572	27.9747
573	28.0127
574	27.9833
575	27.9797
576	28.0091
577	28.0144
578	28.0067
579	28.0277
580	28.036
581	28.0307
582	28.0207
583	28.0486
584	28.0748
585	28.0602
586	28.0369
587	28.0119
588	27.9794
589	27.956
590	27.947
591	27.957
592	28.0176
593	28.0698
594	28.1299
595	28.1342
596	28.1215
597	28.1081
598	28.0841
599	28.0733
600	28.0536
601	28.0317
602	28.1077
603	28.1072
604	28.1076
605	28.0822
606	28.0555
607	28.0922
608	28.2552
609	28.3936
610	28.3997
611	28.3722
612	28.346
613	28.3245
614	28.3685
615	28.3458
616	28.3401
617	28.3637
618	28.3641
619	28.4129
620	28.5957
621	28.6751
622	28.723
623	28.7005
624	28.6725
625	28.6433
626	28.6817
627	28.6582
628	28.6612
629	28.647
630	28.6124
631	28.5849
632	28.613
633	28.6278
634	28.6057
635	28.594
636	28.5704
637	28.5973
638	28.5733
639	28.5562
640	28.5441
641	28.5227
642	28.4974
643	28.4791
644	28.4515
645	28.4285
646	28.4048
647	28.419
648	28.4908
649	28.5665
650	28.544
651	28.5386
652	28.5184
653	28.529
654	28.5086
655	28.4965
656	28.4794
657	28.471
658	28.4469
659	28.4401
660	28.4265
661	28.4337
662	28.4464
663	28.4438
664	28.4548
665	28.4361
666	28.4753
667	28.4744
668	28.5148
669	28.5249
670	28.5085
671	28.4937
672	28.4802
673	28.4583
674	28.4491
675	28.427
676	28.4071
677	28.4134
678	28.4514
679	28.4243
680	28.4058
681	28.3898
682	28.3748
683	28.3648
684	28.3721
685	28.3886
686	28.3951
687	28.4102
688	28.3848
689	28.3733
690	28.3588
691	28.3392
692	28.3301
693	28.3098
694	28.3002
695	28.2873
696	28.2579
697	28.2391
698	28.2202
699	28.2052
700	28.1802
701	28.1606
702	28.144
703	28.1216
704	28.0932
705	28.0797
706	28.0751
707	28.0785
708	28.0625
709	28.0491
710	28.0508
711	28.0634
712	28.0515
713	28.0388
714	28.0192
715	28.0223
716	28.0148
717	28.0321
718	28.0686
719	28.1097
720	28.1525
721	28.169
722	28.1465
723	28.1615
724	28.1799
725	28.1781
726	28.1776
727	28.1502
728	28.1288
729	28.1371
730	28.1738
731	28.1566
732	28.1443
733	28.1253
734	28.0985
735	28.1002
736	28.0824
737	28.0578
738	28.03
739	28.0109
740	27.9939
741	27.9792
742	27.9877
743	27.9729
744	27.993
745	27.9791
746	27.9714
747	27.96
748	27.952
749	27.9693
750	27.9651
751	27.9651
752	27.9915
753	27.9994
754	27.9793
755	27.9837
756	28.0164
757	28.0019
758	27.9837
759	27.9626
760	28.0832
761	28.1306
762	28.1147
763	28.1007
764	28.1312
765	28.1331
766	28.1318
767	28.2775
768	28.2565
769	28.2471
770	28.2399
771	28.2149
772	28.2236
773	28.2012
774	28.1891
775	28.1702
776	28.1582
777	28.1459
778	28.1434
779	28.1584
780	28.1486
781	28.1464
782	28.1254
783	28.1056
784	28.0918
785	28.0704
786	28.0463
787	28.0596
788	28.0535
789	28.0404
790	28.0412
791	28.0479
792	28.0379
793	28.0142
794	27.9914
795	27.9757
796	27.9697
797	27.954
798	27.9712
799	27.9438
800	27.9517
801	27.9385
802	27.9184
803	27.9087
804	27.8942
805	27.8882
806	27.8718
807	27.8561
808	27.8326
809	27.8338
810	27.8438
811	27.8438
812	27.8253
813	27.8235
814	27.8236
815	27.8076
816	27.7843
817	27.7783
818	27.7744
819	27.7581
820	27.7923
821	27.7786
822	27.7575
823	27.7539
824	27.8054
825	27.856
826	27.8594
827	27.8496
828	27.8304
829	27.8168
830	27.8031
831	27.7939
832	27.8098
833	27.7954
834	27.7817
835	27.7618
836	27.7374
837	27.7198
838	27.6975
839	27.6765
840	27.6623
841	27.648
842	27.6739
843	27.6979
844	27.7052
845	27.7035
846	27.7036
847	27.6988
848	27.684
849	27.6618
850	27.6383
851	27.6402
852	27.6259
853	27.6129
854	27.6233
855	27.6429
856	27.653
857	27.6533
858	27.6496
859	27.6422
860	27.6213
861	27.6361
862	27.6187
863	27.5939
864	27.5766
865	27.5576
866	27.5975
867	27.5914
868	27.5852
869	27.5624
870	27.5469
871	27.5355
872	27.5468
873	27.566
874	27.553
875	27.5581
876	27.5559
877	27.5598
878	27.5399
879	27.54
880	27.5208
881	27.5157
882	27.537
883	27.5453
884	27.5309
885	27.533
886	27.5294
887	27.5179
888	27.5051
889	27.498
890	27.503
891	27.5108
892	27.5027
893	27.5109
894	27.5483
895	27.5862
896	27.5836
897	27.6
898	27.6016
899	27.5921
900	27.5724
901	27.5889
902	27.5754
903	27.5865
904	27.583
905	27.5803
906	27.5687
907	27.5506
908	27.5426
909	27.5408
910	27.5495
911	27.5334
912	27.5163
913	27.5144
914	27.5121
915	27.5024
916	27.4923
917	27.4769
918	27.4679
919	27.4599
920	27.441
921	27.435
922	27.4185
923	27.419
924	27.3986
925	27.3808
926	27.3956
927	27.4032
928	27.4263
929	27.4101
930	27.4146
931	27.4195
932	27.4155
933	27.3976
934	27.4112
935	27.4886
936	27.5473
937	27.5591
938	27.5455
939	27.5371
940	27.5449
941	27.5394
942	27.521
943	27.5401
944	27.5661
945	27.6631
946	27.6661
947	27.6644
948	27.702
949	27.6921
950	27.6863
951	27.6639
952	27.6493
953	27.6657
954	27.6551
955	27.6639
956	27.6558
957	27.6531
958	27.6351
959	27.6179
960	27.609
961	27.5914
962	27.5847
963	27.5795
964	27.5941
965	27.6072
966	27.5986
967	27.6032
968	27.5919
969	27.5828
970	27.5666
971	27.5574
972	27.5582
973	27.5905
974	27.5698
975	27.5596
976	27.5431
977	27.5311
978	27.5171
979	27.5204
980	27.5277
981	27.5111
982	27.4977
983	27.5132
984	27.5007
985	27.4849
986	27.4727
987	27.467
988	27.4611
989	27.4438
990	27.4481
991	27.4329
992	27.4175
993	27.4152
994	27.4221
995	27.415
996	27.4261
997	27.4333
998	27.4552
999	27.4627
