0	131.179
1	255.443
2	397.298
3	343.314
4	372.361
5	352.629
6	334.135
7	390.505
8	1109.17
9	1018.27
10	966.688
11	913.556
12	942.233
13	892.865
14	854.51
15	819.78
16	806.903
17	827.333
18	801.865
19	778.129
20	755.389
21	737.694
22	726.911
23	707.298
24	693.26
25	685.708
26	672.188
27	656.668
28	645.095
29	632.103
30	619.743
31	610.161
32	667.289
33	737
34	723.345
35	711.667
36	765.292
37	919.355
38	906.224
39	891.299
40	889.228
41	876.656
42	862.072
43	872.228
44	859.755
45	866.331
46	876.745
47	862.568
48	855.878
49	844.478
50	833.897
51	827.026
52	818.64
53	906.651
54	912.864
55	904.304
56	901.267
57	892.609
58	882.93
59	881.326
60	877.231
61	1067.7
62	1173.57
63	1213.08
64	1200.32
65	1190.53
66	1179.93
67	1171.53
68	1161.91
69	1159.78
70	1148.07
71	1136.61
72	1126.7
73	1117.58
74	1109.24
75	1097.87
76	1087.17
77	1080.39
78	1073.39
79	1066.53
80	1061.08
81	1052.47
82	1046.03
83	1090.57
84	1082.57
85	1076.26
86	1069.32
87	1071.57
88	1065.38
89	1058.7
90	1052.73
91	1049.34
92	1048.62
93	1042.37
94	1036.31
95	1029.88
96	1023.7
97	1016.8
98	1010.53
99	1005.24
100	999.015
101	993.096
102	988.793
103	982.526
104	975.711
105	969.151
106	962.862
107	967.21
108	1005.55
109	1000.97
110	995.036
111	990.316
112	985.931
113	983.443
114	977.749
115	972.156
116	966.175
117	960.253
118	956.209
119	951.608
120	946.11
121	940.787
122	946.869
123	942.466
124	937.941
125	933.395
126	928.651
127	923.674
128	919.933
129	917.41
130	912.67
131	921.611
132	918.383
133	914.202
134	910.459
135	906.43
136	901.99
137	897.493
138	893.803
139	889.308
140	885.803
141	881.511
142	895.384
143	926.003
144	921.21
145	918.041
146	915.427
147	925.983
148	927.379
149	922.903
150	919.076
151	914.848
152	910.577
153	907.181
154	907.728
155	904.819
156	901.434
157	898.659
158	895.659
159	892.495
160	891.198
161	887.427
162	883.599
163	880.648
164	877.476
165	874.359
166	872.614
167	869.056
168	866.12
169	862.816
170	858.925
171	856.411
172	853.261
173	854.134
174	851.423
175	864.281
176	863.284
177	860.698
178	857.779
179	855.251
180	853.223
181	850.674
182	848.425
183	845.296
184	842.832
185	839.54
186	841.087
187	838.693
188	836.019
189	834.444
190	832.121
191	834.748
192	832.177
193	830.462
194	828.616
195	825.77
196	827.154
197	825.228
198	831.11
199	829.199
200	826.848
201	824.732
202	822.248
203	838.552
204	867.934
205	866.612
206	863.901
207	861.269
208	858.936
209	856.537
210	855.224
211	853.495
212	850.442
213	848.369
214	845.938
215	844.387
216	843.67
217	840.884
218	839.471
219	838.185
220	836.336
221	834.014
222	837.17
223	843.221
224	841.988
225	839.819
226	838.955
227	836.906
228	837.875
229	836.252
230	834.592
231	839.113
232	837.577
233	836.427
234	837.008
235	834.909
236	832.981
237	830.306
238	829.089
239	828.302
240	846.472
241	847.619
242	845.139
243	842.168
244	841.129
245	838.753
246	846.878
247	865.141
248	863.014
249	867.214
250	870.664
251	871.204
252	868.954
253	866.93
254	866.067
255	864.271
256	862.331
257	860.137
258	858.328
259	857.69
260	855.531
261	867.174
262	865.498
263	863.398
264	863.223
265	861.047
266	859.3
267	857.812
268	855.26
269	855.616
270	854.566
271	852.942
272	867.655
273	869.606
274	868.077
275	866.669
276	864.932
277	863.251
278	861.856
279	881.035
280	887.22
281	884.946
282	884.61
283	882.098
284	879.943
285	878.309
286	876.716
287	876.181
288	874.078
289	872.032
290	870.251
291	868.733
292	866.785
293	864.788
294	863.296
295	861.187
296	861.149
297	859.443
298	859.141
299	857.683
300	855.748
301	853.888
302	851.957
303	850.541
304	849.38
305	848.084
306	846.517
307	845.002
308	843.513
309	841.863
310	840.457
311	845.653
312	844.654
313	843.284
314	841.918
315	840.899
316	839.755
317	838.17
318	837.198
319	836.508
320	858.319
321	859.605
322	858.214
323	856.988
324	855.687
325	856.439
326	854.88
327	853.149
328	851.565
329	850.188
330	848.732
331	846.89
332	845.289
333	843.603
334	841.882
335	841.298
336	839.717
337	838.26
338	853.242
339	852.475
340	851.118
341	849.566
342	852.497
343	851.05
344	849.76
345	848.326
346	847.331
347	846.853
348	861.908
349	874.832
350	880.955
351	903.729
352	928.269
353	934.042
354	932.439
355	931.425
356	930.611
357	929.073
358	927.623
359	925.846
360	924.354
361	922.997
362	921.498
363	919.77
364	918.228
365	917.045
366	915.736
367	918.67
368	925.274
369	924.661
370	930.931
371	933.43
372	932.55
373	934.923
374	934.427
375	933.199
376	932.401
377	930.694
378	928.985
379	927.316
380	925.806
381	925.582
382	929.252
383	932.272
384	930.82
385	932.821
386	935.366
387	934.203
388	933.012
389	931.531
390	933.542
391	934.288
392	932.62
393	931.111
394	929.756
395	928.345
396	926.714
397	925.455
398	930.973
399	933.688
400	934.448
401	933.371
402	931.883
403	930.27
404	928.621
405	926.926
406	925.591
407	924.433
408	923.041
409	921.332
410	919.846
411	918.369
412	916.945
413	915.558
414	915.981
415	914.57
416	913.036
417	915.095
418	913.614
419	912.393
420	911.316
421	909.76
422	908.534
423	909.345
424	911.744
425	910.719
426	913.717
427	912.686
428	911.285
429	910.116
430	915.936
431	961.543
432	973.827
433	972.834
434	971.375
435	970.193
436	968.696
437	967.684
438	966.315
439	965.097
440	967.748
441	974.86
442	980.486
443	979.324
444	980.989
445	979.448
446	978.759
447	977.006
448	975.965
449	974.616
450	973.358
451	971.906
452	970.356
453	968.74
454	967.391
455	965.934
456	964.241
457	962.832
458	962.37
459	961.841
460	960.633
461	959.317
462	958.249
463	957.314
464	956.236
465	954.709
466	953.306
467	951.966
468	952.754
469	952.806
470	952.178
471	950.998
472	949.953
473	948.494
474	946.971
475	945.556
476	944.508
477	943.406
478	942.344
479	944.264
480	943.427
481	941.988
482	940.722
483	939.764
484	938.463
485	940.65
486	939.871
487	939.153
488	938.279
489	937.453
490	936.204
491	935.03
492	934.109
493	933.208
494	932.238
495	931.074
496	930.202
497	929.204
498	928.109
499	929.244
500	927.885
501	926.715
502	925.351
503	924.371
504	923.549
505	924.289
506	923.398
507	924.173
508	923.212
509	922.095
510	920.856
511	919.837
512	918.782
513	917.761
514	917.615
515	916.576
516	915.275
517	914.849
518	913.649
519	912.666
520	912.252
521	911.131
522	909.75
523	908.45
524	910.39
525	909.413
526	908.341
527	907.352
528	907.084
529	906.12
530	905.064
531	904.113
532	903.376
533	902.322
534	901.233
535	900.104
536	899.084
537	898.168
538	897.16
539	895.988
540	894.905
541	895.275
542	894.182
543	892.911
544	891.936
545	891.051
546	890.047
547	889.199
548	888.276
549	887.221
550	887.553
551	886.638
552	885.698
553	884.775
554	883.535
555	883.103
556	882.135
557	881.137
558	880.147
559	879.216
560	878.211
561	877.072
562	876.095
563	874.908
564	874.184
565	875.638
566	874.828
567	873.715
568	872.872
569	871.814
570	870.846
571	869.877
572	872.558
573	873.846
574	872.974
575	873.041
576	873.376
577	872.41
578	871.555
579	871.013
580	870.255
581	869.423
582	868.727
583	869.648
584	870.261
585	869.402
586	868.475
587	867.562
588	866.872
589	865.926
590	864.789
591	864.378
592	867.408
593	869.907
594	872.056
595	871.393
596	870.248
597	869.238
598	868.406
599	867.449
600	866.353
601	865.392
602	868.6
603	867.77
604	866.927
605	866.057
606	865.184
607	866.787
608	882.564
609	893.469
610	892.779
611	891.892
612	891.021
613	890.017
614	891.077
615	890.206
616	889.054
617	889.001
618	888.33
619	890.096
620	910.362
621	914.765
622	917.077
623	916.206
624	915.375
625	914.584
626	915.451
627	914.748
628	913.859
629	913.027
630	912.37
631	911.541
632	911.304
633	910.96
634	910.135
635	909.105
636	908.279
637	907.873
638	907.077
639	906.213
640	905.186
641	904.311
642	903.446
643	902.55
644	901.723
645	900.844
646	900.028
647	899.535
648	905.662
649	909.744
650	908.846
651	907.865
652	907.186
653	906.532
654	905.606
655	904.597
656	903.971
657	903.01
658	902.143
659	901.344
660	900.466
661	900.16
662	899.76
663	898.794
664	898.275
665	897.308
666	898.56
667	897.608
668	898.499
669	898.523
670	897.751
671	896.839
672	896.126
673	895.224
674	894.528
675	893.682
676	892.817
677	892.427
678	893.105
679	892.383
680	891.6
681	890.712
682	889.887
683	888.88
684	888.388
685	888.947
686	888.655
687	887.83
688	887.126
689	886.156
690	885.6
691	884.84
692	883.932
693	883.127
694	882.512
695	881.978
696	881.398
697	880.62
698	879.876
699	878.941
700	878.257
701	877.486
702	876.607
703	875.836
704	875.23
705	874.398
706	873.404
707	873.116
708	872.525
709	871.708
710	871.015
711	870.811
712	869.967
713	869.027
714	868.204
715	868.045
716	867.194
717	867.249
718	867.973
719	869.856
720	871.668
721	871.989
722	871.301
723	871.958
724	871.926
725	871.172
726	870.527
727	869.934
728	869.192
729	868.765
730	869.065
731	868.303
732	867.48
733	866.717
734	866.161
735	865.425
736	864.697
737	864.044
738	863.481
739	862.771
740	862.066
741	861.317
742	860.827
743	860.112
744	859.715
745	858.986
746	858.43
747	857.815
748	857.574
749	857.413
750	856.609
751	855.904
752	856.043
753	855.306
754	854.65
755	854.596
756	856.044
757	855.472
758	854.774
759	854.091
760	865.242
761	867.584
762	866.871
763	866.332
764	866.188
765	865.433
766	865.327
767	881.771
768	881.312
769	880.626
770	880.058
771	879.484
772	879.234
773	878.552
774	877.891
775	877.261
776	876.444
777	875.673
778	874.795
779	874.642
780	873.807
781	872.983
782	872.314
783	871.64
784	870.903
785	870.244
786	869.663
787	869.591
788	868.934
789	868.132
790	867.643
791	867.488
792	866.701
793	866.121
794	865.511
795	864.846
796	864.278
797	863.521
798	863.538
799	863.095
800	862.415
801	861.608
802	860.979
803	860.209
804	859.512
805	858.798
806	858.113
807	857.445
808	856.897
809	856.985
810	856.718
811	855.954
812	855.391
813	854.659
814	854.021
815	853.33
816	852.781
817	852.084
818	851.511
819	851.025
820	851.265
821	850.502
822	849.919
823	849.635
824	851.906
825	854.252
826	854.266
827	853.446
828	853.051
829	852.532
830	851.898
831	851.289
832	851.614
833	850.975
834	850.275
835	849.686
836	849.217
837	848.648
838	848.129
839	847.578
840	846.931
841	846.247
842	846.745
843	846.623
844	846.104
845	845.927
846	845.533
847	844.732
848	844.126
849	843.603
850	843.127
851	842.915
852	842.261
853	841.61
854	841.514
855	841.809
856	841.759
857	841.304
858	840.838
859	840.24
860	839.733
861	839.615
862	839.038
863	838.62
864	838.014
865	837.423
866	839.274
867	838.658
868	837.906
869	837.437
870	836.759
871	836.092
872	836.239
873	836.134
874	835.436
875	834.749
876	834.164
877	833.618
878	833.123
879	832.515
880	831.997
881	831.542
882	832.165
883	832.027
884	831.424
885	830.754
886	830.017
887	829.416
888	828.902
889	828.278
890	828.281
891	828.042
892	827.537
893	827.299
894	828.086
895	829.297
896	828.93
897	829.16
898	828.584
899	828.188
900	827.735
901	828.122
902	827.607
903	827.966
904	827.387
905	826.707
906	826.206
907	825.687
908	825.24
909	824.996
910	824.422
911	823.817
912	823.266
913	823.085
914	822.63
915	822.061
916	821.401
917	820.79
918	820.316
919	819.697
920	819.19
921	818.57
922	818.025
923	817.487
924	817.099
925	816.574
926	816.22
927	815.884
928	816.05
929	815.482
930	816.063
931	815.902
932	815.416
933	814.998
934	815.315
935	820.58
936	824.53
937	824.435
938	823.899
939	823.351
940	823.49
941	823.626
942	823.136
943	823.56
944	824.382
945	833.498
946	833.425
947	832.942
948	833.614
949	833.04
950	832.663
951	832.292
952	831.708
953	831.515
954	830.965
955	830.643
956	830.173
957	829.752
958	829.316
959	828.826
960	828.28
961	827.824
962	827.207
963	826.525
964	826.537
965	826.442
966	825.927
967	825.526
968	824.917
969	824.289
970	823.754
971	823.17
972	823.104
973	824.225
974	823.83
975	823.285
976	822.788
977	822.27
978	821.738
979	821.165
980	820.644
981	820.178
982	819.669
983	819.979
984	819.444
985	818.938
986	818.45
987	817.828
988	817.217
989	816.77
990	816.454
991	815.966
992	815.446
993	814.806
994	814.457
995	813.795
996	813.84
997	813.845
998	815.192
999	814.743
