0	3.72959
1	4.2549
2	3.77944
3	3.96531
4	3.72557
5	4.21374
6	4.23702
7	4.35337
8	4.82494
9	4.58958
10	4.897
11	4.69378
12	4.54981
13	4.42207
14	4.34398
15	4.30771
16	4.26296
17	4.1719
18	4.36611
19	4.34078
20	4.28006
21	4.25184
22	4.21718
23	4.17122
24	4.08164
25	4.08622
26	4.02891
27	4.02382
28	4.04005
29	4.0068
30	3.9719
31	3.96572
32	3.93433
33	3.9083
34	3.87819
35	3.85701
36	3.83241
37	3.83317
38	3.8176
39	3.86027
40	3.82953
41	3.8536
42	3.85706
43	3.85367
44	3.83761
45	3.88086
46	3.94285
47	3.91407
48	3.91493
49	3.92195
50	3.91782
51	3.89271
52	3.92509
53	3.92387
54	3.92653
55	3.8885
56	3.88386
57	3.8745
58	3.87009
59	3.85745
60	3.85558
61	3.82867
62	3.81031
63	3.81566
64	3.79589
65	3.85723
66	3.88356
67	3.86433
68	3.85487
69	3.84634
70	3.81814
71	3.81414
72	3.81023
73	3.81024
74	3.79475
75	3.81832
76	3.81366
77	3.78624
78	3.80086
79	3.79201
80	3.78087
81	3.77326
82	3.77915
83	3.77267
84	3.76848
85	3.76759
86	3.75748
87	3.74832
88	3.7511
89	3.75424
90	3.75871
91	3.78308
92	3.78156
93	3.78939
94	3.78134
95	3.77352
96	3.77493
97	3.77241
98	3.77101
99	3.76103
100	3.74594
101	3.73388
102	3.7331
103	3.73772
104	3.73729
105	3.75419
106	3.7491
107	3.75686
108	3.74692
109	3.74019
110	3.75308
111	3.74904
112	3.73566
113	3.72479
114	3.72349
115	3.73139
116	3.73496
117	3.75592
118	3.74812
119	3.74558
120	3.74252
121	3.73715
122	3.73841
123	3.76952
124	3.76118
125	3.75028
126	3.76442
127	3.75539
128	3.74221
129	3.74819
130	3.74454
131	3.74226
132	3.73773
133	3.72493
134	3.72833
135	3.726
136	3.71171
137	3.71139
138	3.71247
139	3.71044
140	3.70495
141	3.69497
142	3.69086
143	3.68335
144	3.68619
145	3.67276
146	3.67194
147	3.66969
148	3.66499
149	3.65637
150	3.6503
151	3.6696
152	3.67032
153	3.66771
154	3.66123
155	3.65115
156	3.64615
157	3.65081
158	3.64385
159	3.64455
160	3.63229
161	3.62787
162	3.62003
163	3.62643
164	3.62447
165	3.62613
166	3.61934
167	3.61465
168	3.62581
169	3.62432
170	3.61972
171	3.62019
172	3.61858
173	3.62741
174	3.61873
175	3.614
176	3.61433
177	3.6262
178	3.621
179	3.62168
180	3.61811
181	3.61509
182	3.61465
183	3.61003
184	3.61606
185	3.61588
186	3.63017
187	3.62364
188	3.62806
189	3.62863
190	3.62753
191	3.62945
192	3.62586
193	3.62138
194	3.62112
195	3.62423
196	3.61621
197	3.61573
198	3.62525
199	3.63793
200	3.6413
201	3.64484
202	3.6436
203	3.64328
204	3.64344
205	3.64782
206	3.64386
207	3.64042
208	3.63633
209	3.62803
210	3.62832
211	3.63516
212	3.63347
213	3.63095
214	3.62829
215	3.63117
216	3.64619
217	3.65406
218	3.65284
219	3.64745
220	3.65031
221	3.65102
222	3.64976
223	3.64751
224	3.64572
225	3.6472
226	3.64326
227	3.64642
228	3.64486
229	3.65325
230	3.6582
231	3.66179
232	3.66134
233	3.66474
234	3.6594
235	3.65369
236	3.64827
237	3.64715
238	3.64816
239	3.64989
240	3.65613
241	3.65841
242	3.65505
243	3.66231
244	3.6637
245	3.66004
246	3.65447
247	3.65429
248	3.65288
249	3.65174
250	3.65143
251	3.65921
252	3.65386
253	3.65258
254	3.65083
255	3.64686
256	3.65459
257	3.65293
258	3.64721
259	3.64427
260	3.6572
261	3.65127
262	3.64978
263	3.64988
264	3.6452
265	3.6423
266	3.64642
267	3.64158
268	3.64511
269	3.64022
270	3.64513
271	3.64751
272	3.64745
273	3.6438
274	3.64677
275	3.65125
276	3.65016
277	3.64385
278	3.64588
279	3.64405
280	3.6413
281	3.64417
282	3.64284
283	3.64787
284	3.65222
285	3.64696
286	3.6418
287	3.63972
288	3.63998
289	3.63502
290	3.64108
291	3.63707
292	3.63398
293	3.6317
294	3.63164
295	3.63154
296	3.62621
297	3.62162
298	3.62375
299	3.62479
300	3.62913
301	3.63196
302	3.6367
303	3.62997
304	3.63041
305	3.63864
306	3.64069
307	3.64084
308	3.6385
309	3.63816
310	3.65196
311	3.64936
312	3.64443
313	3.64355
314	3.64012
315	3.636
316	3.63563
317	3.63413
318	3.62977
319	3.6265
320	3.62214
321	3.62009
322	3.62754
323	3.63187
324	3.64335
325	3.65012
326	3.64895
327	3.6489
328	3.64554
329	3.64412
330	3.64069
331	3.63568
332	3.63303
333	3.63065
334	3.63308
335	3.63854
336	3.63474
337	3.6309
338	3.63345
339	3.63661
340	3.63389
341	3.62989
342	3.62606
343	3.62597
344	3.6392
345	3.63718
346	3.64031
347	3.6352
348	3.63811
349	3.64254
350	3.6492
351	3.65426
352	3.65326
353	3.65328
354	3.65216
355	3.65564
356	3.65151
357	3.64932
358	3.65085
359	3.6462
360	3.64732
361	3.6443
362	3.64379
363	3.6477
364	3.6544
365	3.6503
366	3.6526
367	3.64997
368	3.64629
369	3.64495
370	3.64474
371	3.64416
372	3.64537
373	3.64195
374	3.63933
375	3.64244
376	3.64278
377	3.64033
378	3.63747
379	3.64062
380	3.63911
381	3.63836
382	3.63638
383	3.63172
384	3.63558
385	3.63437
386	3.63016
387	3.62712
388	3.62509
389	3.62333
390	3.62232
391	3.62133
392	3.61977
393	3.61691
394	3.61848
395	3.62096
396	3.61819
397	3.62243
398	3.6229
399	3.61853
400	3.61615
401	3.61345
402	3.61761
403	3.62396
404	3.62119
405	3.62247
406	3.62171
407	3.62169
408	3.61918
409	3.61895
410	3.61793
411	3.61604
412	3.61345
413	3.61516
414	3.62605
415	3.62568
416	3.62527
417	3.62569
418	3.62557
419	3.62254
420	3.62081
421	3.61899
422	3.62084
423	3.61947
424	3.61754
425	3.61765
426	3.6173
427	3.61606
428	3.61586
429	3.61375
430	3.6112
431	3.60984
432	3.60921
433	3.61412
434	3.61074
435	3.61141
436	3.60951
437	3.60951
438	3.61523
439	3.61218
440	3.6119
441	3.6097
442	3.61074
443	3.61224
444	3.61051
445	3.61225
446	3.61519
447	3.61372
448	3.61524
449	3.61605
450	3.61365
451	3.61161
452	3.61458
453	3.61367
454	3.61414
455	3.6135
456	3.61634
457	3.61444
458	3.61498
459	3.61923
460	3.61944
461	3.61768
462	3.61465
463	3.61765
464	3.61876
465	3.62299
466	3.62342
467	3.62384
468	3.62442
469	3.6234
470	3.62245
471	3.62214
472	3.62335
473	3.6204
474	3.61929
475	3.61793
476	3.61689
477	3.61724
478	3.61533
479	3.61853
480	3.62085
481	3.61793
482	3.61651
483	3.61558
484	3.61429
485	3.61264
486	3.61015
487	3.60706
488	3.60623
489	3.60559
490	3.60221
491	3.60085
492	3.59876
493	3.59716
494	3.5982
495	3.59781
496	3.59735
497	3.59443
498	3.59354
499	3.59295
