0	0.447742
1	0.427081
2	0.466235
3	0.487479
4	0.483667
5	0.476124
6	0.472428
7	0.471439
8	0.460298
9	0.454394
10	0.445824
11	0.447714
12	0.449547
13	0.450087
14	0.451124
15	0.447234
16	0.445821
17	0.445133
18	0.443271
19	0.446896
20	0.446416
21	0.445627
22	0.442343
23	0.438839
24	0.438088
25	0.437501
26	0.437334
27	0.437682
28	0.43873
29	0.439502
30	0.440271
31	0.439972
32	0.438912
33	0.438433
34	0.441094
35	0.43977
36	0.440369
37	0.442424
38	0.440419
39	0.440833
40	0.440297
41	0.439404
42	0.438353
43	0.437937
44	0.435787
45	0.434939
46	0.434725
47	0.434619
48	0.432945
49	0.4312
50	0.429301
51	0.43067
52	0.4298
53	0.430413
54	0.431091
55	0.430585
56	0.430767
57	0.429038
58	0.427425
59	0.427122
60	0.426059
61	0.428412
62	0.427583
63	0.42835
64	0.429503
65	0.430336
66	0.430109
67	0.429966
68	0.430393
69	0.430364
70	0.429632
71	0.429954
72	0.430903
73	0.432227
74	0.431517
75	0.432319
76	0.432061
77	0.434175
78	0.433811
79	0.433507
80	0.432426
81	0.431983
82	0.432165
83	0.432208
84	0.433104
85	0.43397
86	0.433516
87	0.432993
88	0.432938
89	0.432412
90	0.432307
91	0.432056
92	0.431213
93	0.431694
94	0.431787
95	0.43234
96	0.432561
97	0.432
98	0.431901
99	0.431215
100	0.430652
101	0.430984
102	0.43025
103	0.429855
104	0.42916
105	0.429548
106	0.429856
107	0.430331
108	0.431671
109	0.431759
110	0.43148
111	0.430639
112	0.430361
113	0.430394
114	0.430159
115	0.429305
116	0.428859
117	0.428784
118	0.427839
119	0.426703
120	0.427011
121	0.426243
122	0.42625
123	0.428352
124	0.427988
125	0.427689
126	0.427423
127	0.427749
128	0.427609
129	0.42768
130	0.427442
131	0.427529
132	0.427073
133	0.427672
134	0.427779
135	0.427814
136	0.427827
137	0.427925
138	0.428259
139	0.428962
140	0.429159
141	0.429319
142	0.429346
143	0.429296
144	0.428845
145	0.428973
146	0.428742
147	0.427907
148	0.42788
149	0.427455
150	0.427747
151	0.427686
152	0.427305
153	0.427138
154	0.426668
155	0.426909
156	0.426937
157	0.427149
158	0.426918
159	0.427242
160	0.427065
161	0.427131
162	0.42656
163	0.426649
164	0.426462
165	0.426888
166	0.426932
167	0.426884
168	0.426564
169	0.426206
170	0.426163
171	0.425985
172	0.425654
173	0.425692
174	0.426136
175	0.425855
176	0.426168
177	0.426032
178	0.425673
179	0.425564
180	0.426127
181	0.426141
182	0.42603
183	0.426016
184	0.425666
185	0.42571
186	0.425814
187	0.426036
188	0.425838
189	0.42585
190	0.425906
191	0.42586
192	0.426274
193	0.426079
194	0.426327
195	0.42608
196	0.426385
197	0.425871
198	0.425965
199	0.426284
200	0.426
201	0.426763
202	0.426883
203	0.426541
204	0.426606
205	0.427325
206	0.427267
207	0.427069
208	0.426827
209	0.426956
210	0.426944
211	0.426866
212	0.42708
213	0.42721
214	0.42723
215	0.427284
216	0.427188
217	0.427073
218	0.426912
219	0.426718
220	0.426432
221	0.426744
222	0.426853
223	0.426584
224	0.426894
225	0.426769
226	0.426521
227	0.426372
228	0.426819
229	0.427012
230	0.42722
231	0.427666
232	0.427916
233	0.428058
234	0.42844
235	0.428367
236	0.428104
237	0.427914
238	0.427994
239	0.427687
240	0.427801
241	0.427996
242	0.427973
243	0.427543
244	0.427665
245	0.427383
246	0.427136
247	0.427064
248	0.427378
249	0.427409
250	0.427699
251	0.427415
252	0.4276
253	0.427717
254	0.428185
255	0.428392
256	0.428455
257	0.428346
258	0.428255
259	0.428538
260	0.428099
261	0.427815
262	0.427666
263	0.427871
264	0.427647
265	0.427855
266	0.427695
267	0.427651
268	0.427458
269	0.427372
270	0.427285
271	0.427276
272	0.427391
273	0.427374
274	0.427221
275	0.427144
276	0.427015
277	0.426604
278	0.42661
279	0.426928
280	0.426849
281	0.426763
282	0.426821
283	0.426835
284	0.42685
285	0.426864
286	0.426663
287	0.426554
288	0.426392
289	0.426631
290	0.426602
291	0.426461
292	0.426617
293	0.426752
294	0.426534
295	0.426718
296	0.426646
297	0.426595
298	0.426982
299	0.426876
300	0.426881
301	0.426606
302	0.426493
303	0.426582
304	0.42642
305	0.426282
306	0.4263
307	0.426305
308	0.426311
309	0.426495
310	0.426447
311	0.426591
312	0.426621
313	0.42671
314	0.426826
315	0.427018
316	0.426912
317	0.426857
318	0.426851
319	0.426717
320	0.42677
321	0.426789
322	0.426958
323	0.427134
324	0.426957
325	0.426702
326	0.426445
327	0.426677
328	0.426977
329	0.427114
330	0.427447
331	0.427403
332	0.427282
333	0.427495
334	0.427418
335	0.427375
336	0.427568
337	0.427599
338	0.427729
339	0.427772
340	0.427721
341	0.427765
342	0.427943
343	0.427813
344	0.427993
345	0.427957
346	0.42755
347	0.42737
348	0.427266
349	0.427413
350	0.427192
351	0.427373
352	0.427519
353	0.427685
354	0.427846
355	0.427843
356	0.427952
357	0.427752
358	0.427898
359	0.427864
360	0.427903
361	0.428477
362	0.428374
363	0.428561
364	0.428606
365	0.428278
366	0.428222
367	0.428191
368	0.428306
369	0.428249
370	0.428341
371	0.42849
372	0.42866
373	0.428619
374	0.428741
375	0.428882
376	0.428858
377	0.429151
378	0.42876
379	0.42869
380	0.428763
381	0.428903
382	0.429067
383	0.429101
384	0.429202
385	0.429083
386	0.42918
387	0.429159
388	0.429018
389	0.429203
390	0.429118
391	0.42916
392	0.42945
393	0.429434
394	0.429406
395	0.429201
396	0.429346
397	0.429439
398	0.429609
399	0.429717
400	0.429732
401	0.429668
402	0.429617
403	0.429558
404	0.429437
405	0.429343
406	0.429252
407	0.429217
408	0.429145
409	0.428696
410	0.428502
411	0.428455
412	0.42843
413	0.428339
414	0.428177
415	0.428025
416	0.42788
417	0.427737
418	0.427725
419	0.427739
420	0.427902
421	0.427656
422	0.427839
423	0.427856
424	0.427805
425	0.427899
426	0.427875
427	0.428077
428	0.428036
429	0.428129
430	0.428281
431	0.428211
432	0.428076
433	0.428159
434	0.428255
435	0.428506
436	0.428496
437	0.428455
438	0.428439
439	0.428258
440	0.428431
441	0.42823
442	0.428305
443	0.428493
444	0.4282
445	0.428258
446	0.428378
447	0.428495
448	0.428584
449	0.42874
450	0.428729
451	0.428607
452	0.428462
453	0.428397
454	0.428366
455	0.428399
456	0.428321
457	0.428251
458	0.428498
459	0.428366
460	0.42844
461	0.428618
462	0.428631
463	0.428699
464	0.428759
465	0.428548
466	0.428435
467	0.428273
468	0.428245
469	0.42813
470	0.427937
471	0.428089
472	0.428019
473	0.42793
474	0.428027
475	0.427916
476	0.427838
477	0.427844
478	0.427892
479	0.427793
480	0.427773
481	0.427784
482	0.427602
483	0.42763
484	0.427647
485	0.427669
486	0.427725
487	0.427663
488	0.42762
489	0.427479
490	0.427804
491	0.42786
492	0.427721
493	0.427613
494	0.427593
495	0.427567
496	0.427477
497	0.427611
498	0.427572
499	0.427384
