0	0.260208
1	0.243695
2	0.252274
3	0.245763
4	0.258287
5	0.262801
6	0.262612
7	0.251128
8	0.257945
9	0.255243
10	0.254507
11	0.255817
12	0.257688
13	0.258699
14	0.259984
15	0.255929
16	0.256094
17	0.254866
18	0.25274
19	0.252871
20	0.252337
21	0.250657
22	0.250032
23	0.251056
24	0.250371
25	0.249285
26	0.25075
27	0.251712
28	0.251271
29	0.250365
30	0.250905
31	0.249672
32	0.250256
33	0.251533
34	0.251139
35	0.252578
36	0.25247
37	0.25508
38	0.254169
39	0.256459
40	0.256348
41	0.256974
42	0.257687
43	0.257886
44	0.25724
45	0.257562
46	0.257046
47	0.257397
48	0.25747
49	0.258326
50	0.257878
51	0.258473
52	0.258179
53	0.258365
54	0.258776
55	0.258576
56	0.259392
57	0.259227
58	0.259011
59	0.25872
60	0.258604
61	0.257839
62	0.257851
63	0.25765
64	0.257731
65	0.258717
66	0.258684
67	0.258908
68	0.258492
69	0.25824
70	0.25767
71	0.257837
72	0.25795
73	0.258015
74	0.257693
75	0.257801
76	0.257337
77	0.257171
78	0.256898
79	0.25677
80	0.257188
81	0.257378
82	0.257637
83	0.25832
84	0.258067
85	0.258832
86	0.259215
87	0.259335
88	0.259598
89	0.259824
90	0.259218
91	0.25894
92	0.259293
93	0.259173
94	0.258986
95	0.258561
96	0.257687
97	0.257419
98	0.257718
99	0.257244
100	0.257357
101	0.25713
102	0.256991
103	0.25686
104	0.256371
105	0.256366
106	0.256341
107	0.255925
108	0.255617
109	0.255584
110	0.255901
111	0.255993
112	0.255466
113	0.255338
114	0.255347
115	0.254754
116	0.254532
117	0.254612
118	0.254346
119	0.25413
120	0.253779
121	0.253828
122	0.253799
123	0.253717
124	0.253408
125	0.253767
126	0.253879
127	0.253625
128	0.253763
129	0.253457
130	0.253282
131	0.253206
132	0.253169
133	0.253281
134	0.253274
135	0.253141
136	0.253288
137	0.253061
138	0.253146
139	0.253031
140	0.252787
141	0.25296
142	0.252765
143	0.252506
144	0.252373
145	0.252034
146	0.251905
147	0.251734
148	0.251828
149	0.252166
150	0.252104
151	0.251976
152	0.252183
153	0.252314
154	0.252247
155	0.252524
156	0.252433
157	0.252359
158	0.252451
159	0.252593
160	0.252311
161	0.25194
162	0.252458
163	0.252223
164	0.252294
165	0.2523
166	0.25235
167	0.252165
168	0.251804
169	0.252118
170	0.252311
171	0.252315
172	0.252489
173	0.252422
174	0.252047
175	0.252272
176	0.252328
177	0.252332
178	0.252094
179	0.252059
180	0.252073
181	0.251896
182	0.252065
183	0.252101
184	0.251908
185	0.251785
186	0.251853
187	0.252065
188	0.252107
189	0.25202
190	0.252037
191	0.252061
192	0.252061
193	0.252034
194	0.251977
195	0.25192
196	0.25165
197	0.251799
198	0.251742
199	0.251951
200	0.252114
201	0.251905
202	0.252022
203	0.251998
204	0.251808
205	0.251594
206	0.251442
207	0.251405
208	0.251363
209	0.251366
210	0.251334
211	0.251514
212	0.251415
213	0.251323
214	0.251563
215	0.2515
216	0.251494
217	0.251467
218	0.251232
219	0.251296
220	0.251288
221	0.25103
222	0.251149
223	0.251358
224	0.251512
225	0.251421
226	0.251471
227	0.251384
228	0.251293
229	0.251241
230	0.251192
231	0.251151
232	0.251149
233	0.251191
234	0.251212
235	0.251173
236	0.251067
237	0.251213
238	0.251096
239	0.251096
240	0.251061
241	0.250857
242	0.250948
243	0.250964
244	0.251206
245	0.251291
246	0.251202
247	0.251149
248	0.251081
249	0.251109
250	0.25113
251	0.251262
252	0.251252
253	0.251287
254	0.251371
255	0.251339
256	0.25123
257	0.25111
258	0.25112
259	0.251207
260	0.251123
261	0.251287
262	0.251238
263	0.251514
264	0.251475
265	0.251385
266	0.251278
267	0.251226
268	0.251298
269	0.251304
270	0.251309
271	0.251175
272	0.251154
273	0.25109
274	0.251046
275	0.25097
276	0.251075
277	0.251249
278	0.251198
279	0.251324
280	0.251265
281	0.251153
282	0.251048
283	0.251132
284	0.251202
285	0.251262
286	0.251275
287	0.251228
288	0.251457
289	0.251304
290	0.251476
291	0.251544
292	0.251615
293	0.251507
294	0.25143
295	0.251577
296	0.251509
297	0.251495
298	0.251442
299	0.251497
300	0.251464
301	0.251453
302	0.25142
303	0.251302
304	0.251267
305	0.251192
306	0.251206
307	0.25113
308	0.25116
309	0.2511
310	0.251127
311	0.251067
312	0.251227
313	0.251384
314	0.25129
315	0.251302
316	0.25137
317	0.251376
318	0.251298
319	0.251313
320	0.251246
321	0.251204
322	0.251326
323	0.251439
324	0.251361
325	0.25133
326	0.251368
327	0.251365
328	0.251326
329	0.251191
330	0.251314
331	0.251303
332	0.251267
333	0.251278
334	0.251227
335	0.251187
336	0.251372
337	0.251468
338	0.251377
339	0.251377
340	0.251303
341	0.251358
342	0.251543
343	0.251554
344	0.251525
345	0.251564
346	0.251596
347	0.251595
348	0.251509
349	0.25162
350	0.251572
351	0.251538
352	0.251513
353	0.251658
354	0.251584
355	0.251656
356	0.251889
357	0.251896
358	0.251917
359	0.251857
360	0.251932
361	0.251832
362	0.251808
363	0.2517
364	0.251647
365	0.251773
366	0.251668
367	0.251612
368	0.251742
369	0.251735
370	0.251817
371	0.251779
372	0.251714
373	0.251538
374	0.251607
375	0.251664
376	0.251723
377	0.251773
378	0.251713
379	0.251718
380	0.251701
381	0.251752
382	0.251816
383	0.251881
384	0.251801
385	0.251741
386	0.251813
387	0.251778
388	0.251665
389	0.251609
390	0.25156
391	0.251549
392	0.251507
393	0.251537
394	0.251514
395	0.251543
396	0.251447
397	0.251384
398	0.251331
399	0.251384
400	0.251347
401	0.251403
402	0.251396
403	0.251397
404	0.251518
405	0.251598
406	0.25159
407	0.251651
408	0.251639
409	0.251638
410	0.251563
411	0.251574
412	0.251537
413	0.251502
414	0.251484
415	0.251439
416	0.25153
417	0.251529
418	0.251484
419	0.251455
420	0.251502
421	0.251477
422	0.25144
423	0.251372
424	0.251374
425	0.251415
426	0.251433
427	0.25142
428	0.251555
429	0.251547
430	0.251492
431	0.251494
432	0.251553
433	0.251564
434	0.251488
435	0.251481
436	0.251417
437	0.251376
438	0.25133
439	0.251305
440	0.251292
441	0.25135
442	0.251385
443	0.251465
444	0.25137
445	0.251377
446	0.251364
447	0.25142
448	0.251388
449	0.25139
450	0.251386
451	0.251499
452	0.25157
453	0.251663
454	0.251865
455	0.251933
456	0.25195
457	0.251905
458	0.251951
459	0.251981
460	0.251991
461	0.251953
462	0.251973
463	0.25191
464	0.251883
465	0.251831
466	0.251763
467	0.251853
468	0.251878
469	0.251829
470	0.251862
471	0.251912
472	0.251912
473	0.251907
474	0.251894
475	0.251834
476	0.251841
477	0.25186
478	0.251983
479	0.251982
480	0.251963
481	0.252065
482	0.252057
483	0.252007
484	0.251966
485	0.252112
486	0.25212
487	0.252186
488	0.252147
489	0.252124
490	0.252146
491	0.252215
492	0.25215
493	0.252107
494	0.252016
495	0.251987
496	0.251972
497	0.252039
498	0.252165
499	0.252118
