0	6.43928
1	4.61723
2	6.64734
3	6.33581
4	7.76901
5	7.35373
6	7.01452
7	6.50879
8	6.71103
9	6.84622
10	6.52553
11	6.38427
12	6.20773
13	6.05325
14	6.02103
15	5.9525
16	5.78674
17	5.61346
18	5.52003
19	5.47925
20	5.34657
21	5.22343
22	5.15998
23	5.27309
24	5.16911
25	5.10882
26	5.31692
27	5.30273
28	5.26318
29	5.34889
30	5.46097
31	5.37182
32	5.49257
33	5.45449
34	5.47363
35	5.58739
36	5.58668
37	6.13903
38	6.12555
39	6.11837
40	6.09405
41	6.11499
42	6.13573
43	6.25316
44	6.21991
45	6.31075
46	6.23631
47	6.261
48	6.28731
49	6.29537
50	6.22147
51	6.30386
52	6.33079
53	6.30363
54	6.3151
55	6.27581
56	6.27532
57	6.24535
58	6.29206
59	6.48634
60	6.4785
61	6.417
62	6.38605
63	6.35087
64	6.32648
65	6.3807
66	6.31655
67	6.39566
68	6.35944
69	6.38126
70	6.42941
71	6.44721
72	6.43956
73	6.48276
74	6.45757
75	6.43262
76	6.39009
77	6.34466
78	6.44099
79	6.42098
80	6.39075
81	6.38579
82	6.60618
83	6.63305
84	6.64589
85	6.72391
86	6.80441
87	6.77461
88	6.80297
89	6.79419
90	6.76344
91	6.73286
92	6.72548
93	6.71714
94	6.73871
95	6.70469
96	6.66879
97	6.65148
98	6.7576
99	6.74809
100	6.73951
101	6.75027
102	6.73087
103	6.75476
104	6.72711
105	6.72039
106	6.73641
107	6.70352
108	6.68029
109	6.64308
110	6.67527
111	6.74341
112	6.70364
113	6.7447
114	6.72584
115	6.68987
116	6.67969
117	6.68334
118	6.66833
119	6.66047
120	6.64026
121	6.62119
122	6.63058
123	6.61143
124	6.59465
125	6.64065
126	6.62896
127	6.60849
128	6.67373
129	6.64884
130	6.62232
131	6.61274
132	6.58601
133	6.58721
134	6.58306
135	6.56371
136	6.54356
137	6.53996
138	6.54506
139	6.62703
140	6.62346
141	6.61867
142	6.61039
143	6.60231
144	6.58911
145	6.57175
146	6.56457
147	6.54839
148	6.57981
149	6.58907
150	6.56677
151	6.54448
152	6.53151
153	6.51073
154	6.48333
155	6.49347
156	6.49371
157	6.46833
158	6.52888
159	6.53444
160	6.52111
161	6.49552
162	6.57038
163	6.55645
164	6.6035
165	6.59913
166	6.59637
167	6.57916
168	6.55521
169	6.54047
170	6.52728
171	6.50596
172	6.494
173	6.48153
174	6.46088
175	6.45434
176	6.44811
177	6.45792
178	6.44808
179	6.44483
180	6.42716
181	6.48476
182	6.49442
183	6.47805
184	6.4584
185	6.45653
186	6.45616
187	6.51889
188	6.53665
189	6.67237
190	6.68882
191	6.68096
192	6.67156
193	6.70547
194	6.68781
195	6.68675
196	6.68346
197	6.70066
198	6.68105
199	6.67722
200	6.76523
201	6.78598
202	6.77644
203	6.77271
204	6.7518
205	6.73455
206	6.72209
207	6.72066
208	6.70265
209	6.6847
210	6.67039
211	6.77544
212	6.77
213	6.75747
214	6.77957
215	6.76863
216	6.7489
217	6.74435
218	6.72918
219	6.72436
220	6.70852
221	6.69724
222	6.69283
223	6.75498
224	6.74486
225	6.73255
226	6.72978
227	6.71821
228	6.75542
229	6.75555
230	6.7426
231	6.73212
232	6.72841
233	6.71658
234	6.72912
235	6.72386
236	6.70865
237	6.69817
238	6.68465
239	6.67106
240	6.66079
241	6.64485
242	6.63138
243	6.61712
244	6.61474
245	6.60239
246	6.58718
247	6.5935
248	6.60037
249	6.60273
250	6.59503
251	6.5984
252	6.58817
253	6.58501
254	6.6109
255	6.61654
256	6.60683
257	6.59506
258	6.58493
259	6.60519
260	6.59089
261	6.66268
262	6.66005
263	6.67565
264	6.67481
265	6.66062
266	6.67859
267	6.66407
268	6.65936
269	6.66697
270	6.65894
271	6.64266
272	6.64089
273	6.63739
274	6.63065
275	6.62292
276	6.61763
277	6.6144
278	6.6026
279	6.60171
280	6.60058
281	6.58814
282	6.5831
283	6.57814
284	6.57725
285	6.56894
286	6.58892
287	6.59088
288	6.60151
289	6.59941
290	6.59613
291	6.59207
292	6.59125
293	6.58555
294	6.58327
295	6.58883
296	6.58346
297	6.57096
298	6.56867
299	6.58292
300	6.57669
301	6.59688
302	6.58953
303	6.58131
304	6.57677
305	6.56464
306	6.56044
307	6.55699
308	6.57131
309	6.5972
310	6.59228
311	6.5805
312	6.57579
313	6.58321
314	6.57149
315	6.56885
316	6.57131
317	6.55725
318	6.54882
319	6.54317
320	6.53177
321	6.52375
322	6.52266
323	6.52507
324	6.54061
325	6.53713
326	6.5377
327	6.52846
328	6.5202
329	6.52406
330	6.52441
331	6.5285
332	6.52037
333	6.50945
334	6.50865
335	6.49712
336	6.52241
337	6.52131
338	6.5119
339	6.50628
340	6.49794
341	6.50134
342	6.52687
343	6.54331
344	6.5327
345	6.55219
346	6.54548
347	6.56454
348	6.55708
349	6.58101
350	6.57173
351	6.57134
352	6.5644
353	6.56924
354	6.55924
355	6.58802
356	6.60442
357	6.60328
358	6.60017
359	6.59134
360	6.59016
361	6.58048
362	6.57369
363	6.56887
364	6.56491
365	6.5621
366	6.55159
367	6.54227
368	6.5411
369	6.53439
370	6.53729
371	6.53013
372	6.52833
373	6.51707
374	6.52282
375	6.51579
376	6.52002
377	6.53347
378	6.52678
379	6.53938
380	6.53231
381	6.53137
382	6.52579
383	6.52096
384	6.51735
385	6.50729
386	6.50201
387	6.50145
388	6.49329
389	6.48439
390	6.4809
391	6.48088
392	6.49488
393	6.5021
394	6.49736
395	6.50005
396	6.49324
397	6.48742
398	6.48127
399	6.47477
400	6.4774
401	6.47614
402	6.46966
403	6.46209
404	6.46515
405	6.47119
406	6.47093
407	6.47714
408	6.4712
409	6.47767
410	6.47145
411	6.46898
412	6.46476
413	6.45872
414	6.45475
415	6.44799
416	6.48706
417	6.4917
418	6.4902
419	6.48209
420	6.4881
421	6.48817
422	6.48259
423	6.47452
424	6.47469
425	6.47324
426	6.47092
427	6.46315
428	6.46735
429	6.45889
430	6.45035
431	6.44717
432	6.4483
433	6.45829
434	6.44978
435	6.44095
436	6.43572
437	6.43909
438	6.43781
439	6.44057
440	6.43427
441	6.43216
442	6.42982
443	6.4308
444	6.42782
445	6.4221
446	6.42056
447	6.41643
448	6.40718
449	6.40645
450	6.40361
451	6.4038
452	6.40247
453	6.39819
454	6.42339
455	6.42329
456	6.41652
457	6.41019
458	6.40776
459	6.40451
460	6.39976
461	6.39908
462	6.39672
463	6.39119
464	6.38719
465	6.38035
466	6.38191
467	6.37867
468	6.37399
469	6.37145
470	6.37206
471	6.3718
472	6.36847
473	6.36192
474	6.35613
475	6.3513
476	6.36539
477	6.35938
478	6.37022
479	6.36543
480	6.36626
481	6.36377
482	6.35836
483	6.352
484	6.35293
485	6.36937
486	6.36589
487	6.36536
488	6.35777
489	6.35165
490	6.34984
491	6.36715
492	6.36541
493	6.36104
494	6.35649
495	6.34801
496	6.3456
497	6.34432
498	6.37394
499	6.36873
