0	1.63515
1	1.59444
2	1.4404
3	1.47747
4	1.37304
5	1.44414
6	1.48943
7	1.45211
8	1.44759
9	1.43883
10	1.46156
11	1.4418
12	1.4336
13	1.45513
14	1.43047
15	1.4825
16	1.44823
17	1.41723
18	1.41929
19	1.47072
20	1.53151
21	1.53331
22	1.533
23	1.52987
24	1.49506
25	1.48921
26	1.48317
27	1.49635
28	1.51161
29	1.51266
30	1.50446
31	1.48444
32	1.48218
33	1.48223
34	1.47203
35	1.46783
36	1.47407
37	1.4586
38	1.46142
39	1.44857
40	1.45788
41	1.44776
42	1.45762
43	1.47318
44	1.47506
45	1.47165
46	1.47293
47	1.47134
48	1.46314
49	1.46816
50	1.45784
51	1.4559
52	1.46378
53	1.46699
54	1.47447
55	1.47131
56	1.47608
57	1.47107
58	1.48411
59	1.48782
60	1.4819
61	1.47992
62	1.48183
63	1.48634
64	1.48812
65	1.48259
66	1.48259
67	1.47869
68	1.47357
69	1.47047
70	1.46595
71	1.47092
72	1.47397
73	1.46726
74	1.46119
75	1.45887
76	1.46341
77	1.4584
78	1.45282
79	1.44949
80	1.45334
81	1.4498
82	1.45386
83	1.45365
84	1.44619
85	1.4549
86	1.45373
87	1.45482
88	1.4554
89	1.45237
90	1.44838
91	1.45013
92	1.44702
93	1.44845
94	1.44783
95	1.45312
96	1.45212
97	1.45561
98	1.4529
99	1.46236
100	1.46016
101	1.45825
102	1.45577
103	1.4579
104	1.45775
105	1.45931
106	1.45938
107	1.45772
108	1.45965
109	1.46083
110	1.4631
111	1.46142
112	1.45777
113	1.46099
114	1.45878
115	1.45791
116	1.46071
117	1.46047
118	1.46948
119	1.47004
120	1.47002
121	1.47001
122	1.46882
123	1.4695
124	1.47043
125	1.46919
126	1.46919
127	1.47306
128	1.47296
129	1.47043
130	1.4737
131	1.47201
132	1.47155
133	1.46992
134	1.47395
135	1.47324
136	1.47485
137	1.47671
138	1.4781
139	1.4756
140	1.47641
141	1.47266
142	1.46892
143	1.4662
144	1.46342
145	1.45988
146	1.45981
147	1.45617
148	1.45514
149	1.45144
150	1.45191
151	1.45655
152	1.4615
153	1.46024
154	1.4581
155	1.45624
156	1.45619
157	1.45552
158	1.45284
159	1.45594
160	1.45402
161	1.45176
162	1.45292
163	1.45678
164	1.45702
165	1.45814
166	1.45652
167	1.45408
168	1.45363
169	1.45185
170	1.45661
171	1.45486
172	1.45272
173	1.45514
174	1.45489
175	1.45459
176	1.45381
177	1.45731
178	1.45755
179	1.45805
180	1.45777
181	1.45784
182	1.45713
183	1.45493
184	1.45749
185	1.45668
186	1.45672
187	1.45646
188	1.45527
189	1.45666
190	1.45921
191	1.45888
192	1.45732
193	1.45391
194	1.45308
195	1.45432
196	1.45437
197	1.45425
198	1.45276
199	1.45109
200	1.4585
201	1.45914
202	1.45844
203	1.45893
204	1.45615
205	1.45771
206	1.46091
207	1.46346
208	1.46118
209	1.46155
210	1.4608
211	1.46126
212	1.45958
213	1.461
214	1.46196
215	1.46319
216	1.46193
217	1.46054
218	1.46028
219	1.4592
220	1.4613
221	1.4599
222	1.4597
223	1.45843
224	1.45732
225	1.45875
226	1.45771
227	1.45696
228	1.45662
229	1.45575
230	1.45478
231	1.45679
232	1.45719
233	1.45899
234	1.46309
235	1.46139
236	1.46043
237	1.46119
238	1.45936
239	1.45686
240	1.45717
241	1.45731
242	1.45733
243	1.45815
244	1.46104
245	1.46116
246	1.46035
247	1.45991
248	1.46057
249	1.46209
250	1.4648
251	1.46865
252	1.46747
253	1.46734
254	1.46897
255	1.46679
256	1.46722
257	1.4679
258	1.46681
259	1.46686
260	1.46616
261	1.46384
262	1.46552
263	1.46385
264	1.46466
265	1.4699
266	1.46854
267	1.4682
268	1.46709
269	1.46544
270	1.46555
271	1.46321
272	1.46211
273	1.46255
274	1.4626
275	1.46122
276	1.45995
277	1.45873
278	1.46104
279	1.46112
280	1.46076
281	1.46081
282	1.46087
283	1.46046
284	1.45914
285	1.46011
286	1.45982
287	1.46058
288	1.45898
289	1.45788
290	1.4574
291	1.45517
292	1.45527
293	1.45501
294	1.45347
295	1.4521
296	1.45226
297	1.45027
298	1.45085
299	1.45055
300	1.44899
301	1.44891
302	1.4495
303	1.44916
304	1.44868
305	1.44846
306	1.44692
307	1.44638
308	1.44673
309	1.44744
310	1.45243
311	1.45126
312	1.45188
313	1.45067
314	1.44928
315	1.44898
316	1.45045
317	1.44885
318	1.45071
319	1.45141
320	1.452
321	1.45177
322	1.45632
323	1.45662
324	1.45809
325	1.457
326	1.45643
327	1.45573
328	1.45628
329	1.45679
330	1.45587
331	1.45534
332	1.45477
333	1.45438
334	1.4556
335	1.45513
336	1.45409
337	1.45439
338	1.45529
339	1.45587
340	1.45521
341	1.45417
342	1.45385
343	1.45416
344	1.45461
345	1.45415
346	1.45436
347	1.45383
348	1.45446
349	1.45364
350	1.45417
351	1.45399
352	1.45549
353	1.46028
354	1.45972
355	1.46055
356	1.45944
357	1.45907
358	1.45837
359	1.4568
360	1.45786
361	1.45828
362	1.45916
363	1.45871
364	1.45792
365	1.45636
366	1.45531
367	1.45507
368	1.45445
369	1.45493
370	1.45418
371	1.45578
372	1.45599
373	1.45476
374	1.45399
375	1.45398
376	1.45358
377	1.4538
378	1.4543
379	1.45361
380	1.45422
381	1.45412
382	1.45258
383	1.45175
384	1.45074
385	1.45144
386	1.4499
387	1.44944
388	1.45029
389	1.45164
390	1.45446
391	1.4531
392	1.45511
393	1.45409
394	1.45468
395	1.45446
396	1.45331
397	1.4532
398	1.45428
399	1.45488
400	1.45486
401	1.45386
402	1.45325
403	1.45378
404	1.45452
405	1.45517
406	1.45578
407	1.45651
408	1.4566
409	1.45704
410	1.4571
411	1.45771
412	1.45678
413	1.45617
414	1.45797
415	1.45876
416	1.4578
417	1.45755
418	1.45954
419	1.45889
420	1.45841
421	1.45734
422	1.45677
423	1.45673
424	1.45639
425	1.45732
426	1.45717
427	1.45613
428	1.45624
429	1.45518
430	1.45511
431	1.45526
432	1.45446
433	1.45441
434	1.45396
435	1.45411
436	1.45391
437	1.45469
438	1.45421
439	1.45366
440	1.4535
441	1.45298
442	1.45396
443	1.45451
444	1.45395
445	1.45357
446	1.45573
447	1.45598
448	1.45615
449	1.45574
450	1.45572
451	1.45525
452	1.45536
453	1.45492
454	1.4544
455	1.45399
456	1.45364
457	1.45442
458	1.45367
459	1.45317
460	1.45524
461	1.4539
462	1.45279
463	1.45294
464	1.45267
465	1.45304
466	1.45287
467	1.45573
468	1.45746
469	1.45813
470	1.45937
471	1.45945
472	1.46033
473	1.4597
474	1.45918
475	1.45902
476	1.45839
477	1.45949
478	1.45901
479	1.45875
480	1.45963
481	1.46026
482	1.46044
483	1.46051
484	1.4599
485	1.46026
486	1.46029
487	1.45981
488	1.45976
489	1.45928
490	1.45856
491	1.45898
492	1.45897
493	1.45906
494	1.45933
495	1.45879
496	1.45823
497	1.45745
498	1.45667
499	1.45566
