0	1.07788
1	1.07816
2	1.04618
3	1.05197
4	1.04807
5	1.0642
6	1.06244
7	1.08199
8	1.08319
9	1.0898
10	1.09422
11	1.09428
12	1.09722
13	1.09479
14	1.08897
15	1.08506
16	1.0833
17	1.08373
18	1.09076
19	1.0929
20	1.09888
21	1.09812
22	1.09758
23	1.09648
24	1.10033
25	1.10675
26	1.10427
27	1.10166
28	1.10252
29	1.10878
30	1.10845
31	1.10949
32	1.11071
33	1.11258
34	1.1122
35	1.11452
36	1.11455
37	1.1124
38	1.11273
39	1.1111
40	1.11172
41	1.1113
42	1.11315
43	1.11079
44	1.11112
45	1.11332
46	1.11292
47	1.11461
48	1.11227
49	1.11151
50	1.11281
51	1.11283
52	1.11209
53	1.11362
54	1.11464
55	1.11552
56	1.1145
57	1.11357
58	1.1114
59	1.11197
60	1.11168
61	1.11197
62	1.11102
63	1.11169
64	1.11311
65	1.11395
66	1.11399
67	1.11523
68	1.1137
69	1.11279
70	1.11378
71	1.11419
72	1.11428
73	1.11428
74	1.1151
75	1.11501
76	1.11565
77	1.11754
78	1.11854
79	1.11977
80	1.11981
81	1.11968
82	1.11842
83	1.1194
84	1.11845
85	1.11899
86	1.11889
87	1.11665
88	1.11606
89	1.11621
90	1.1171
91	1.11673
92	1.11662
93	1.11611
94	1.11629
95	1.11605
96	1.11599
97	1.11643
98	1.11686
99	1.11694
100	1.11625
101	1.11551
102	1.11565
103	1.11676
104	1.11656
105	1.11748
106	1.11738
107	1.11808
108	1.11855
109	1.11819
110	1.11771
111	1.11708
112	1.11782
113	1.11779
114	1.11788
115	1.11712
116	1.11711
117	1.11622
118	1.11628
119	1.1171
120	1.11672
121	1.11661
122	1.11619
123	1.11637
124	1.11582
125	1.11593
126	1.11539
127	1.116
128	1.11636
129	1.11685
130	1.11665
131	1.11594
132	1.11539
133	1.11526
134	1.11536
135	1.11562
136	1.11607
137	1.11637
138	1.11686
139	1.11653
140	1.11609
141	1.11604
142	1.11606
143	1.11658
144	1.1167
145	1.11687
146	1.11699
147	1.11714
148	1.11642
149	1.11702
150	1.11702
151	1.1182
152	1.11801
153	1.11791
154	1.11831
155	1.11872
156	1.11879
157	1.11869
158	1.11887
159	1.11929
160	1.11921
161	1.11905
162	1.11931
163	1.11928
164	1.11929
165	1.11879
166	1.11871
167	1.1188
168	1.11867
169	1.11817
170	1.11848
171	1.11776
172	1.11824
173	1.1185
174	1.11897
175	1.11986
176	1.11991
177	1.12002
178	1.1201
179	1.12024
180	1.12025
181	1.12093
182	1.12053
183	1.12103
184	1.12137
185	1.12108
186	1.12063
187	1.12046
188	1.12013
189	1.11978
190	1.12036
191	1.12053
192	1.12055
193	1.12088
194	1.12129
195	1.12109
196	1.12125
197	1.12116
198	1.12044
199	1.1205
200	1.12055
201	1.12033
202	1.12032
203	1.11999
204	1.12048
205	1.12055
206	1.12029
207	1.12025
208	1.12073
209	1.12051
210	1.12062
211	1.12045
212	1.12045
213	1.12066
214	1.12067
215	1.12088
216	1.12131
217	1.12094
218	1.12081
219	1.12059
220	1.12043
221	1.12052
222	1.12033
223	1.12048
224	1.12028
225	1.11995
226	1.11996
227	1.11977
228	1.11988
229	1.1197
230	1.11951
231	1.11958
232	1.11928
233	1.11909
234	1.11955
235	1.11989
236	1.11961
237	1.11984
238	1.11974
239	1.12005
240	1.11982
241	1.11983
242	1.11956
243	1.11958
244	1.11953
245	1.11963
246	1.11956
247	1.11968
248	1.11962
249	1.11964
250	1.11958
251	1.11977
252	1.11965
253	1.11999
254	1.11989
255	1.12035
256	1.12026
257	1.11988
258	1.11967
259	1.1194
260	1.11931
261	1.11925
262	1.11956
263	1.1196
264	1.11923
265	1.11902
266	1.11906
267	1.11894
268	1.11883
269	1.11884
270	1.11896
271	1.11905
272	1.11951
273	1.1198
274	1.11989
275	1.11976
276	1.11936
277	1.11959
278	1.11973
279	1.11977
280	1.11939
281	1.11935
282	1.11956
283	1.11915
284	1.11919
285	1.11938
286	1.11926
287	1.11917
288	1.11934
289	1.1194
290	1.11933
291	1.11956
292	1.11968
293	1.12006
294	1.12019
295	1.12038
296	1.12041
297	1.12039
298	1.12057
299	1.1205
300	1.12021
301	1.1201
302	1.12013
303	1.12001
304	1.11996
305	1.1198
306	1.11972
307	1.1193
308	1.11937
309	1.1195
310	1.1192
311	1.11896
312	1.11856
313	1.11878
314	1.11894
315	1.11887
316	1.11888
317	1.11873
318	1.11883
319	1.11871
320	1.11868
321	1.11828
322	1.11795
323	1.1181
324	1.11795
325	1.11792
326	1.11797
327	1.11773
328	1.11784
329	1.1177
330	1.11764
331	1.1176
332	1.11751
333	1.11731
334	1.11711
335	1.11718
336	1.11721
337	1.1169
338	1.11652
339	1.11651
340	1.11682
341	1.11694
342	1.11671
343	1.11663
344	1.11656
345	1.11645
346	1.11665
347	1.11673
348	1.11688
349	1.11677
350	1.11655
351	1.11624
352	1.11626
353	1.11608
354	1.11608
355	1.11646
356	1.11691
357	1.1169
358	1.11702
359	1.11719
360	1.11713
361	1.11685
362	1.11703
363	1.11712
364	1.11674
365	1.11682
366	1.11669
367	1.11646
368	1.11619
369	1.11628
370	1.11609
371	1.11635
372	1.11649
373	1.11627
374	1.11601
375	1.11618
376	1.1161
377	1.11622
378	1.11606
379	1.11622
380	1.11591
381	1.11616
382	1.11618
383	1.11616
384	1.11619
385	1.11617
386	1.11618
387	1.11613
388	1.11634
389	1.11612
390	1.11607
391	1.1159
392	1.1161
393	1.1162
394	1.11632
395	1.1163
396	1.11633
397	1.11629
398	1.1163
399	1.11607
400	1.11595
401	1.11594
402	1.11583
403	1.11581
404	1.11555
405	1.11543
406	1.11544
407	1.11543
408	1.1153
409	1.11544
410	1.11527
411	1.1156
412	1.11543
413	1.11533
414	1.11539
415	1.11539
416	1.11557
417	1.11555
418	1.1154
419	1.11553
420	1.11551
421	1.11556
422	1.11544
423	1.11549
424	1.11528
425	1.11527
426	1.11539
427	1.11556
428	1.11563
429	1.11543
430	1.11555
431	1.11566
432	1.1155
433	1.1156
434	1.11528
435	1.11547
436	1.11561
437	1.11557
438	1.11566
439	1.11562
440	1.11548
441	1.11546
442	1.11544
443	1.11548
444	1.11539
445	1.11528
446	1.11532
447	1.11524
448	1.11514
449	1.11503
450	1.11498
451	1.11505
452	1.11486
453	1.11475
454	1.11501
455	1.11521
456	1.11517
457	1.11513
458	1.11508
459	1.11501
460	1.11479
461	1.11485
462	1.11471
463	1.11464
464	1.11448
465	1.11445
466	1.11464
467	1.1148
468	1.11479
469	1.11466
470	1.11483
471	1.11482
472	1.11486
473	1.11467
474	1.11466
475	1.11462
476	1.11457
477	1.11465
478	1.11476
479	1.11478
480	1.11469
481	1.11486
482	1.11513
483	1.11491
484	1.11479
485	1.11478
486	1.11486
487	1.11488
488	1.11496
489	1.11493
490	1.11492
491	1.11496
492	1.11508
493	1.11512
494	1.11526
495	1.11513
496	1.11521
497	1.11505
498	1.11494
499	1.11499
500	1.115
501	1.11499
502	1.11506
503	1.11493
504	1.11509
505	1.11504
506	1.11487
507	1.11497
508	1.115
509	1.1149
510	1.11471
511	1.11467
512	1.11468
513	1.11487
514	1.11475
515	1.1148
516	1.1148
517	1.11476
518	1.11462
519	1.11462
520	1.1145
521	1.11441
522	1.11427
523	1.11431
524	1.11431
525	1.11432
526	1.11436
527	1.11433
528	1.11434
529	1.11436
530	1.11438
531	1.11465
532	1.11469
533	1.11456
534	1.11433
535	1.11428
536	1.11438
537	1.1143
538	1.11446
539	1.1144
540	1.11437
541	1.11446
542	1.11437
543	1.11439
544	1.11428
545	1.11422
546	1.11424
547	1.1144
548	1.1145
549	1.11434
550	1.11419
551	1.11416
552	1.11415
553	1.11399
554	1.11394
555	1.11394
556	1.11383
557	1.11364
558	1.11362
559	1.11371
560	1.11374
561	1.11342
562	1.11362
563	1.11343
564	1.11341
565	1.11338
566	1.11344
567	1.11332
568	1.11336
569	1.11325
570	1.11335
571	1.11344
572	1.1134
573	1.11349
574	1.11354
575	1.11345
576	1.11348
577	1.11351
578	1.11358
579	1.11346
580	1.11336
581	1.11334
582	1.11358
583	1.11358
584	1.11345
585	1.11341
586	1.11345
587	1.1134
588	1.11349
589	1.11353
590	1.11342
591	1.11338
592	1.11338
593	1.1133
594	1.11338
595	1.11346
596	1.11337
597	1.11334
598	1.11341
599	1.11333
600	1.11337
601	1.11318
602	1.11337
603	1.11335
604	1.11328
605	1.11313
606	1.11307
607	1.11302
608	1.11302
609	1.11312
610	1.1131
611	1.11307
612	1.1131
613	1.11316
614	1.1132
615	1.11309
616	1.11297
617	1.11305
618	1.11299
619	1.11285
620	1.11274
621	1.1127
622	1.11266
623	1.11287
624	1.11275
625	1.1127
626	1.11276
627	1.11288
628	1.11269
629	1.11283
630	1.11283
631	1.11278
632	1.11284
633	1.1128
634	1.11287
635	1.1129
636	1.11293
637	1.11308
638	1.11316
639	1.11306
640	1.11321
641	1.11314
642	1.11306
643	1.11303
644	1.11307
645	1.11305
646	1.1129
647	1.11293
648	1.11286
649	1.11276
650	1.11279
651	1.11278
652	1.11288
653	1.11268
654	1.11245
655	1.1124
656	1.11256
657	1.11238
658	1.11239
659	1.1123
660	1.11234
661	1.11235
662	1.11226
663	1.11217
664	1.11214
665	1.11216
666	1.11209
667	1.11209
668	1.11209
669	1.11197
670	1.11201
671	1.11186
672	1.11201
673	1.1122
674	1.11205
675	1.11214
676	1.1121
677	1.11215
678	1.11215
679	1.11219
680	1.1123
681	1.11224
682	1.11231
683	1.11233
684	1.11224
685	1.11226
686	1.11228
687	1.11232
688	1.11236
689	1.11241
690	1.11245
691	1.11241
692	1.11233
693	1.11216
694	1.11207
695	1.11207
696	1.112
697	1.11197
698	1.11187
699	1.112
700	1.11197
701	1.1119
702	1.11179
703	1.11201
704	1.11194
705	1.11196
706	1.11194
707	1.11191
708	1.11195
709	1.11192
710	1.11183
711	1.11185
712	1.1117
713	1.11175
714	1.11184
715	1.11174
716	1.11168
717	1.1116
718	1.11161
719	1.11149
720	1.11147
721	1.11152
722	1.11146
723	1.11138
724	1.11135
725	1.11117
726	1.11129
727	1.1112
728	1.11125
729	1.11121
730	1.11134
731	1.11124
732	1.11119
733	1.11131
734	1.11125
735	1.11131
736	1.11136
737	1.11149
738	1.11141
739	1.11133
740	1.11135
741	1.11133
742	1.11128
743	1.11137
744	1.11126
745	1.11128
746	1.11138
747	1.11122
748	1.11117
749	1.11113
750	1.11109
751	1.11117
752	1.11136
753	1.11135
754	1.1114
755	1.11139
756	1.11131
757	1.11141
758	1.11148
759	1.11148
760	1.11153
761	1.11154
762	1.11165
763	1.11162
764	1.11171
765	1.11169
766	1.11176
767	1.11179
768	1.11178
769	1.11181
770	1.1118
771	1.11173
772	1.11172
773	1.11176
774	1.11192
775	1.11193
776	1.11198
777	1.11192
778	1.112
779	1.11198
780	1.11188
781	1.1118
782	1.11174
783	1.11182
784	1.11192
785	1.11189
786	1.11192
787	1.11194
788	1.11178
789	1.11194
790	1.112
791	1.11213
792	1.11203
793	1.112
794	1.11205
795	1.11209
796	1.11215
797	1.11208
798	1.11196
799	1.11195
800	1.11199
801	1.11207
802	1.11205
803	1.11208
804	1.11197
805	1.11206
806	1.11221
807	1.1122
808	1.11219
809	1.11218
810	1.1121
811	1.11196
812	1.1121
813	1.11215
814	1.11204
815	1.11204
816	1.11211
817	1.1121
818	1.11197
819	1.11194
820	1.1118
821	1.11181
822	1.11162
823	1.11156
824	1.11147
825	1.1115
826	1.11142
827	1.11133
828	1.11143
829	1.11138
830	1.11128
831	1.11138
832	1.11136
833	1.1114
834	1.11143
835	1.11143
836	1.11134
837	1.11126
838	1.1112
839	1.1112
840	1.11117
841	1.1111
842	1.11108
843	1.11113
844	1.11114
845	1.1111
846	1.11114
847	1.11117
848	1.11118
849	1.11105
850	1.11112
851	1.11095
852	1.111
853	1.11102
854	1.11097
855	1.11093
856	1.11097
857	1.11092
858	1.11088
859	1.11085
860	1.11081
861	1.11089
862	1.1108
863	1.11077
864	1.1108
865	1.11078
866	1.11096
867	1.11107
868	1.11114
869	1.11117
870	1.11115
871	1.11127
872	1.11123
873	1.1112
874	1.11122
875	1.11121
876	1.11113
877	1.111
878	1.11108
879	1.11108
880	1.11114
881	1.11109
882	1.11108
883	1.111
884	1.11098
885	1.1111
886	1.11096
887	1.11099
888	1.11098
889	1.11107
890	1.11104
891	1.11101
892	1.11089
893	1.11101
894	1.11099
895	1.11104
896	1.11096
897	1.11097
898	1.11097
899	1.11098
900	1.11098
901	1.11106
902	1.1111
903	1.11112
904	1.11106
905	1.11106
906	1.11097
907	1.11095
908	1.11094
909	1.11101
910	1.11103
911	1.1111
912	1.11116
913	1.11113
914	1.111
915	1.11107
916	1.11102
917	1.11102
918	1.11102
919	1.11105
920	1.11109
921	1.11105
922	1.11099
923	1.11101
924	1.1111
925	1.11112
926	1.11098
927	1.11101
928	1.11101
929	1.11094
930	1.11091
931	1.11093
932	1.11085
933	1.11082
934	1.11074
935	1.11069
936	1.11079
937	1.11075
938	1.11073
939	1.11077
940	1.11083
941	1.1108
942	1.11072
943	1.11067
944	1.11077
945	1.11071
946	1.11069
947	1.11066
948	1.1106
949	1.11063
950	1.11067
951	1.1106
952	1.11059
953	1.11057
954	1.11054
955	1.11055
956	1.11057
957	1.11057
958	1.11065
959	1.11052
960	1.11046
961	1.1104
962	1.11035
963	1.11048
964	1.11044
965	1.11039
966	1.11028
967	1.11031
968	1.11029
969	1.11028
970	1.11034
971	1.11041
972	1.11039
973	1.11035
974	1.11025
975	1.11021
976	1.11026
977	1.11014
978	1.11026
979	1.11028
980	1.1103
981	1.11034
982	1.11036
983	1.11036
984	1.11031
985	1.11028
986	1.11027
987	1.11034
988	1.11036
989	1.11034
990	1.11027
991	1.11026
992	1.11034
993	1.1103
994	1.11036
995	1.11027
996	1.11026
997	1.11023
998	1.11021
999	1.11034
