0	0.510845
1	0.496584
2	0.49233
3	0.462354
4	0.43839
5	0.450941
6	0.47518
7	0.473764
8	0.495686
9	0.514506
10	0.52147
11	0.512515
12	0.510911
13	0.51019
14	0.511463
15	0.512641
16	0.510879
17	0.508947
18	0.516614
19	0.521325
20	0.526004
21	0.525577
22	0.527375
23	0.531247
24	0.531623
25	0.534067
26	0.532579
27	0.529932
28	0.529988
29	0.531554
30	0.532244
31	0.531459
32	0.532315
33	0.532325
34	0.535727
35	0.533486
36	0.532816
37	0.531082
38	0.534326
39	0.532446
40	0.53096
41	0.530549
42	0.536461
43	0.534542
44	0.535274
45	0.540081
46	0.538599
47	0.539683
48	0.538183
49	0.536312
50	0.53779
51	0.536585
52	0.536982
53	0.538165
54	0.538288
55	0.541276
56	0.537944
57	0.536125
58	0.536596
59	0.537395
60	0.533894
61	0.534966
62	0.533273
63	0.533924
64	0.5352
65	0.535572
66	0.535487
67	0.536451
68	0.532903
69	0.532554
70	0.533173
71	0.535549
72	0.539049
73	0.538521
74	0.539163
75	0.538263
76	0.537641
77	0.540788
78	0.541106
79	0.543853
80	0.543392
81	0.543462
82	0.542639
83	0.543191
84	0.542273
85	0.542087
86	0.542553
87	0.54036
88	0.540058
89	0.53919
90	0.541321
91	0.539663
92	0.539207
93	0.539345
94	0.539774
95	0.541025
96	0.540579
97	0.541953
98	0.541303
99	0.542368
100	0.542261
101	0.540922
102	0.539968
103	0.540451
104	0.539522
105	0.541149
106	0.540181
107	0.539195
108	0.540279
109	0.539492
110	0.538476
111	0.538025
112	0.538475
113	0.537935
114	0.536827
115	0.536764
116	0.536782
117	0.535837
118	0.535411
119	0.534963
120	0.533956
121	0.535299
122	0.534267
123	0.533833
124	0.533453
125	0.533898
126	0.532994
127	0.533737
128	0.53429
129	0.534866
130	0.534619
131	0.534163
132	0.533139
133	0.53415
134	0.533544
135	0.533899
136	0.534613
137	0.535376
138	0.535501
139	0.535457
140	0.534364
141	0.534662
142	0.535159
143	0.535238
144	0.535192
145	0.534563
146	0.535268
147	0.536052
148	0.536488
149	0.537384
150	0.537444
151	0.537834
152	0.536926
153	0.536092
154	0.536194
155	0.536745
156	0.53744
157	0.537877
158	0.539111
159	0.539914
160	0.539541
161	0.540381
162	0.540673
163	0.541309
164	0.540734
165	0.540358
166	0.540485
167	0.540098
168	0.539747
169	0.538505
170	0.539263
171	0.537904
172	0.537395
173	0.537516
174	0.538172
175	0.539115
176	0.538566
177	0.539043
178	0.539056
179	0.538531
180	0.53847
181	0.53929
182	0.538491
183	0.54089
184	0.540725
185	0.540886
186	0.541304
187	0.540603
188	0.540394
189	0.540235
190	0.540097
191	0.540582
192	0.540366
193	0.539677
194	0.54056
195	0.539648
196	0.539694
197	0.539598
198	0.539232
199	0.538831
200	0.53897
201	0.53833
202	0.537761
203	0.537863
204	0.538528
205	0.53849
206	0.538758
207	0.539032
208	0.538742
209	0.538546
210	0.538251
211	0.537676
212	0.53762
213	0.537466
214	0.537522
215	0.537497
216	0.537777
217	0.53748
218	0.537232
219	0.536934
220	0.537075
221	0.537138
222	0.537304
223	0.537382
224	0.53802
225	0.537687
226	0.538049
227	0.537505
228	0.538009
229	0.538569
230	0.538194
231	0.538287
232	0.538198
233	0.538441
234	0.538595
235	0.538874
236	0.538805
237	0.538487
238	0.538488
239	0.539138
240	0.538793
241	0.538413
242	0.53819
243	0.538202
244	0.538443
245	0.538184
246	0.53862
247	0.537917
248	0.537806
249	0.537696
250	0.537724
251	0.538306
252	0.538086
253	0.538572
254	0.53837
255	0.538117
256	0.538233
257	0.538034
258	0.539124
259	0.538462
260	0.538182
261	0.538433
262	0.538893
263	0.538689
264	0.538607
265	0.538611
266	0.538373
267	0.537868
268	0.538207
269	0.538407
270	0.539037
271	0.538835
272	0.539517
273	0.540281
274	0.539992
275	0.539695
276	0.539188
277	0.53937
278	0.539182
279	0.538969
280	0.538865
281	0.538581
282	0.538582
283	0.538327
284	0.53838
285	0.538238
286	0.538277
287	0.538163
288	0.538301
289	0.538039
290	0.538229
291	0.538292
292	0.538839
293	0.539239
294	0.539232
295	0.539886
296	0.540327
297	0.540516
298	0.540602
299	0.540464
300	0.540541
301	0.540386
302	0.540409
303	0.540301
304	0.53983
305	0.539403
306	0.53962
307	0.539462
308	0.539493
309	0.539694
310	0.539319
311	0.539124
312	0.538602
313	0.538221
314	0.538299
315	0.538153
316	0.538681
317	0.53882
318	0.538594
319	0.538265
320	0.538973
321	0.538285
322	0.537989
323	0.538195
324	0.53804
325	0.537953
326	0.538155
327	0.538329
328	0.538868
329	0.539019
330	0.538689
331	0.538863
332	0.538536
333	0.538432
334	0.538324
335	0.537896
336	0.537529
337	0.537205
338	0.536977
339	0.536834
340	0.536958
341	0.536877
342	0.536457
343	0.536367
344	0.535935
345	0.535818
346	0.535877
347	0.536177
348	0.536195
349	0.535854
350	0.535299
351	0.534881
352	0.535112
353	0.535108
354	0.534589
355	0.534503
356	0.535018
357	0.53455
358	0.534744
359	0.534739
360	0.534972
361	0.534646
362	0.534442
363	0.534359
364	0.533779
365	0.533832
366	0.533504
367	0.533645
368	0.53383
369	0.533636
370	0.533851
371	0.534004
372	0.534104
373	0.533882
374	0.533679
375	0.533741
376	0.534019
377	0.534297
378	0.533999
379	0.533611
380	0.533273
381	0.533749
382	0.533615
383	0.533767
384	0.533747
385	0.53354
386	0.533209
387	0.53333
388	0.533666
389	0.533351
390	0.533402
391	0.533514
392	0.53358
393	0.533288
394	0.533463
395	0.533233
396	0.533283
397	0.532634
398	0.53245
399	0.531893
400	0.531734
401	0.531787
402	0.531643
403	0.531796
404	0.53138
405	0.531191
406	0.531027
407	0.531409
408	0.530885
409	0.531108
410	0.530823
411	0.530949
412	0.530752
413	0.530606
414	0.53093
415	0.530896
416	0.531193
417	0.530725
418	0.530324
419	0.530329
420	0.53013
421	0.530224
422	0.530402
423	0.530329
424	0.530079
425	0.530581
426	0.530694
427	0.530743
428	0.531197
429	0.531114
430	0.531153
431	0.530948
432	0.531024
433	0.531288
434	0.530895
435	0.531037
436	0.531033
437	0.531395
438	0.531468
439	0.531451
440	0.531253
441	0.531222
442	0.531581
443	0.531616
444	0.531525
445	0.531922
446	0.532005
447	0.531646
448	0.531193
449	0.531289
450	0.53145
451	0.531342
452	0.531341
453	0.53185
454	0.53232
455	0.532436
456	0.532292
457	0.532348
458	0.532303
459	0.532178
460	0.532013
461	0.532136
462	0.532079
463	0.531731
464	0.531586
465	0.531626
466	0.53175
467	0.531984
468	0.532059
469	0.531905
470	0.531945
471	0.531883
472	0.532018
473	0.531888
474	0.531861
475	0.531947
476	0.53176
477	0.532191
478	0.532446
479	0.532208
480	0.532334
481	0.53301
482	0.533536
483	0.533445
484	0.533524
485	0.533698
486	0.533833
487	0.533919
488	0.534101
489	0.534156
490	0.534068
491	0.533889
492	0.534246
493	0.534409
494	0.534557
495	0.534256
496	0.534361
497	0.534428
498	0.534191
499	0.534343
500	0.534145
501	0.533829
502	0.533885
503	0.533657
504	0.533783
505	0.533794
506	0.5337
507	0.533928
508	0.534076
509	0.534152
510	0.534257
511	0.534169
512	0.534285
513	0.534194
514	0.533994
515	0.533954
516	0.533821
517	0.533643
518	0.533548
519	0.533452
520	0.533295
521	0.533172
522	0.533036
523	0.532989
524	0.533239
525	0.533213
526	0.533209
527	0.533494
528	0.533532
529	0.533547
530	0.533739
531	0.533908
532	0.534382
533	0.534478
534	0.534135
535	0.533808
536	0.533764
537	0.533581
538	0.533443
539	0.533336
540	0.533223
541	0.533478
542	0.533351
543	0.533288
544	0.533119
545	0.532814
546	0.533126
547	0.532929
548	0.53313
549	0.532866
550	0.532728
551	0.532573
552	0.532525
553	0.532367
554	0.532352
555	0.532845
556	0.532705
557	0.532441
558	0.532308
559	0.532023
560	0.532099
561	0.531855
562	0.53174
563	0.531675
564	0.531481
565	0.531283
566	0.531284
567	0.531167
568	0.531208
569	0.531152
570	0.531505
571	0.531544
572	0.53169
573	0.531554
574	0.531742
575	0.53178
576	0.531709
577	0.531873
578	0.531737
579	0.531789
580	0.531522
581	0.531513
582	0.531848
583	0.531668
584	0.531409
585	0.531634
586	0.531825
587	0.531795
588	0.532024
589	0.532135
590	0.531938
591	0.532143
592	0.5328
593	0.532852
594	0.533111
595	0.533192
596	0.533147
597	0.533009
598	0.533055
599	0.533101
600	0.533197
601	0.532898
602	0.533075
603	0.532798
604	0.532814
605	0.532914
606	0.532741
607	0.532617
608	0.532583
609	0.532638
610	0.532486
611	0.532437
612	0.532649
613	0.532846
614	0.532759
615	0.532718
616	0.532632
617	0.53275
618	0.532817
619	0.53295
620	0.533079
621	0.533079
622	0.532856
623	0.53301
624	0.532846
625	0.532949
626	0.533009
627	0.532794
628	0.532622
629	0.532451
630	0.532279
631	0.53216
632	0.532297
633	0.53202
634	0.532043
635	0.53199
636	0.531939
637	0.531826
638	0.531669
639	0.531541
640	0.531808
641	0.531613
642	0.531518
643	0.531476
644	0.531576
645	0.53145
646	0.531304
647	0.531405
648	0.531238
649	0.531145
650	0.53134
651	0.531383
652	0.531303
653	0.531094
654	0.530858
655	0.530728
656	0.530709
657	0.530726
658	0.530857
659	0.530805
660	0.530821
661	0.53079
662	0.530619
663	0.530488
664	0.530315
665	0.530118
666	0.530194
667	0.530198
668	0.530088
669	0.529936
670	0.529843
671	0.529692
672	0.529521
673	0.529716
674	0.529563
675	0.529701
676	0.529586
677	0.529461
678	0.529378
679	0.529282
680	0.529281
681	0.529228
682	0.529202
683	0.529068
684	0.529005
685	0.529014
686	0.528947
687	0.529017
688	0.528908
689	0.528925
690	0.529049
691	0.528984
692	0.52883
693	0.528735
694	0.528713
695	0.528682
696	0.528635
697	0.528583
698	0.528487
699	0.528474
700	0.528369
701	0.528088
702	0.528256
703	0.528563
704	0.528403
705	0.52837
706	0.52838
707	0.528385
708	0.52816
709	0.528026
710	0.52778
711	0.527676
712	0.527548
713	0.527614
714	0.52771
715	0.527741
716	0.527811
717	0.527926
718	0.527884
719	0.52787
720	0.527898
721	0.527687
722	0.527643
723	0.527506
724	0.527826
725	0.527732
726	0.527739
727	0.527666
728	0.527731
729	0.527816
730	0.528092
731	0.528006
732	0.528036
733	0.528252
734	0.528244
735	0.528051
736	0.528182
737	0.528322
738	0.52824
739	0.528264
740	0.528153
741	0.528164
742	0.528082
743	0.528019
744	0.528044
745	0.528123
746	0.52816
747	0.528057
748	0.52815
749	0.528107
750	0.528062
751	0.528167
752	0.528341
753	0.528435
754	0.528461
755	0.528492
756	0.528415
757	0.528584
758	0.528596
759	0.528356
760	0.528263
761	0.528323
762	0.528335
763	0.528207
764	0.528383
765	0.528223
766	0.528057
767	0.527859
768	0.527849
769	0.527905
770	0.527873
771	0.527796
772	0.527795
773	0.52796
774	0.528224
775	0.528181
776	0.528332
777	0.528162
778	0.528266
779	0.528038
780	0.527921
781	0.52806
782	0.528008
783	0.528179
784	0.528653
785	0.528603
786	0.528578
787	0.528749
788	0.528621
789	0.528523
790	0.528471
791	0.528724
792	0.528789
793	0.528754
794	0.529174
795	0.529219
796	0.529303
797	0.529274
798	0.529347
799	0.529222
800	0.529236
801	0.529314
802	0.529298
803	0.529257
804	0.529032
805	0.529169
806	0.529132
807	0.529062
808	0.528936
809	0.529042
810	0.528941
811	0.528718
812	0.528971
813	0.528967
814	0.528873
815	0.528924
816	0.528933
817	0.529036
818	0.52885
819	0.528821
820	0.528765
821	0.528732
822	0.528586
823	0.528637
824	0.528438
825	0.528512
826	0.528456
827	0.528468
828	0.52846
829	0.528468
830	0.528486
831	0.528515
832	0.528491
833	0.528627
834	0.528668
835	0.528563
836	0.528403
837	0.528474
838	0.528525
839	0.528346
840	0.528293
841	0.528162
842	0.528013
843	0.528091
844	0.528063
845	0.528266
846	0.528105
847	0.527964
848	0.528093
849	0.527963
850	0.527989
851	0.52787
852	0.527782
853	0.52764
854	0.52761
855	0.52761
856	0.527747
857	0.527739
858	0.52783
859	0.527892
860	0.527918
861	0.528134
862	0.528025
863	0.52801
864	0.527974
865	0.527914
866	0.527845
867	0.52786
868	0.527929
869	0.527905
870	0.527906
871	0.528002
872	0.527973
873	0.527922
874	0.527691
875	0.527685
876	0.527678
877	0.527664
878	0.527594
879	0.527677
880	0.527971
881	0.528005
882	0.527947
883	0.527844
884	0.527976
885	0.528086
886	0.528046
887	0.528204
888	0.527982
889	0.528088
890	0.528051
891	0.528167
892	0.528046
893	0.528118
894	0.528205
895	0.52833
896	0.5283
897	0.528367
898	0.528422
899	0.528514
900	0.528686
901	0.528705
902	0.52873
903	0.528794
904	0.528783
905	0.528673
906	0.528654
907	0.528582
908	0.528557
909	0.528515
910	0.528471
911	0.528645
912	0.528819
913	0.528771
914	0.528665
915	0.528696
916	0.528533
917	0.528582
918	0.528684
919	0.528685
920	0.528824
921	0.528982
922	0.52893
923	0.528875
924	0.529112
925	0.529056
926	0.52897
927	0.528847
928	0.528919
929	0.528851
930	0.528809
931	0.528998
932	0.528759
933	0.528769
934	0.528701
935	0.5287
936	0.528592
937	0.528568
938	0.528494
939	0.528536
940	0.528494
941	0.528433
942	0.528368
943	0.528331
944	0.528339
945	0.528349
946	0.528256
947	0.528452
948	0.528292
949	0.528343
950	0.528449
951	0.528253
952	0.528226
953	0.528172
954	0.528018
955	0.527926
956	0.527949
957	0.527845
958	0.528104
959	0.528012
960	0.527858
961	0.527771
962	0.527967
963	0.528086
964	0.528084
965	0.528066
966	0.528008
967	0.527881
968	0.52793
969	0.527952
970	0.527887
971	0.528076
972	0.528115
973	0.528085
974	0.528111
975	0.528208
976	0.528284
977	0.528149
978	0.528236
979	0.528234
980	0.5282
981	0.528319
982	0.528302
983	0.528356
984	0.528282
985	0.528293
986	0.528381
987	0.5287
988	0.528668
989	0.528716
990	0.528596
991	0.52851
992	0.52856
993	0.528569
994	0.528701
995	0.528825
996	0.528712
997	0.528681
998	0.528737
999	0.528836
