0	3.51106
1	3.95545
2	8.83716
3	8.96509
4	8.75058
5	8.45299
6	8.30064
7	8.74738
8	8.54649
9	8.51866
10	8.72352
11	8.58711
12	8.98393
13	8.86485
14	8.58141
15	9.07631
16	10.9346
17	11.2339
18	11.1541
19	11.5378
20	11.2366
21	11.123
22	11.0163
23	10.757
24	11.2801
25	11.3379
26	11.1417
27	11.509
28	11.5117
29	11.1946
30	10.9994
31	11.1003
32	10.8996
33	10.7905
34	10.6212
35	11.1667
36	10.9681
37	11.0417
38	11.1355
39	10.9385
40	10.8109
41	10.6436
42	10.4584
43	10.3798
44	10.225
45	10.2556
46	10.2526
47	10.1564
48	10.4122
49	10.349
50	10.2648
51	10.584
52	10.5453
53	10.4779
54	10.6911
55	10.735
56	10.9119
57	10.8961
58	10.859
59	10.92
60	10.8218
61	10.8506
62	10.8229
63	10.9418
64	10.9637
65	10.9368
66	10.8381
67	10.83
68	10.8558
69	10.9859
70	11.2209
71	11.3079
72	11.2598
73	11.2268
74	11.1589
75	11.0905
76	11.0862
77	11.0214
78	10.9365
79	10.9077
80	10.9351
81	10.831
82	10.8526
83	10.7946
84	10.7551
85	10.9023
86	11.0879
87	11.0922
88	11.0178
89	10.9695
90	11.1239
91	11.1856
92	11.1064
93	11.1052
94	11.0334
95	10.9882
96	10.9306
97	10.883
98	11.0374
99	11.0428
100	11.0424
101	11.1319
102	11.1377
103	11.0748
104	11.0913
105	11.1066
106	11.0861
107	11.1763
108	11.187
109	11.1929
110	11.2207
111	11.1749
112	11.1037
113	11.1175
114	11.0748
115	11.0312
116	11.0123
117	11.1998
118	11.276
119	11.3064
120	11.2636
121	11.3154
122	11.3345
123	11.3272
124	11.3571
125	11.3477
126	11.3102
127	11.2628
128	11.4461
129	11.5393
130	11.497
131	11.465
132	11.5173
133	11.6091
134	11.6953
135	11.6691
136	11.6154
137	11.6719
138	11.6497
139	11.6462
140	11.7504
141	11.7104
142	11.6918
143	11.6366
144	11.6094
145	11.5567
146	11.6206
147	11.5603
148	11.5106
149	11.4533
150	11.413
151	11.3984
152	11.4033
153	11.3901
154	11.4061
155	11.5161
156	11.4837
157	11.4492
158	11.4418
159	11.4613
160	11.6218
161	11.6928
162	11.7354
163	11.6867
164	11.6881
165	11.673
166	11.7734
167	11.758
168	11.724
169	11.7249
170	11.6874
171	11.7441
172	11.7226
173	11.769
174	11.7981
175	11.7638
176	11.8177
177	11.8181
178	11.8575
179	11.818
180	11.8153
181	11.7712
182	11.7541
183	11.7965
184	11.7651
185	11.7648
186	11.8028
187	11.7953
188	11.7478
189	11.7707
190	11.9045
191	12.0179
192	11.9807
193	12.041
194	12.0801
195	12.0324
196	11.9867
197	12.0193
198	12.0241
199	12.0136
200	11.9986
201	12.0021
202	11.9707
203	11.9652
204	11.9616
205	11.9266
206	11.907
207	11.8787
208	11.9899
209	12.0022
210	12.1126
211	12.0939
212	12.0536
213	12.1039
214	12.417
215	12.566
216	12.529
217	12.6538
218	12.8144
219	12.8021
220	12.7561
221	12.7122
222	12.7207
223	12.6877
224	12.6707
225	12.6831
226	12.6485
227	12.6044
228	12.7596
229	12.8069
230	12.8271
231	12.8005
232	12.7639
233	12.7477
234	12.7333
235	12.709
236	12.6803
237	12.6636
238	12.7021
239	12.6938
240	12.7062
241	12.6705
242	12.6367
243	12.6375
244	12.6669
245	12.6599
246	12.6504
247	12.683
248	12.66
249	12.6699
250	12.6728
251	12.6787
252	12.6576
253	12.6365
254	12.6264
255	12.65
256	12.6843
257	12.6704
258	12.6769
259	12.638
260	12.6016
261	12.578
262	12.5631
263	12.5832
264	12.5557
265	12.5316
266	12.5012
267	12.4887
268	12.5104
269	12.518
270	12.49
271	12.5011
272	12.4963
273	12.4784
274	12.4648
275	12.5067
276	12.5537
277	12.6208
278	12.6245
279	12.6229
280	12.6225
281	12.6165
282	12.5971
283	12.5713
284	12.5735
285	12.5432
286	12.561
287	12.5716
288	12.5463
289	12.5571
290	12.5248
291	12.5019
292	12.4873
293	12.4933
294	12.4707
295	12.4459
296	12.444
297	12.4221
298	12.4698
299	12.4627
300	12.444
301	12.4231
302	12.3989
303	12.3911
304	12.3858
305	12.3523
306	12.3246
307	12.3237
308	12.3574
309	12.4855
310	12.528
311	12.4979
312	12.4873
313	12.4684
314	12.458
315	12.438
316	12.407
317	12.3973
318	12.4073
319	12.4207
320	12.4163
321	12.4216
322	12.3933
323	12.385
324	12.3854
325	12.3787
326	12.3813
327	12.401
328	12.3711
329	12.3549
330	12.3404
331	12.3475
332	12.3263
333	12.3086
334	12.2974
335	12.269
336	12.2688
337	12.2525
338	12.2222
339	12.2008
340	12.1869
341	12.1811
342	12.1627
343	12.1445
344	12.1396
345	12.1099
346	12.0947
347	12.1123
348	12.1047
349	12.0899
350	12.0571
351	12.0489
352	12.0327
353	12.0298
354	12.0077
355	12.004
356	12.0255
357	12.0018
358	12.0008
359	11.9866
360	11.9873
361	11.984
362	11.9738
363	11.9479
364	11.9707
365	12.0347
366	12.04
367	12.0296
368	12.0136
369	12.0018
370	11.9886
371	12.0271
372	12.0199
373	11.999
374	12.0045
375	11.9825
376	11.9782
377	11.9687
378	11.9572
379	11.9391
380	11.9302
381	11.917
382	11.9022
383	11.8982
384	11.8944
385	11.8777
386	11.8995
387	11.9667
388	11.9558
389	11.9475
390	11.9398
391	11.9241
392	11.9297
393	11.92
394	11.9163
395	11.9315
396	11.917
397	11.9123
398	11.8955
399	11.8737
400	11.8586
401	11.8419
402	11.8455
403	11.8447
404	11.829
405	11.8232
406	11.8036
407	11.7847
408	11.7772
409	11.7716
410	11.7523
411	11.7794
412	11.7817
413	11.787
414	11.8433
415	11.8359
416	11.8378
417	11.8154
418	11.7921
419	11.7839
420	11.7676
421	11.7501
422	11.7461
423	11.7706
424	11.7591
425	11.7415
426	11.7342
427	11.7342
428	11.7517
429	11.7662
430	11.7521
431	11.7988
432	11.8477
433	11.8402
434	11.8341
435	11.8494
436	11.833
437	11.8222
438	11.8131
439	11.7952
440	11.8362
441	11.8303
442	11.8328
443	11.8434
444	11.8523
445	11.8564
446	11.8998
447	11.8902
448	11.9203
449	11.9223
450	11.9229
451	11.9306
452	11.9211
453	11.9497
454	11.9435
455	11.9205
456	11.9037
457	11.9257
458	11.9486
459	11.9284
460	11.9117
461	11.9033
462	11.9008
463	11.8824
464	11.879
465	11.8666
466	11.8608
467	11.8619
468	11.8638
469	11.9224
470	11.9313
471	11.9113
472	11.9208
473	11.9158
474	11.8998
475	11.8878
476	11.9452
477	11.9563
478	11.9528
479	11.9416
480	11.9389
481	11.9428
482	11.9489
483	11.9886
484	11.976
485	12.0022
486	11.9961
487	12.0021
488	12.001
489	11.9983
490	11.9817
491	11.9683
492	11.973
493	12.0234
494	12.0115
495	11.9975
496	11.9892
497	11.9773
498	11.9939
499	11.9822
500	11.9694
501	11.9603
502	11.955
503	11.9492
504	11.9518
505	11.9554
506	11.9462
507	11.9366
508	11.9217
509	11.9332
510	11.9371
511	11.9214
512	11.9113
513	11.8967
514	11.89
515	11.9142
516	11.897
517	11.8844
518	11.8809
519	11.9085
520	11.8935
521	11.8804
522	11.8821
523	11.8654
524	11.8917
525	11.9317
526	11.9307
527	11.9779
528	11.9873
529	11.9773
530	11.9606
531	11.9459
532	11.9526
533	11.9498
534	11.9319
535	11.9183
536	11.9034
537	11.8998
538	11.8864
539	11.8784
540	11.8699
541	11.8661
542	11.8542
543	11.8474
544	11.8366
545	11.8402
546	11.8242
547	11.8122
548	11.798
549	11.7875
550	11.7821
551	11.7771
552	11.7743
553	11.7673
554	11.7564
555	11.7416
556	11.7421
557	11.7417
558	11.7576
559	11.7814
560	11.8196
561	11.8309
562	11.8349
563	11.8316
564	11.8247
565	11.8127
566	11.8024
567	11.7891
568	11.8052
569	11.8004
570	11.7953
571	11.7822
572	11.7857
573	11.8073
574	11.8365
575	11.8308
576	11.8314
577	11.832
578	11.8186
579	11.8137
580	11.8153
581	11.8245
582	11.8417
583	11.8393
584	11.8256
585	11.8167
586	11.8231
587	11.816
588	11.8143
589	11.8009
590	11.786
591	11.7824
592	11.7805
593	11.7745
594	11.7752
595	11.7876
596	11.7736
597	11.7625
598	11.7499
599	11.7588
600	11.7463
601	11.7468
602	11.7453
603	11.7366
604	11.7253
605	11.7189
606	11.7382
607	11.763
608	11.7848
609	11.7809
610	11.7733
611	11.7598
612	11.7637
613	11.7701
614	11.7693
615	11.7711
616	11.7712
617	11.7626
618	11.7745
619	11.7629
620	11.7775
621	11.8065
622	11.801
623	11.8032
624	11.8266
625	11.8279
626	11.8363
627	11.8394
628	11.8326
629	11.8218
630	11.817
631	11.8073
632	11.7989
633	11.8051
634	11.7985
635	11.7867
636	11.7964
637	11.7889
638	11.7777
639	11.7678
640	11.7682
641	11.7584
642	11.7538
643	11.7903
644	11.8058
645	11.8151
646	11.8649
647	11.8937
648	11.8892
649	11.8861
650	11.88
651	11.8723
652	11.8909
653	11.8856
654	11.8735
655	11.8628
656	11.8591
657	11.8527
658	11.8577
659	11.8487
660	11.8373
661	11.8367
662	11.8323
663	11.8161
664	11.8007
665	11.7897
666	11.782
667	11.7931
668	11.7957
669	11.7854
670	11.7704
671	11.7704
672	11.7628
673	11.7608
674	11.8025
675	11.8078
676	11.8038
677	11.7943
678	11.7872
679	11.7792
680	11.7862
681	11.7801
682	11.8014
683	11.7943
684	11.7913
685	11.7835
686	11.8054
687	11.8379
688	11.8659
689	11.8577
690	11.859
691	11.8603
692	11.8623
693	11.8586
694	11.8508
695	11.8581
696	11.8944
697	11.8878
698	11.8973
699	11.8864
700	11.8884
701	11.8815
702	11.871
703	11.8687
704	11.865
705	11.8738
706	11.8692
707	11.8586
708	11.8537
709	11.8496
710	11.8471
711	11.8363
712	11.8286
713	11.8212
714	11.8077
715	11.7973
716	11.7984
717	11.7871
718	11.7946
719	11.7912
720	11.7812
721	11.7739
722	11.7713
723	11.7644
724	11.7653
725	11.8484
726	11.8718
727	11.8771
728	11.8823
729	11.9065
730	11.8959
731	11.8931
732	11.8874
733	11.8913
734	11.9258
735	11.9563
736	11.9551
737	11.9424
738	11.9366
739	11.9494
740	11.9432
741	11.9419
742	11.9373
743	11.9303
744	11.9242
745	11.9153
746	11.9066
747	11.897
748	11.888
749	11.8918
750	11.9193
751	11.9672
752	11.9557
753	11.9471
754	11.939
755	11.9624
756	11.9867
757	11.9857
758	11.9729
759	11.9687
760	11.9708
761	11.964
762	11.9747
763	11.9732
764	11.9743
765	11.9618
766	11.9518
767	11.9437
768	11.9376
769	11.9365
770	11.9283
771	11.9177
772	11.9117
773	11.904
774	11.8967
775	11.8928
776	11.8845
777	11.8778
778	11.8684
779	11.8604
780	11.8562
781	11.8528
782	11.8574
783	11.8574
784	11.8723
785	11.8708
786	11.862
787	11.8568
788	11.851
789	11.8444
790	11.8368
791	11.8449
792	11.8385
793	11.8509
794	11.8645
795	11.8611
796	11.8506
797	11.8408
798	11.8361
799	11.832
800	11.8257
801	11.8232
802	11.8116
803	11.8017
804	11.8088
805	11.806
806	11.7951
807	11.7868
808	11.7831
809	11.7799
810	11.7712
811	11.7669
812	11.7612
813	11.7572
814	11.7513
815	11.755
816	11.7575
817	11.7624
818	11.7621
819	11.7786
820	11.8046
821	11.7985
822	11.7988
823	11.7962
824	11.7895
825	11.7816
826	11.7935
827	11.7908
828	11.7846
829	11.78
830	11.7773
831	11.775
832	11.777
833	11.8147
834	11.8285
835	11.8255
836	11.8246
837	11.8219
838	11.812
839	11.8127
840	11.8058
841	11.7977
842	11.8091
843	11.8031
844	11.7961
845	11.8075
846	11.7993
847	11.7947
848	11.7859
849	11.7766
850	11.7686
851	11.7627
852	11.7655
853	11.7541
854	11.7564
855	11.7507
856	11.7436
857	11.7461
858	11.7437
859	11.7367
860	11.7383
861	11.7315
862	11.7249
863	11.7225
864	11.7206
865	11.7179
866	11.7141
867	11.7322
868	11.7309
869	11.7323
870	11.7353
871	11.7294
872	11.7175
873	11.715
874	11.7119
875	11.7155
876	11.712
877	11.7053
878	11.6981
879	11.6975
880	11.738
881	11.7306
882	11.725
883	11.7795
884	11.7735
885	11.7734
886	11.7683
887	11.7829
888	11.8035
889	11.8122
890	11.8226
891	11.8163
892	11.8104
893	11.8109
894	11.8051
895	11.7996
896	11.7929
897	11.7885
898	11.7834
899	11.7841
900	11.7765
901	11.7668
902	11.7605
903	11.7531
904	11.7444
905	11.741
906	11.7406
907	11.7481
908	11.7419
909	11.7392
910	11.7377
911	11.7539
912	11.7531
913	11.7555
914	11.7486
915	11.7745
916	11.8081
917	11.8343
918	11.8282
919	11.8356
920	11.831
921	11.8233
922	11.8226
923	11.8174
924	11.8096
925	11.8086
926	11.82
927	11.8137
928	11.8088
929	11.8005
930	11.7994
931	11.7978
932	11.7939
933	11.7894
934	11.7874
935	11.7822
936	11.774
937	11.7654
938	11.7641
939	11.7581
940	11.762
941	11.7569
942	11.75
943	11.7489
944	11.7409
945	11.7424
946	11.7387
947	11.7482
948	11.748
949	11.7532
950	11.7501
951	11.7428
952	11.7351
953	11.7324
954	11.7338
955	11.743
956	11.7438
957	11.7422
958	11.7436
959	11.7423
960	11.7691
961	11.7637
962	11.76
963	11.7529
964	11.755
965	11.77
966	11.7898
967	11.7851
968	11.779
969	11.7766
970	11.7714
971	11.7862
972	11.7819
973	11.7766
974	11.7676
975	11.7645
976	11.7588
977	11.7537
978	11.7507
979	11.7429
980	11.7389
981	11.7345
982	11.7262
983	11.7215
984	11.7197
985	11.7259
986	11.7289
987	11.7227
988	11.7156
989	11.7331
990	11.7757
991	11.8254
992	11.8328
993	11.8283
994	11.8218
995	11.817
996	11.8117
997	11.8195
998	11.8284
999	11.8206
