0	0.21488
1	0.261985
2	0.343545
3	0.358073
4	0.370842
5	0.359053
6	0.366747
7	0.383986
8	0.384646
9	0.369657
10	0.369551
11	0.35817
12	0.356206
13	0.349393
14	0.353676
15	0.366156
16	0.375594
17	0.375067
18	0.374809
19	0.379648
20	0.377157
21	0.375722
22	0.371872
23	0.365159
24	0.374022
25	0.369503
26	0.366256
27	0.365338
28	0.363216
29	0.35924
30	0.36155
31	0.369612
32	0.365902
33	0.363017
34	0.359169
35	0.365386
36	0.363864
37	0.365487
38	0.367482
39	0.362561
40	0.36251
41	0.359686
42	0.356163
43	0.358985
44	0.353799
45	0.356267
46	0.354507
47	0.354043
48	0.357033
49	0.357664
50	0.357256
51	0.359062
52	0.356825
53	0.357061
54	0.358428
55	0.357201
56	0.356508
57	0.355741
58	0.356565
59	0.357418
60	0.355745
61	0.35546
62	0.358082
63	0.360568
64	0.361762
65	0.360379
66	0.35874
67	0.358489
68	0.361236
69	0.361641
70	0.362267
71	0.364097
72	0.36266
73	0.363571
74	0.363554
75	0.365121
76	0.363266
77	0.363534
78	0.361915
79	0.363961
80	0.365371
81	0.364747
82	0.363983
83	0.36345
84	0.363466
85	0.3665
86	0.364812
87	0.364832
88	0.362889
89	0.362338
90	0.3653
91	0.366723
92	0.367212
93	0.368922
94	0.368525
95	0.367561
96	0.366461
97	0.366898
98	0.371513
99	0.372849
100	0.372532
101	0.372713
102	0.371575
103	0.37207
104	0.372704
105	0.372624
106	0.372855
107	0.374236
108	0.374332
109	0.374615
110	0.374308
111	0.37418
112	0.372778
113	0.37706
114	0.376365
115	0.376122
116	0.379006
117	0.379099
118	0.37905
119	0.380774
120	0.380795
121	0.383543
122	0.382862
123	0.383142
124	0.382984
125	0.383025
126	0.381934
127	0.381472
128	0.38453
129	0.383886
130	0.383502
131	0.383445
132	0.384389
133	0.384001
134	0.383505
135	0.384715
136	0.384196
137	0.384103
138	0.383586
139	0.385257
140	0.385081
141	0.38439
142	0.384941
143	0.383631
144	0.383129
145	0.382922
146	0.383674
147	0.382145
148	0.38119
149	0.380311
150	0.380165
151	0.381183
152	0.38097
153	0.38049
154	0.380379
155	0.3804
156	0.380516
157	0.380946
158	0.380677
159	0.381735
160	0.381262
161	0.38314
162	0.382017
163	0.381442
164	0.382771
165	0.382405
166	0.383409
167	0.382767
168	0.381925
169	0.382259
170	0.381147
171	0.381258
172	0.381072
173	0.381027
174	0.380725
175	0.380014
176	0.379878
177	0.37973
178	0.379488
179	0.379107
180	0.378797
181	0.378209
182	0.377523
183	0.376849
184	0.377942
185	0.377613
186	0.378412
187	0.378015
188	0.376823
189	0.377035
190	0.377579
191	0.3776
192	0.377181
193	0.379543
194	0.380034
195	0.378979
196	0.378191
197	0.37867
198	0.379184
199	0.379077
200	0.378827
201	0.379451
202	0.379109
203	0.379941
204	0.379425
205	0.379047
206	0.378833
207	0.378682
208	0.380118
209	0.379494
210	0.380699
211	0.380558
212	0.38022
213	0.380411
214	0.380327
215	0.38001
216	0.379496
217	0.380372
218	0.379981
219	0.3797
220	0.378973
221	0.378008
222	0.378477
223	0.37779
224	0.377822
225	0.377965
226	0.377678
227	0.376899
228	0.378303
229	0.378274
230	0.378477
231	0.378594
232	0.378097
233	0.377779
234	0.37802
235	0.377932
236	0.378274
237	0.378311
238	0.378833
239	0.37896
240	0.378567
241	0.377663
242	0.377191
243	0.377075
244	0.377215
245	0.377414
246	0.377874
247	0.378118
248	0.378031
249	0.378123
250	0.377816
251	0.377829
252	0.378137
253	0.378897
254	0.378529
255	0.379554
256	0.379303
257	0.379998
258	0.380426
259	0.379837
260	0.379556
261	0.379611
262	0.379695
263	0.380341
264	0.379951
265	0.379443
266	0.379261
267	0.379338
268	0.379743
269	0.379122
270	0.379125
271	0.379436
272	0.379159
273	0.378974
274	0.378719
275	0.378783
276	0.379542
277	0.379758
278	0.379341
279	0.378969
280	0.378824
281	0.379284
282	0.379187
283	0.379564
284	0.379253
285	0.378825
286	0.379086
287	0.379229
288	0.379486
289	0.379823
290	0.379559
291	0.379394
292	0.379486
293	0.380026
294	0.379575
295	0.379489
296	0.379575
297	0.379579
298	0.379825
299	0.379519
300	0.378875
301	0.378973
302	0.378593
303	0.378681
304	0.378779
305	0.378546
306	0.378161
307	0.377972
308	0.378382
309	0.378895
310	0.378606
311	0.378294
312	0.378717
313	0.378504
314	0.378617
315	0.378415
316	0.377764
317	0.378142
318	0.378378
319	0.378752
320	0.379393
321	0.379759
322	0.379434
323	0.379254
324	0.379412
325	0.379678
326	0.38005
327	0.380232
328	0.3798
329	0.379571
330	0.379395
331	0.379593
332	0.379409
333	0.378892
334	0.379409
335	0.379018
336	0.378828
337	0.37833
338	0.378081
339	0.377824
340	0.377988
341	0.377804
342	0.377463
343	0.377372
344	0.377621
345	0.377064
346	0.376742
347	0.377612
348	0.377672
349	0.377644
350	0.376911
351	0.376473
352	0.37634
353	0.376328
354	0.375839
355	0.375736
356	0.375668
357	0.375098
358	0.374814
359	0.374722
360	0.374756
361	0.374713
362	0.374709
363	0.374579
364	0.374858
365	0.375292
366	0.374861
367	0.37455
368	0.374752
369	0.37446
370	0.374599
371	0.374758
372	0.374656
373	0.374462
374	0.374652
375	0.374779
376	0.374954
377	0.374715
378	0.374608
379	0.374459
380	0.374417
381	0.374445
382	0.374249
383	0.374163
384	0.37405
385	0.373931
386	0.374265
387	0.374118
388	0.37412
389	0.374066
390	0.374031
391	0.373804
392	0.374028
393	0.373939
394	0.373785
395	0.373964
396	0.373808
397	0.373727
398	0.373679
399	0.373366
400	0.373163
401	0.373231
402	0.373274
403	0.373518
404	0.373369
405	0.373424
406	0.373152
407	0.37321
408	0.373122
409	0.373201
410	0.372922
411	0.373172
412	0.373173
413	0.373355
414	0.373352
415	0.373395
416	0.373098
417	0.372824
418	0.372638
419	0.372892
420	0.372665
421	0.372393
422	0.372319
423	0.372864
424	0.372649
425	0.372209
426	0.372271
427	0.372571
428	0.372784
429	0.372528
430	0.372354
431	0.372703
432	0.372929
433	0.372653
434	0.372403
435	0.372135
436	0.371982
437	0.371844
438	0.371602
439	0.371479
440	0.371796
441	0.371915
442	0.372106
443	0.372635
444	0.373463
445	0.373207
446	0.373495
447	0.373168
448	0.373098
449	0.373033
450	0.372951
451	0.372958
452	0.37311
453	0.373127
454	0.373309
455	0.372827
456	0.373033
457	0.373161
458	0.373389
459	0.372934
460	0.372745
461	0.372869
462	0.372586
463	0.37217
464	0.371817
465	0.371822
466	0.371693
467	0.37175
468	0.371914
469	0.372333
470	0.371959
471	0.371488
472	0.371771
473	0.371523
474	0.371391
475	0.371531
476	0.372239
477	0.372081
478	0.372239
479	0.372136
480	0.371804
481	0.371941
482	0.37279
483	0.372567
484	0.372646
485	0.373063
486	0.372985
487	0.372892
488	0.373172
489	0.373422
490	0.373173
491	0.373196
492	0.373139
493	0.37353
494	0.373356
495	0.37348
496	0.373419
497	0.37325
498	0.373624
499	0.373478
500	0.373337
501	0.373636
502	0.373339
503	0.373209
504	0.373369
505	0.373785
506	0.373605
507	0.373534
508	0.373208
509	0.373285
510	0.373232
511	0.372937
512	0.372753
513	0.372614
514	0.372845
515	0.373092
516	0.37299
517	0.373251
518	0.373546
519	0.373463
520	0.37328
521	0.373452
522	0.373482
523	0.373256
524	0.373098
525	0.373043
526	0.372989
527	0.373202
528	0.372928
529	0.373225
530	0.372834
531	0.372682
532	0.372763
533	0.372697
534	0.372635
535	0.37247
536	0.372358
537	0.372153
538	0.372103
539	0.371912
540	0.371699
541	0.371658
542	0.371577
543	0.371649
544	0.371448
545	0.37201
546	0.371779
547	0.371644
548	0.371372
549	0.371484
550	0.371264
551	0.371147
552	0.370928
553	0.370853
554	0.370922
555	0.37078
556	0.370787
557	0.37115
558	0.371139
559	0.371351
560	0.371391
561	0.371274
562	0.371144
563	0.371054
564	0.370923
565	0.370725
566	0.370477
567	0.370396
568	0.370463
569	0.37057
570	0.3704
571	0.370106
572	0.370189
573	0.370167
574	0.370181
575	0.370156
576	0.370134
577	0.370271
578	0.370084
579	0.36988
580	0.370019
581	0.369997
582	0.370136
583	0.370047
584	0.369906
585	0.369761
586	0.369671
587	0.370165
588	0.369972
589	0.369783
590	0.369691
591	0.369753
592	0.369754
593	0.369496
594	0.369792
595	0.369907
596	0.369754
597	0.369566
598	0.369323
599	0.369614
600	0.369426
601	0.369302
602	0.369483
603	0.369438
604	0.369316
605	0.369358
606	0.369445
607	0.369507
608	0.369641
609	0.36948
610	0.369433
611	0.369334
612	0.369315
613	0.369353
614	0.369443
615	0.369701
616	0.370005
617	0.369903
618	0.369896
619	0.369741
620	0.369779
621	0.369758
622	0.369928
623	0.370033
624	0.370173
625	0.370013
626	0.370158
627	0.370205
628	0.370215
629	0.370062
630	0.370138
631	0.370071
632	0.369958
633	0.369955
634	0.369743
635	0.369671
636	0.369583
637	0.369462
638	0.369365
639	0.369328
640	0.36941
641	0.369224
642	0.369154
643	0.369914
644	0.369851
645	0.369753
646	0.37027
647	0.370138
648	0.370374
649	0.370201
650	0.370019
651	0.369873
652	0.369999
653	0.369894
654	0.369753
655	0.369729
656	0.369917
657	0.369799
658	0.369755
659	0.369756
660	0.369581
661	0.369692
662	0.369678
663	0.369342
664	0.369023
665	0.368792
666	0.368829
667	0.368911
668	0.369032
669	0.368832
670	0.368563
671	0.36853
672	0.368579
673	0.368524
674	0.368793
675	0.368695
676	0.36869
677	0.368671
678	0.368881
679	0.368791
680	0.368967
681	0.368834
682	0.369207
683	0.369167
684	0.369168
685	0.36918
686	0.369282
687	0.369502
688	0.369391
689	0.369409
690	0.369404
691	0.369425
692	0.369421
693	0.369257
694	0.369205
695	0.36931
696	0.369582
697	0.369499
698	0.369664
699	0.369626
700	0.369672
701	0.369468
702	0.369306
703	0.369362
704	0.369424
705	0.369341
706	0.369315
707	0.369286
708	0.369193
709	0.36947
710	0.36935
711	0.369299
712	0.369196
713	0.369194
714	0.369019
715	0.368948
716	0.368813
717	0.368685
718	0.368782
719	0.36865
720	0.368554
721	0.368624
722	0.368557
723	0.368562
724	0.36869
725	0.368861
726	0.368869
727	0.368712
728	0.368789
729	0.368833
730	0.368756
731	0.368954
732	0.369112
733	0.369173
734	0.369371
735	0.369429
736	0.369284
737	0.368961
738	0.368868
739	0.368931
740	0.369009
741	0.36888
742	0.368913
743	0.368746
744	0.368788
745	0.368784
746	0.36863
747	0.368503
748	0.368396
749	0.36846
750	0.368784
751	0.368705
752	0.368483
753	0.36871
754	0.368558
755	0.368776
756	0.368922
757	0.368813
758	0.368573
759	0.368667
760	0.368678
761	0.368631
762	0.368799
763	0.3688
764	0.368822
765	0.368713
766	0.368601
767	0.36862
768	0.36848
769	0.368634
770	0.368606
771	0.368425
772	0.368366
773	0.368153
774	0.368072
775	0.368061
776	0.367855
777	0.3677
778	0.367601
779	0.367588
780	0.367472
781	0.36731
782	0.367338
783	0.367489
784	0.367456
785	0.3672
786	0.367204
787	0.367196
788	0.367208
789	0.367297
790	0.367431
791	0.367515
792	0.367454
793	0.367524
794	0.367829
795	0.368069
796	0.367858
797	0.367773
798	0.367707
799	0.367738
800	0.367629
801	0.367588
802	0.367427
803	0.367274
804	0.367228
805	0.367245
806	0.366987
807	0.366882
808	0.366877
809	0.36714
810	0.366959
811	0.36708
812	0.36703
813	0.367001
814	0.366916
815	0.366947
816	0.366927
817	0.367146
818	0.367224
819	0.367263
820	0.367611
821	0.367718
822	0.367563
823	0.367612
824	0.367428
825	0.367321
826	0.367788
827	0.367672
828	0.367599
829	0.367523
830	0.367573
831	0.367717
832	0.367654
833	0.367657
834	0.367498
835	0.367439
836	0.367405
837	0.367421
838	0.367295
839	0.367358
840	0.367235
841	0.367116
842	0.367066
843	0.36708
844	0.367066
845	0.367274
846	0.367074
847	0.367107
848	0.366954
849	0.366957
850	0.366878
851	0.366962
852	0.366846
853	0.366758
854	0.3666
855	0.366455
856	0.3664
857	0.366495
858	0.366531
859	0.366403
860	0.366262
861	0.366124
862	0.365952
863	0.366159
864	0.366003
865	0.365965
866	0.365887
867	0.365931
868	0.365884
869	0.366036
870	0.365986
871	0.365922
872	0.365743
873	0.36576
874	0.365801
875	0.365821
876	0.365733
877	0.365788
878	0.36572
879	0.36593
880	0.366008
881	0.365883
882	0.366052
883	0.366078
884	0.365917
885	0.365892
886	0.366013
887	0.366434
888	0.366504
889	0.36668
890	0.36663
891	0.366745
892	0.366719
893	0.366681
894	0.366511
895	0.366527
896	0.36653
897	0.366434
898	0.36651
899	0.366384
900	0.366291
901	0.366214
902	0.366153
903	0.366215
904	0.36609
905	0.366111
906	0.366068
907	0.36635
908	0.366165
909	0.366162
910	0.366128
911	0.366303
912	0.366285
913	0.366354
914	0.366308
915	0.366435
916	0.366627
917	0.366741
918	0.366639
919	0.366858
920	0.366874
921	0.36678
922	0.366843
923	0.366757
924	0.366632
925	0.366869
926	0.366809
927	0.36671
928	0.366743
929	0.366611
930	0.366606
931	0.366577
932	0.366648
933	0.366583
934	0.366665
935	0.366516
936	0.366365
937	0.366337
938	0.366401
939	0.366369
940	0.366541
941	0.366531
942	0.366416
943	0.36654
944	0.366516
945	0.366744
946	0.366628
947	0.366709
948	0.366671
949	0.36686
950	0.366967
951	0.366813
952	0.366863
953	0.36681
954	0.366815
955	0.366899
956	0.366812
957	0.366746
958	0.366749
959	0.366889
960	0.367237
961	0.367198
962	0.367209
963	0.367083
964	0.367063
965	0.367283
966	0.367513
967	0.367374
968	0.367248
969	0.367157
970	0.367114
971	0.367256
972	0.367174
973	0.367036
974	0.366911
975	0.366851
976	0.366844
977	0.366745
978	0.366624
979	0.366668
980	0.366744
981	0.36665
982	0.366654
983	0.366649
984	0.366864
985	0.366968
986	0.367123
987	0.367103
988	0.367057
989	0.367143
990	0.367374
991	0.367402
992	0.367534
993	0.367449
994	0.367345
995	0.367418
996	0.367468
997	0.367417
998	0.367396
999	0.36723
