0	0.0122393
1	0.0145463
2	0.0144919
3	0.0126215
4	0.0122596
5	0.0114183
6	0.0107131
7	0.0101925
8	0.0104354
9	0.0105231
10	0.0101665
11	0.0103809
12	0.0104055
13	0.0105677
14	0.0106553
15	0.0108111
16	0.0106068
17	0.0110099
18	0.0109154
19	0.010856
20	0.0106376
21	0.0106512
22	0.0105268
23	0.0105943
24	0.0106058
25	0.0108056
26	0.010833
27	0.0108192
28	0.0107799
29	0.0108016
30	0.0107768
31	0.0108138
32	0.0107965
33	0.0107891
34	0.0106523
35	0.0106431
36	0.0106422
37	0.0106565
38	0.0106558
39	0.0105989
40	0.0106037
41	0.0105787
42	0.0105278
43	0.0105011
44	0.010458
45	0.0104202
46	0.0104255
47	0.010405
48	0.0104313
49	0.0104398
50	0.0104991
51	0.0104641
52	0.0104688
53	0.010489
54	0.0103844
55	0.0103506
56	0.0103696
57	0.0103862
58	0.0103296
59	0.0104168
60	0.0103638
61	0.0103582
62	0.0103615
63	0.0103626
64	0.0103841
65	0.0103828
66	0.0103639
67	0.0103988
68	0.0104466
69	0.0104533
70	0.0104899
71	0.0104965
72	0.0105223
73	0.0104932
74	0.0105197
75	0.0105226
76	0.0105298
77	0.0105145
78	0.0105163
79	0.0105186
80	0.0105343
81	0.0105021
82	0.0104536
83	0.0104626
84	0.0104532
85	0.0104312
86	0.0104192
87	0.0104195
88	0.0103792
89	0.0103729
90	0.0103085
91	0.0102983
92	0.0103716
93	0.0103692
94	0.0103959
95	0.0104059
96	0.0103597
97	0.0103662
98	0.0104057
99	0.010383
100	0.0103878
101	0.0103988
102	0.0104649
103	0.0104318
104	0.010457
105	0.0104546
106	0.0105345
107	0.0105382
108	0.0105573
109	0.0105428
110	0.0105451
111	0.0105046
112	0.0105085
113	0.0105058
114	0.0105211
115	0.0105101
116	0.0105167
117	0.0105243
118	0.0105193
119	0.0105115
120	0.0105319
121	0.0105392
122	0.010544
123	0.0105845
124	0.0105936
125	0.0105688
126	0.0105542
127	0.010613
128	0.0105991
129	0.0106073
130	0.0106013
131	0.0105963
132	0.0106088
133	0.0105816
134	0.0105815
135	0.010586
136	0.0105729
137	0.0105522
138	0.0105321
139	0.0105388
140	0.0105392
141	0.0104975
142	0.010495
143	0.0104828
144	0.0105356
145	0.0105318
146	0.0105519
147	0.0105584
148	0.0105927
149	0.0106083
150	0.010663
151	0.0106626
152	0.0106419
153	0.0106622
154	0.0106694
155	0.0106994
156	0.0107094
157	0.0106924
158	0.010681
159	0.010691
160	0.0106937
161	0.0106778
162	0.0106742
163	0.0107023
164	0.0106737
165	0.0106694
166	0.0106654
167	0.0106751
168	0.0106686
169	0.0106834
170	0.0106832
171	0.0106897
172	0.0106792
173	0.0106761
174	0.0106665
175	0.0106554
176	0.0106715
177	0.0106738
178	0.0106389
179	0.0106309
180	0.0106181
181	0.0106159
182	0.0106102
183	0.0106201
184	0.0106379
185	0.0106394
186	0.0106657
187	0.0106615
188	0.0106824
189	0.0106908
190	0.0106776
191	0.0106969
192	0.0106879
193	0.0106917
194	0.0107133
195	0.0107243
196	0.0107235
197	0.010742
198	0.0107313
199	0.0107185
200	0.0107391
201	0.0107473
202	0.0107528
203	0.01076
204	0.0107364
205	0.0107112
206	0.010743
207	0.0107251
208	0.0107212
209	0.0107264
210	0.0107403
211	0.0107532
212	0.0107592
213	0.0107524
214	0.0107564
215	0.0107566
216	0.0107676
217	0.0107911
218	0.0107764
219	0.0107585
220	0.0107644
221	0.0107551
222	0.0107581
223	0.0107652
224	0.0107605
225	0.010753
226	0.0107644
227	0.0107678
228	0.0107646
229	0.0107734
230	0.0107874
231	0.0107812
232	0.0107615
233	0.0107645
234	0.0107565
235	0.0107492
236	0.0107447
237	0.0107403
238	0.0107602
239	0.0107578
240	0.0107482
241	0.0107333
242	0.0107217
243	0.0107447
244	0.0107657
245	0.0107568
246	0.0107501
247	0.0107329
248	0.010746
249	0.0107824
250	0.0107912
251	0.010786
252	0.0107779
253	0.0107718
254	0.0107772
255	0.010771
256	0.0107723
257	0.0107654
258	0.0107651
259	0.0107756
260	0.010774
261	0.0107826
262	0.0107853
263	0.010771
264	0.0107958
265	0.0107967
266	0.0108151
267	0.0107975
268	0.0107924
269	0.0107875
270	0.0107934
271	0.0107946
272	0.0107818
273	0.0107714
274	0.0107686
275	0.010768
276	0.0107748
277	0.0107745
278	0.0107729
279	0.0107709
280	0.010761
281	0.0107564
282	0.0107605
283	0.0107636
284	0.0107596
285	0.0107454
286	0.0107527
287	0.0107307
288	0.0107323
289	0.010734
290	0.0107406
291	0.0107479
292	0.010752
293	0.0107494
294	0.0107505
295	0.010754
296	0.0107571
297	0.0107486
298	0.0107296
299	0.010716
300	0.0107149
301	0.0107094
302	0.0107225
303	0.0107242
304	0.0107201
305	0.0107155
306	0.0107122
307	0.0107116
308	0.0107129
309	0.0107117
310	0.0106974
311	0.0107023
312	0.0107043
313	0.0106966
314	0.010697
315	0.0106997
316	0.0106895
317	0.0106881
318	0.010694
319	0.0106945
320	0.0106982
321	0.0106994
322	0.0106992
323	0.0106913
324	0.010696
325	0.0106929
326	0.0107001
327	0.0107002
328	0.0106953
329	0.010708
330	0.0107052
331	0.0107065
332	0.0107083
333	0.0106998
334	0.010706
335	0.0107145
336	0.0107087
337	0.0107159
338	0.0107268
339	0.0107316
340	0.0107442
341	0.0107403
342	0.0107418
343	0.010741
344	0.0107352
345	0.0107337
346	0.0107288
347	0.010731
348	0.010724
349	0.010728
350	0.0107251
351	0.0107456
352	0.0107525
353	0.0107593
354	0.0107601
355	0.0107552
356	0.0107578
357	0.0107561
358	0.0107495
359	0.0107491
360	0.010752
361	0.0107497
362	0.0107499
363	0.010748
364	0.0107508
365	0.0107502
366	0.0107478
367	0.0107467
368	0.0107405
369	0.0107301
370	0.0107301
371	0.0107295
372	0.0107229
373	0.0107377
374	0.0107603
375	0.0107583
376	0.0107674
377	0.0107714
378	0.0107751
379	0.0107859
380	0.0107921
381	0.01078
382	0.0107747
383	0.0107712
384	0.0107731
385	0.0107775
386	0.0107848
387	0.0107802
388	0.0107823
389	0.0107797
390	0.0107762
391	0.0107735
392	0.010775
393	0.0107683
394	0.0107749
395	0.01077
396	0.0107745
397	0.0107712
398	0.0107715
399	0.010773
400	0.0107653
401	0.0107678
402	0.0107684
403	0.01078
404	0.0107789
405	0.0107743
406	0.0107686
407	0.0107794
408	0.0107781
409	0.0107717
410	0.0107698
411	0.0107635
412	0.0107798
413	0.0107811
414	0.0107784
415	0.0107794
416	0.0107711
417	0.0107666
418	0.0107645
419	0.0107731
420	0.0107857
421	0.0107926
422	0.0108128
423	0.0108094
424	0.0107988
425	0.0108024
426	0.0107965
427	0.0108027
428	0.010807
429	0.0108085
430	0.0108108
431	0.0108068
432	0.0107999
433	0.0108
434	0.0108191
435	0.010817
436	0.010819
437	0.0108168
438	0.0108247
439	0.0108273
440	0.0108201
441	0.0108311
442	0.0108282
443	0.0108274
444	0.0108331
445	0.0108296
446	0.0108245
447	0.0108302
448	0.0108305
449	0.0108226
450	0.0108259
451	0.0108254
452	0.0108207
453	0.0108179
454	0.010816
455	0.010808
456	0.0108031
457	0.0108124
458	0.0108213
459	0.010822
460	0.010818
461	0.0108181
462	0.0108101
463	0.0108072
464	0.0108145
465	0.010811
466	0.0108194
467	0.0108177
468	0.0108222
469	0.0108286
470	0.0108273
471	0.010827
472	0.0108253
473	0.010832
474	0.0108316
475	0.0108285
476	0.0108318
477	0.0108344
478	0.0108231
479	0.0108209
480	0.010831
481	0.0108279
482	0.0108396
483	0.010843
484	0.010843
485	0.0108407
486	0.0108401
487	0.010835
488	0.0108362
489	0.0108312
490	0.0108339
491	0.0108385
492	0.0108452
493	0.0108396
494	0.0108373
495	0.0108376
496	0.0108375
497	0.0108317
498	0.0108296
499	0.0108369
500	0.0108384
501	0.0108409
502	0.0108422
503	0.0108505
504	0.010851
505	0.0108491
506	0.0108452
507	0.0108483
508	0.0108478
509	0.0108435
510	0.0108522
511	0.0108481
512	0.0108492
513	0.0108509
514	0.0108544
515	0.0108473
516	0.0108446
517	0.0108491
518	0.0108526
519	0.010851
520	0.0108485
521	0.0108466
522	0.010846
523	0.0108513
524	0.0108508
525	0.0108601
526	0.0108581
527	0.0108539
528	0.01086
529	0.010859
530	0.0108672
531	0.0108664
532	0.0108707
533	0.0108734
534	0.0108731
535	0.010871
536	0.0108684
537	0.0108631
538	0.0108616
539	0.0108649
540	0.0108654
541	0.0108577
542	0.0108514
543	0.0108517
544	0.0108536
545	0.0108519
546	0.010851
547	0.0108445
548	0.0108469
549	0.0108429
550	0.0108375
551	0.0108271
552	0.0108248
553	0.0108226
554	0.0108247
555	0.0108284
556	0.0108226
557	0.0108234
558	0.0108151
559	0.0108117
560	0.0108071
561	0.0108098
562	0.0108092
563	0.0108132
564	0.0108189
565	0.0108184
566	0.0108235
567	0.0108198
568	0.0108198
569	0.0108213
570	0.0108219
571	0.0108173
572	0.0108254
573	0.0108248
574	0.0108205
575	0.0108222
576	0.0108369
577	0.0108373
578	0.0108286
579	0.0108254
580	0.0108233
581	0.0108232
582	0.0108223
583	0.0108282
584	0.0108223
585	0.010826
586	0.0108275
587	0.0108266
588	0.0108237
589	0.0108196
590	0.0108169
591	0.0108119
592	0.0108145
593	0.0108173
594	0.0108166
595	0.0108143
596	0.0108144
597	0.010822
598	0.010834
599	0.0108315
600	0.010831
601	0.0108285
602	0.0108245
603	0.0108225
604	0.0108228
605	0.0108202
606	0.0108178
607	0.0108225
608	0.0108161
609	0.01081
610	0.0108087
611	0.0108044
612	0.0108029
613	0.0108039
614	0.0108031
615	0.0108056
616	0.0108062
617	0.0108143
618	0.010809
619	0.0108038
620	0.0108055
621	0.010805
622	0.0108148
623	0.0108141
624	0.0108214
625	0.0108175
626	0.0108151
627	0.0108112
628	0.0108178
629	0.0108227
630	0.0108287
631	0.010833
632	0.010832
633	0.010833
634	0.010841
635	0.0108341
636	0.0108363
637	0.0108386
638	0.0108349
639	0.0108358
640	0.0108398
641	0.0108491
642	0.0108595
643	0.0108596
644	0.0108661
645	0.0108663
646	0.010867
647	0.0108673
648	0.0108584
649	0.010863
650	0.0108599
651	0.0108581
652	0.010865
653	0.0108666
654	0.0108637
655	0.0108615
656	0.0108604
657	0.0108621
658	0.0108538
659	0.0108536
660	0.010851
661	0.0108459
662	0.0108498
663	0.0108471
664	0.0108456
665	0.0108531
666	0.0108621
667	0.0108678
668	0.0108658
669	0.0108685
670	0.0108784
671	0.0108765
672	0.010873
673	0.0108774
674	0.0108743
675	0.0108687
676	0.0108758
677	0.0108725
678	0.0108702
679	0.0108794
680	0.0108739
681	0.0108773
682	0.0108803
683	0.0108772
684	0.0108755
685	0.0108836
686	0.0108834
687	0.0108831
688	0.0108798
689	0.0108767
690	0.0108742
691	0.0108881
692	0.0108828
693	0.0108841
694	0.0108816
695	0.0108832
696	0.0108908
697	0.0108942
698	0.0108895
699	0.0108911
700	0.0108915
701	0.0109004
702	0.0109099
703	0.0109077
704	0.0109013
705	0.0108991
706	0.0108972
707	0.0108969
708	0.0108994
709	0.0108984
710	0.0108995
711	0.0108991
712	0.0108969
713	0.0108973
714	0.0108918
715	0.0108894
716	0.0108856
717	0.0108922
718	0.0109046
719	0.0109038
720	0.0109031
721	0.0109008
722	0.0108984
723	0.0109
724	0.0108987
725	0.0109104
726	0.0109068
727	0.010905
728	0.0109075
729	0.0109079
730	0.0109048
731	0.0109032
732	0.0109132
733	0.0109172
734	0.010914
735	0.0109089
736	0.0109073
737	0.0109017
738	0.0109004
739	0.0109011
740	0.0109032
741	0.0109052
742	0.0109008
743	0.0108973
744	0.0108971
745	0.0108974
746	0.0109013
747	0.0109011
748	0.0109057
749	0.0109055
750	0.0109064
751	0.0109122
752	0.0109177
753	0.0109158
754	0.0109226
755	0.0109198
756	0.0109238
757	0.0109201
758	0.0109207
759	0.0109265
760	0.010923
761	0.0109212
762	0.0109222
763	0.0109257
764	0.0109219
765	0.0109287
766	0.0109304
767	0.0109346
768	0.0109356
769	0.0109393
770	0.010941
771	0.010941
772	0.0109472
773	0.0109454
774	0.0109492
775	0.0109513
776	0.0109461
777	0.0109538
778	0.0109531
779	0.0109545
780	0.0109483
781	0.010945
782	0.0109545
783	0.0109514
784	0.01095
785	0.0109459
786	0.0109468
787	0.0109495
788	0.010949
789	0.01095
790	0.010952
791	0.0109511
792	0.010955
793	0.01096
794	0.0109616
795	0.0109631
796	0.0109608
797	0.0109636
798	0.0109623
799	0.0109694
800	0.0109687
801	0.0109669
802	0.0109716
803	0.0109705
804	0.0109737
805	0.0109741
806	0.010973
807	0.0109728
808	0.0109717
809	0.0109684
810	0.0109658
811	0.0109707
812	0.0109728
813	0.0109764
814	0.0109816
815	0.0109802
816	0.0109765
817	0.010981
818	0.0109772
819	0.0109772
820	0.0109761
821	0.0109737
822	0.0109702
823	0.0109691
824	0.0109712
825	0.0109724
826	0.0109723
827	0.0109793
828	0.0109781
829	0.0109803
830	0.0109843
831	0.0109806
832	0.0109782
833	0.0109705
834	0.0109687
835	0.0109723
836	0.0109702
837	0.0109701
838	0.0109721
839	0.0109774
840	0.010974
841	0.0109751
842	0.0109733
843	0.0109706
844	0.0109707
845	0.0109687
846	0.010988
847	0.0109901
848	0.0109908
849	0.0109905
850	0.0109871
851	0.0109885
852	0.0109923
853	0.0109864
854	0.0109862
855	0.0109855
856	0.0109862
857	0.0109844
858	0.0109817
859	0.0109867
860	0.0109817
861	0.0109834
862	0.0109827
863	0.010978
864	0.01098
865	0.0109835
866	0.0109843
867	0.0109777
868	0.01098
869	0.0109723
870	0.0109684
871	0.0109755
872	0.0109764
873	0.0109762
874	0.0109853
875	0.0109814
876	0.0109789
877	0.0109781
878	0.0109771
879	0.010977
880	0.0109851
881	0.0109832
882	0.0109863
883	0.0109863
884	0.0109853
885	0.0109841
886	0.0109875
887	0.0109806
888	0.010979
889	0.0109823
890	0.0109782
891	0.0109766
892	0.010983
893	0.0109841
894	0.0109849
895	0.0109828
896	0.0109809
897	0.0109793
898	0.0109831
899	0.0109846
900	0.0109877
901	0.0109859
902	0.0109897
903	0.0109873
904	0.0109858
905	0.0109875
906	0.0109893
907	0.0109883
908	0.0109883
909	0.0109872
910	0.0109868
911	0.010986
912	0.0109838
913	0.0109951
914	0.0109939
915	0.0109923
916	0.010996
917	0.0109918
918	0.0109908
919	0.0109849
920	0.0109784
921	0.0109792
922	0.0109791
923	0.0109803
924	0.0109813
925	0.0109837
926	0.0109809
927	0.0109803
928	0.0109842
929	0.0109871
930	0.0109903
931	0.0109889
932	0.0109846
933	0.0109836
934	0.0109856
935	0.0109857
936	0.01099
937	0.0109883
938	0.0109898
939	0.0109865
940	0.0109884
941	0.0109844
942	0.0109795
943	0.0109776
944	0.0109814
945	0.010978
946	0.010981
947	0.01098
948	0.0109788
949	0.0109788
950	0.0109756
951	0.0109738
952	0.0109671
953	0.0109621
954	0.0109619
955	0.0109592
956	0.0109585
957	0.0109564
958	0.0109554
959	0.0109536
960	0.010951
961	0.0109564
962	0.010958
963	0.0109597
964	0.0109616
965	0.0109636
966	0.010964
967	0.0109583
968	0.0109591
969	0.0109661
970	0.0109632
971	0.0109621
972	0.0109583
973	0.0109571
974	0.0109607
975	0.0109592
976	0.0109595
977	0.0109616
978	0.010964
979	0.0109663
980	0.0109628
981	0.0109626
982	0.0109646
983	0.0109638
984	0.0109635
985	0.0109613
986	0.0109586
987	0.0109607
988	0.0109635
989	0.0109612
990	0.0109616
991	0.0109673
992	0.0109671
993	0.010966
994	0.0109715
995	0.0109692
996	0.0109681
997	0.0109664
998	0.0109674
999	0.0109674
