0	0.0576425
1	0.0531244
2	0.0522767
3	0.0529265
4	0.052777
5	0.0514427
6	0.0495728
7	0.0492544
8	0.0511054
9	0.0507543
10	0.049944
11	0.0509865
12	0.0516214
13	0.0518466
14	0.0513273
15	0.0521103
16	0.0514526
17	0.0524273
18	0.0518429
19	0.0517267
20	0.0509238
21	0.0513061
22	0.0512146
23	0.0514594
24	0.0516531
25	0.0519432
26	0.0519481
27	0.0515586
28	0.051246
29	0.0509572
30	0.0506489
31	0.0503598
32	0.0504446
33	0.0507244
34	0.0504061
35	0.050279
36	0.0502793
37	0.050269
38	0.0503182
39	0.049896
40	0.0497983
41	0.0500617
42	0.0496129
43	0.049602
44	0.0496841
45	0.0497495
46	0.0495708
47	0.0495735
48	0.0495682
49	0.0498137
50	0.0499173
51	0.049831
52	0.0498672
53	0.0498566
54	0.049714
55	0.0493846
56	0.0496151
57	0.0495683
58	0.0495637
59	0.0495113
60	0.0495693
61	0.0494222
62	0.0494166
63	0.049509
64	0.0494712
65	0.0494151
66	0.0494197
67	0.0497945
68	0.0497606
69	0.049903
70	0.0500045
71	0.0500467
72	0.0500424
73	0.049876
74	0.0499046
75	0.0497917
76	0.049876
77	0.0498683
78	0.0500886
79	0.0501163
80	0.0502344
81	0.0502074
82	0.0501826
83	0.0503025
84	0.0502635
85	0.0501938
86	0.0500976
87	0.0500611
88	0.0499389
89	0.0498268
90	0.0496748
91	0.0499332
92	0.0499093
93	0.049835
94	0.0497599
95	0.0500488
96	0.0498787
97	0.0499101
98	0.0500052
99	0.0499813
100	0.0500625
101	0.050019
102	0.0499915
103	0.049917
104	0.0500043
105	0.05014
106	0.050238
107	0.0501763
108	0.0503631
109	0.0503073
110	0.0503003
111	0.0501943
112	0.0502183
113	0.0502992
114	0.0502721
115	0.0501341
116	0.0500937
117	0.0501082
118	0.050086
119	0.0501151
120	0.0501705
121	0.0501586
122	0.050056
123	0.050194
124	0.050234
125	0.0501962
126	0.0501975
127	0.0503056
128	0.0502538
129	0.0502423
130	0.0502491
131	0.0502654
132	0.0503688
133	0.0502345
134	0.0502054
135	0.0501765
136	0.0501013
137	0.0500699
138	0.0500695
139	0.0500995
140	0.05026
141	0.0501755
142	0.0502498
143	0.0501295
144	0.0501794
145	0.0502181
146	0.0503425
147	0.050367
148	0.0504751
149	0.050654
150	0.0509387
151	0.05092
152	0.0509502
153	0.0509404
154	0.0509106
155	0.0510373
156	0.0510119
157	0.05093
158	0.0509283
159	0.0510089
160	0.0510025
161	0.050946
162	0.0508741
163	0.0509339
164	0.0508064
165	0.0507771
166	0.0507494
167	0.0508573
168	0.0508384
169	0.0508836
170	0.0508627
171	0.0508123
172	0.050819
173	0.0508578
174	0.0508082
175	0.050815
176	0.0509156
177	0.050878
178	0.0508208
179	0.0508291
180	0.0508611
181	0.0508801
182	0.0508809
183	0.0508123
184	0.0508309
185	0.0508833
186	0.050995
187	0.0508588
188	0.0508757
189	0.0509032
190	0.0508762
191	0.0509089
192	0.0509164
193	0.0510672
194	0.0510654
195	0.0512409
196	0.051265
197	0.0512776
198	0.0513142
199	0.0512649
200	0.051295
201	0.0512708
202	0.0512466
203	0.0512179
204	0.0511727
205	0.0510755
206	0.0512059
207	0.0511641
208	0.051139
209	0.0511553
210	0.0512822
211	0.0513196
212	0.0514026
213	0.0513943
214	0.0513624
215	0.0513436
216	0.0514031
217	0.0515227
218	0.0515287
219	0.0515139
220	0.0514969
221	0.0515698
222	0.051535
223	0.0515139
224	0.0514979
225	0.0514811
226	0.0514964
227	0.051549
228	0.0515509
229	0.0514975
230	0.0515193
231	0.0515179
232	0.0514452
233	0.0515222
234	0.0514741
235	0.0514807
236	0.0514616
237	0.0514569
238	0.0515033
239	0.0514629
240	0.0514609
241	0.0513971
242	0.0513655
243	0.051349
244	0.0514059
245	0.0514174
246	0.0514456
247	0.0513479
248	0.051415
249	0.051455
250	0.0514538
251	0.0513925
252	0.0513968
253	0.05143
254	0.0514116
255	0.0514219
256	0.0514217
257	0.0513893
258	0.0514033
259	0.0514726
260	0.0514454
261	0.0514582
262	0.0514711
263	0.0514271
264	0.05147
265	0.0514483
266	0.051456
267	0.0514276
268	0.0514805
269	0.0514707
270	0.0514935
271	0.0515501
272	0.0515082
273	0.0514755
274	0.0514689
275	0.0514355
276	0.0513909
277	0.05143
278	0.0514405
279	0.0514424
280	0.0514579
281	0.0514015
282	0.0514734
283	0.0515213
284	0.0514965
285	0.0514991
286	0.0515276
287	0.0514347
288	0.0514465
289	0.0514476
290	0.0514841
291	0.051512
292	0.0515371
293	0.0515687
294	0.0515265
295	0.0515078
296	0.0515316
297	0.051473
298	0.0514132
299	0.0514128
300	0.0513997
301	0.0514026
302	0.0514246
303	0.0514381
304	0.0514435
305	0.051434
306	0.0514054
307	0.0513909
308	0.0514125
309	0.0514194
310	0.0513781
311	0.0513636
312	0.0513832
313	0.0513424
314	0.0513516
315	0.0513789
316	0.0513838
317	0.0514028
318	0.051419
319	0.0514248
320	0.0514332
321	0.0514069
322	0.0514232
323	0.051418
324	0.0514712
325	0.0514896
326	0.0514809
327	0.0514862
328	0.0514983
329	0.0515129
330	0.0515161
331	0.0514983
332	0.0515056
333	0.0514544
334	0.0514974
335	0.0515165
336	0.051499
337	0.0515068
338	0.0515768
339	0.0515726
340	0.0516058
341	0.0515887
342	0.0515982
343	0.0516184
344	0.0515733
345	0.0516034
346	0.0515813
347	0.051612
348	0.0515822
349	0.0515851
350	0.0515736
351	0.0515956
352	0.0516633
353	0.0516786
354	0.0516708
355	0.0516854
356	0.0516385
357	0.0516235
358	0.0515979
359	0.0515734
360	0.0515551
361	0.0515363
362	0.0515604
363	0.0515325
364	0.0515348
365	0.0515598
366	0.051539
367	0.0515566
368	0.0515403
369	0.0515514
370	0.0516226
371	0.0515933
372	0.0515641
373	0.0515908
374	0.0515946
375	0.0516097
376	0.051613
377	0.0516135
378	0.0516116
379	0.0516195
380	0.0516388
381	0.0516066
382	0.0515865
383	0.0516019
384	0.0515951
385	0.0515932
386	0.0516081
387	0.0515937
388	0.0516056
389	0.0515874
390	0.0515721
391	0.0515616
392	0.0515625
393	0.0515945
394	0.0516551
395	0.0516262
396	0.0516412
397	0.0516273
398	0.0516132
399	0.0516265
400	0.0516298
401	0.0516106
402	0.0515908
403	0.051666
404	0.051676
405	0.0516515
406	0.0516346
407	0.0516598
408	0.0516606
409	0.0516456
410	0.051634
411	0.0516256
412	0.051661
413	0.0516569
414	0.0516965
415	0.0517253
416	0.0517219
417	0.0516907
418	0.0516851
419	0.0517084
420	0.0517047
421	0.0517256
422	0.051752
423	0.0517299
424	0.0517253
425	0.0517605
426	0.0517597
427	0.0517792
428	0.0518054
429	0.0518273
430	0.0518455
431	0.051848
432	0.0518648
433	0.0518479
434	0.0518692
435	0.0518678
436	0.0518656
437	0.0518417
438	0.0518456
439	0.0518459
440	0.0518495
441	0.0518861
442	0.0518622
443	0.0518656
444	0.051871
445	0.0518756
446	0.0518505
447	0.0518431
448	0.0518581
449	0.0518393
450	0.0518875
451	0.0519075
452	0.0519157
453	0.051897
454	0.0518894
455	0.0518722
456	0.0518511
457	0.0518644
458	0.0519185
459	0.0518983
460	0.0519436
461	0.0519361
462	0.0519128
463	0.051897
464	0.0519212
465	0.051912
466	0.0519233
467	0.0519259
468	0.0519279
469	0.0519768
470	0.0519717
471	0.0520071
472	0.0519942
473	0.0520108
474	0.0519924
475	0.0519743
476	0.0520271
477	0.0520226
478	0.0520026
479	0.0519857
480	0.0520151
481	0.0520212
482	0.0520329
483	0.0520138
484	0.0520033
485	0.0519971
486	0.0519742
487	0.0519553
488	0.051957
489	0.0519428
490	0.0519375
491	0.0519124
492	0.0519211
493	0.0519141
494	0.0518976
495	0.0518833
496	0.0518919
497	0.0518709
498	0.0518293
499	0.0518775
500	0.0519331
501	0.0519743
502	0.051958
503	0.0519689
504	0.052004
505	0.0520043
506	0.0519847
507	0.0519894
508	0.0519979
509	0.0519873
510	0.052006
511	0.0520152
512	0.05201
513	0.0520157
514	0.0520169
515	0.0519963
516	0.0520103
517	0.0520152
518	0.0520627
519	0.0520408
520	0.0520596
521	0.0520998
522	0.0521167
523	0.0521032
524	0.0521484
525	0.0521571
526	0.0521546
527	0.0521464
528	0.0521556
529	0.0521736
530	0.052193
531	0.0521761
532	0.0521791
533	0.0521845
534	0.0521741
535	0.0521564
536	0.0521687
537	0.0521591
538	0.0521618
539	0.0521663
540	0.0521637
541	0.0521307
542	0.052119
543	0.0521162
544	0.0521119
545	0.0521007
546	0.0520667
547	0.0520439
548	0.052062
549	0.0520707
550	0.052035
551	0.0520123
552	0.052004
553	0.0519893
554	0.052005
555	0.0519996
556	0.0519778
557	0.0519733
558	0.0519762
559	0.0519454
560	0.051951
561	0.0519522
562	0.0519497
563	0.051952
564	0.0519613
565	0.051948
566	0.0519638
567	0.0519713
568	0.0519743
569	0.0519622
570	0.0519533
571	0.05193
572	0.0519573
573	0.0519497
574	0.0519424
575	0.0519592
576	0.0519801
577	0.0519709
578	0.0519558
579	0.0519503
580	0.0519698
581	0.0519678
582	0.0519696
583	0.051963
584	0.051939
585	0.0519518
586	0.0519452
587	0.0519388
588	0.051936
589	0.0519352
590	0.0519362
591	0.0519168
592	0.0519199
593	0.0519261
594	0.0519405
595	0.0519489
596	0.0519181
597	0.0519348
598	0.051934
599	0.0519257
600	0.0519022
601	0.0518937
602	0.051878
603	0.0518923
604	0.0518848
605	0.0518902
606	0.0519179
607	0.0519356
608	0.0519174
609	0.0518891
610	0.0518845
611	0.0518729
612	0.0518738
613	0.0518876
614	0.0518737
615	0.0518545
616	0.0518446
617	0.0518609
618	0.0518693
619	0.0518546
620	0.0518606
621	0.0518469
622	0.0518808
623	0.0518735
624	0.0519009
625	0.0519062
626	0.0518942
627	0.051917
628	0.0519229
629	0.0519265
630	0.0519282
631	0.0519444
632	0.0519293
633	0.0519321
634	0.0519797
635	0.0519891
636	0.0520046
637	0.0519989
638	0.0520115
639	0.0520203
640	0.0520104
641	0.0520169
642	0.0520351
643	0.0520306
644	0.0520331
645	0.0520114
646	0.0520452
647	0.0520674
648	0.05203
649	0.0520491
650	0.0520615
651	0.0520461
652	0.0520549
653	0.052059
654	0.0520719
655	0.0520563
656	0.0520535
657	0.0520416
658	0.0520323
659	0.0520267
660	0.0520138
661	0.0519861
662	0.0519633
663	0.0519569
664	0.0519382
665	0.0519892
666	0.0520184
667	0.0520251
668	0.0520297
669	0.0520289
670	0.0520427
671	0.0520414
672	0.0520165
673	0.0520223
674	0.0520061
675	0.0520283
676	0.0520574
677	0.0520424
678	0.0520417
679	0.0520622
680	0.0520592
681	0.052094
682	0.0521008
683	0.0521059
684	0.0520933
685	0.052082
686	0.0520979
687	0.0520931
688	0.052056
689	0.0520512
690	0.0520248
691	0.0520449
692	0.0520188
693	0.0520127
694	0.0520018
695	0.0520066
696	0.0520104
697	0.0520201
698	0.0520148
699	0.0520068
700	0.0520136
701	0.0520331
702	0.0520282
703	0.052017
704	0.0520405
705	0.0520555
706	0.0520818
707	0.0520923
708	0.0521045
709	0.0521018
710	0.0521029
711	0.0520887
712	0.052073
713	0.0520874
714	0.0520899
715	0.0520868
716	0.0521193
717	0.0521149
718	0.0521689
719	0.0521759
720	0.0521859
721	0.0521908
722	0.0521926
723	0.0521904
724	0.052185
725	0.0522122
726	0.0522183
727	0.0522116
728	0.0522164
729	0.0522045
730	0.0521848
731	0.0521617
732	0.0521669
733	0.0521621
734	0.0521621
735	0.0521541
736	0.0521477
737	0.0521359
738	0.052119
739	0.0520944
740	0.052091
741	0.0520938
742	0.052082
743	0.0520751
744	0.0520678
745	0.0520865
746	0.0520884
747	0.0520865
748	0.052101
749	0.05208
750	0.0520784
751	0.0520711
752	0.052082
753	0.0520598
754	0.0520751
755	0.0520973
756	0.0521145
757	0.052097
758	0.0520988
759	0.0521333
760	0.0521067
761	0.0520986
762	0.0521168
763	0.0521285
764	0.052104
765	0.0521282
766	0.0521391
767	0.0521619
768	0.052154
769	0.0521535
770	0.0521585
771	0.0521619
772	0.0521798
773	0.0521711
774	0.0521863
775	0.052193
776	0.0521718
777	0.0521754
778	0.052179
779	0.0521797
780	0.0521563
781	0.0521543
782	0.0521904
783	0.0521793
784	0.0521989
785	0.0521734
786	0.0521764
787	0.052175
788	0.052177
789	0.0521739
790	0.0521601
791	0.052166
792	0.0521712
793	0.0521879
794	0.0521891
795	0.0521986
796	0.0521864
797	0.052195
798	0.052185
799	0.052189
800	0.0521841
801	0.052195
802	0.0521992
803	0.0522115
804	0.0522252
805	0.0522173
806	0.0522152
807	0.0522408
808	0.052255
809	0.0522598
810	0.052251
811	0.0522519
812	0.052267
813	0.0522651
814	0.052275
815	0.0522681
816	0.0522747
817	0.052295
818	0.0522798
819	0.0522834
820	0.0522834
821	0.0522898
822	0.0522917
823	0.0522916
824	0.0522915
825	0.0522879
826	0.0522798
827	0.0522936
828	0.0522767
829	0.0522774
830	0.0522829
831	0.0522857
832	0.0522786
833	0.0522606
834	0.0522577
835	0.0522647
836	0.0522605
837	0.0522646
838	0.0522823
839	0.0523068
840	0.0523129
841	0.0523127
842	0.0523063
843	0.0523008
844	0.052307
845	0.0522924
846	0.0523324
847	0.0523515
848	0.0523677
849	0.0523703
850	0.0523546
851	0.0523557
852	0.0523543
853	0.0523344
854	0.0523268
855	0.0523268
856	0.0523258
857	0.0523259
858	0.0523379
859	0.0523488
860	0.052348
861	0.0523679
862	0.0523645
863	0.052356
864	0.0523688
865	0.0523861
866	0.0523763
867	0.0523606
868	0.0523793
869	0.0523572
870	0.0523744
871	0.0523955
872	0.0524033
873	0.0523926
874	0.0523986
875	0.052385
876	0.0523901
877	0.052387
878	0.0523935
879	0.0523924
880	0.0523973
881	0.0524104
882	0.0524168
883	0.0524273
884	0.0524454
885	0.0524439
886	0.0524528
887	0.052438
888	0.0524276
889	0.0524403
890	0.0524411
891	0.0524418
892	0.0524673
893	0.0524717
894	0.0524668
895	0.0524624
896	0.0524546
897	0.0524547
898	0.0524532
899	0.0524735
900	0.0524582
901	0.0524505
902	0.052457
903	0.0524571
904	0.0524495
905	0.0524801
906	0.0524891
907	0.0524825
908	0.052482
909	0.0524689
910	0.0524794
911	0.0524846
912	0.0524695
913	0.0524974
914	0.0525076
915	0.0525144
916	0.0525271
917	0.0525135
918	0.0525155
919	0.0525026
920	0.0524861
921	0.0524806
922	0.0524901
923	0.052485
924	0.0524909
925	0.0525083
926	0.0524873
927	0.0525099
928	0.0525136
929	0.0525136
930	0.0525206
931	0.0525224
932	0.0525111
933	0.0525027
934	0.0525082
935	0.0525049
936	0.0525023
937	0.0524805
938	0.0525001
939	0.0525026
940	0.0524994
941	0.0524937
942	0.0524857
943	0.0524822
944	0.0524898
945	0.0524957
946	0.0524973
947	0.0524907
948	0.0524877
949	0.0524977
950	0.0525034
951	0.0524944
952	0.052485
953	0.0524703
954	0.05247
955	0.0524611
956	0.0524649
957	0.0524495
958	0.0524474
959	0.0524461
960	0.0524307
961	0.0524357
962	0.0524311
963	0.0524257
964	0.0524343
965	0.0524243
966	0.0524321
967	0.0524222
968	0.0524387
969	0.0524465
970	0.0524313
971	0.052424
972	0.052405
973	0.052397
974	0.0524086
975	0.0524156
976	0.0524215
977	0.0524289
978	0.0524286
979	0.052449
980	0.0524379
981	0.0524499
982	0.0524506
983	0.0524435
984	0.0524274
985	0.0524196
986	0.0524141
987	0.0524126
988	0.0524249
989	0.0524151
990	0.0524045
991	0.0524281
992	0.0524319
993	0.0524247
994	0.0524265
995	0.0524215
996	0.0524047
997	0.0523977
998	0.0523927
999	0.0523938
