0	2.34778
1	2.5279
2	2.51337
3	2.41777
4	2.50604
5	2.4999
6	2.47346
7	2.5261
8	2.49824
9	2.52204
10	2.54834
11	2.54162
12	2.52713
13	2.52654
14	2.53583
15	2.522
16	2.53473
17	2.51335
18	2.51262
19	2.47711
20	2.47528
21	2.4668
22	2.46702
23	2.48833
24	2.4766
25	2.47429
26	2.48281
27	2.48739
28	2.50955
29	2.50009
30	2.49832
31	2.50313
32	2.50828
33	2.50207
34	2.51312
35	2.51726
36	2.5236
37	2.51266
38	2.5161
39	2.519
40	2.52096
41	2.52696
42	2.5243
43	2.51959
44	2.51852
45	2.51429
46	2.51965
47	2.52209
48	2.51212
49	2.50793
50	2.52131
51	2.52542
52	2.52621
53	2.52621
54	2.52352
55	2.52992
56	2.52532
57	2.52536
58	2.52276
59	2.5218
60	2.52632
61	2.51991
62	2.51057
63	2.51194
64	2.52209
65	2.53094
66	2.52943
67	2.5254
68	2.51912
69	2.52005
70	2.5123
71	2.50974
72	2.50512
73	2.51138
74	2.51045
75	2.50819
76	2.50556
77	2.50473
78	2.50064
79	2.50148
80	2.50425
81	2.5001
82	2.49604
83	2.50308
84	2.50295
85	2.50324
86	2.50231
87	2.49826
88	2.50015
89	2.50736
90	2.50953
91	2.5081
92	2.50879
93	2.51822
94	2.52037
95	2.52278
96	2.52508
97	2.52316
98	2.52964
99	2.5317
100	2.52833
101	2.52272
102	2.52064
103	2.52361
104	2.52269
105	2.52132
106	2.51869
107	2.51577
108	2.51179
109	2.50704
110	2.50497
111	2.50399
112	2.50629
113	2.50377
114	2.50081
115	2.49871
116	2.49655
117	2.49395
118	2.49089
119	2.4911
120	2.49663
121	2.49724
122	2.4954
123	2.49737
124	2.50114
125	2.50032
126	2.49828
127	2.50075
128	2.50296
129	2.50138
130	2.49837
131	2.49623
132	2.49395
133	2.49445
134	2.49161
135	2.48751
136	2.49089
137	2.49386
138	2.49381
139	2.4961
140	2.49568
141	2.49388
142	2.49455
143	2.49268
144	2.49418
145	2.49425
146	2.49844
147	2.49837
148	2.49836
149	2.50145
150	2.5058
151	2.50789
152	2.50831
153	2.50854
154	2.51084
155	2.51092
156	2.51144
157	2.51221
158	2.51251
159	2.51029
160	2.50865
161	2.51256
162	2.51012
163	2.50824
164	2.50611
165	2.50279
166	2.50188
167	2.50502
168	2.50443
169	2.50332
170	2.50083
171	2.50089
172	2.5018
173	2.4999
174	2.50367
175	2.50336
176	2.50169
177	2.49993
178	2.50017
179	2.50045
180	2.50079
181	2.49946
182	2.49855
183	2.49812
184	2.49741
185	2.50181
186	2.50151
187	2.50121
188	2.50178
189	2.50062
190	2.50221
191	2.50174
192	2.50028
193	2.50151
194	2.5003
195	2.49795
196	2.4999
197	2.50153
198	2.50204
199	2.50188
200	2.50197
201	2.50246
202	2.50421
203	2.50505
204	2.50394
205	2.50761
206	2.50571
207	2.50387
208	2.50429
209	2.50578
210	2.50519
211	2.51152
212	2.51139
213	2.51059
214	2.51199
215	2.51068
216	2.51063
217	2.51032
218	2.50956
219	2.50715
220	2.50956
221	2.50825
222	2.50818
223	2.50771
224	2.50886
225	2.50939
226	2.51203
227	2.51042
228	2.51152
229	2.51311
230	2.51361
231	2.51233
232	2.51264
233	2.51198
234	2.51128
235	2.50977
236	2.50987
237	2.50781
238	2.50694
239	2.50519
240	2.50723
241	2.50605
242	2.50451
243	2.50495
244	2.50343
245	2.50381
246	2.50453
247	2.50252
248	2.50168
249	2.50454
250	2.50437
251	2.50422
252	2.50258
253	2.50247
254	2.50219
255	2.50177
256	2.50557
257	2.50699
258	2.50765
259	2.50788
260	2.5075
261	2.5066
262	2.50677
263	2.50764
264	2.50874
265	2.50779
266	2.50777
267	2.50815
268	2.50998
269	2.51129
270	2.51171
271	2.51098
272	2.5112
273	2.5116
274	2.51185
275	2.51246
276	2.51277
277	2.51426
278	2.51364
279	2.51334
280	2.51374
281	2.51361
282	2.51196
283	2.51179
284	2.51233
285	2.51096
286	2.51107
287	2.51123
288	2.51236
289	2.51158
290	2.51187
291	2.51061
292	2.51203
293	2.51279
294	2.51236
295	2.51106
296	2.51215
297	2.51117
298	2.51024
299	2.5113
300	2.51247
301	2.51636
302	2.51721
303	2.51764
304	2.5195
305	2.51855
306	2.51779
307	2.5192
308	2.5189
309	2.51792
310	2.51744
311	2.51784
312	2.51647
313	2.51588
314	2.51518
315	2.51538
316	2.51519
317	2.5157
318	2.51485
319	2.51454
320	2.51399
321	2.51555
322	2.51497
323	2.51439
324	2.5146
325	2.51431
326	2.51493
327	2.515
328	2.51592
329	2.51521
330	2.51568
331	2.51499
332	2.51436
333	2.51359
334	2.51387
335	2.51393
336	2.51435
337	2.51661
338	2.51718
339	2.51569
340	2.51577
341	2.51566
342	2.51422
343	2.51651
344	2.516
345	2.51631
346	2.518
347	2.51692
348	2.51628
349	2.5149
350	2.51476
351	2.51513
352	2.51396
353	2.51377
354	2.51321
355	2.51355
356	2.51242
357	2.51118
358	2.51017
359	2.50999
360	2.51034
361	2.51051
362	2.51132
363	2.51068
364	2.51053
365	2.51101
366	2.50899
367	2.51032
368	2.50904
369	2.50899
370	2.50839
371	2.50758
372	2.50665
373	2.50664
374	2.508
375	2.50826
376	2.50748
377	2.50712
378	2.50792
379	2.50789
380	2.50793
381	2.5073
382	2.50721
383	2.50655
384	2.50549
385	2.50619
386	2.50618
387	2.50792
388	2.50827
389	2.5089
390	2.50958
391	2.50974
392	2.51023
393	2.50903
394	2.50838
395	2.50834
396	2.50926
397	2.50815
398	2.50759
399	2.50722
400	2.50826
401	2.50788
402	2.50751
403	2.50713
404	2.50624
405	2.50779
406	2.50872
407	2.50868
408	2.50947
409	2.51144
410	2.51081
411	2.51067
412	2.50971
413	2.50915
414	2.50901
415	2.50844
416	2.50695
417	2.50721
418	2.50697
419	2.50708
420	2.5069
421	2.50673
422	2.50649
423	2.50592
424	2.50507
425	2.50474
426	2.50528
427	2.50442
428	2.50455
429	2.50454
430	2.50475
431	2.50382
432	2.50311
433	2.50276
434	2.50235
435	2.50472
436	2.50349
437	2.50389
438	2.50298
439	2.50262
440	2.50204
441	2.50199
442	2.50207
443	2.50238
444	2.50175
445	2.50264
446	2.50306
447	2.5036
448	2.50369
449	2.50252
450	2.50207
451	2.5013
452	2.50127
453	2.50115
454	2.50133
455	2.50108
456	2.50032
457	2.49939
458	2.49983
459	2.499
460	2.49976
461	2.5009
462	2.50062
463	2.50001
464	2.49923
465	2.49886
466	2.49779
467	2.49721
468	2.49717
469	2.49708
470	2.49674
471	2.49608
472	2.49559
473	2.49436
474	2.49463
475	2.49482
476	2.49482
477	2.49504
478	2.49521
479	2.49383
480	2.49397
481	2.49526
482	2.49521
483	2.49548
484	2.49535
485	2.49546
486	2.49565
487	2.49535
488	2.49492
489	2.49616
490	2.49558
491	2.49639
492	2.4957
493	2.49583
494	2.4955
495	2.49555
496	2.49563
497	2.49652
498	2.49723
499	2.49709
500	2.49725
501	2.49806
502	2.49832
503	2.49777
504	2.49805
505	2.49746
506	2.49827
507	2.49732
508	2.4972
509	2.49772
510	2.49767
511	2.49789
512	2.49729
513	2.49689
514	2.49647
515	2.4959
516	2.49657
517	2.49753
518	2.49767
519	2.49713
520	2.49689
521	2.49712
522	2.49703
523	2.49639
524	2.49678
525	2.49727
526	2.49682
527	2.49635
528	2.49608
529	2.49628
530	2.49631
531	2.49592
532	2.49576
533	2.49555
534	2.49623
535	2.49646
536	2.49666
537	2.49633
538	2.49643
539	2.49584
540	2.49589
541	2.49644
542	2.49653
543	2.49648
544	2.49665
545	2.49639
546	2.49573
547	2.49541
548	2.49504
549	2.49498
550	2.49467
551	2.49469
552	2.49498
553	2.49518
554	2.49559
555	2.49595
556	2.49577
557	2.49519
558	2.49488
559	2.49475
560	2.49424
561	2.49395
562	2.49494
563	2.49476
564	2.49397
565	2.49387
566	2.49348
567	2.49417
568	2.49397
569	2.49358
570	2.4933
571	2.49309
572	2.49224
573	2.49186
574	2.49305
575	2.49239
576	2.49256
577	2.49241
578	2.49314
579	2.49284
580	2.49283
581	2.49215
582	2.49292
583	2.4924
584	2.49237
585	2.49194
586	2.49136
587	2.49181
588	2.49206
589	2.49196
590	2.49136
591	2.49107
592	2.49035
593	2.49071
594	2.4901
595	2.48971
596	2.48975
597	2.48933
598	2.49003
599	2.48959
600	2.48916
601	2.48874
602	2.48815
603	2.48803
604	2.48824
605	2.48795
606	2.48782
607	2.48845
608	2.48894
609	2.48792
610	2.48824
611	2.48785
612	2.48757
613	2.48758
614	2.48679
615	2.48688
616	2.48647
617	2.48673
618	2.48668
619	2.48699
620	2.48694
621	2.4872
622	2.48739
623	2.48743
624	2.48718
625	2.48721
626	2.48702
627	2.48692
628	2.48717
629	2.48883
630	2.48824
631	2.48983
632	2.49084
633	2.49077
634	2.4903
635	2.49045
636	2.49005
637	2.49021
638	2.49023
639	2.49011
640	2.48992
641	2.48971
642	2.48958
643	2.4898
644	2.49136
645	2.49203
646	2.49294
647	2.49299
648	2.49297
649	2.49309
650	2.49304
651	2.49202
652	2.49253
653	2.49214
654	2.49223
655	2.49199
656	2.49242
657	2.49227
658	2.49122
659	2.49084
660	2.49074
661	2.49022
662	2.49008
663	2.48923
664	2.4889
665	2.4885
666	2.48857
667	2.48895
668	2.48838
669	2.48827
670	2.48818
671	2.48891
672	2.48949
673	2.48911
674	2.48878
675	2.48934
676	2.48929
677	2.48949
678	2.48903
679	2.48872
680	2.48862
681	2.48879
682	2.48886
683	2.48895
684	2.48946
685	2.48993
686	2.48967
687	2.49009
688	2.4903
689	2.49089
690	2.49044
691	2.49079
692	2.4904
693	2.49032
694	2.48968
695	2.48974
696	2.48994
697	2.4896
698	2.48951
699	2.49017
700	2.49147
701	2.49203
702	2.49148
703	2.49176
704	2.49167
705	2.49097
706	2.49083
707	2.49081
708	2.49064
709	2.4906
710	2.49072
711	2.4902
712	2.48995
713	2.48957
714	2.48971
715	2.48941
716	2.48923
717	2.48897
718	2.48922
719	2.48969
720	2.48926
721	2.48895
722	2.48925
723	2.48912
724	2.48919
725	2.48871
726	2.48857
727	2.48818
728	2.48782
729	2.48806
730	2.48789
731	2.48758
732	2.48712
733	2.48698
734	2.48626
735	2.48565
736	2.48523
737	2.48537
738	2.48533
739	2.48565
740	2.48545
741	2.48517
742	2.48496
743	2.48448
744	2.48437
745	2.48447
746	2.48433
747	2.48396
748	2.48407
749	2.48371
750	2.48359
751	2.48304
752	2.48317
753	2.48282
754	2.48309
755	2.48293
756	2.48415
757	2.4836
758	2.4835
759	2.48325
760	2.48334
761	2.48243
762	2.48262
763	2.4829
764	2.48349
765	2.48379
766	2.48362
767	2.48339
768	2.48296
769	2.4834
770	2.48299
771	2.48254
772	2.48229
773	2.48184
774	2.48131
775	2.48095
776	2.48077
777	2.48077
778	2.48009
779	2.47941
780	2.47938
781	2.47909
782	2.47902
783	2.48014
784	2.48037
785	2.47975
786	2.47987
787	2.48001
788	2.4794
789	2.47969
790	2.47974
791	2.47955
792	2.4793
793	2.47977
794	2.47979
795	2.47966
796	2.47945
797	2.4798
798	2.47956
799	2.48038
800	2.48015
801	2.47999
802	2.48018
803	2.48002
804	2.48095
805	2.48079
806	2.48051
807	2.48059
808	2.48062
809	2.48058
810	2.48105
811	2.48141
812	2.48133
813	2.48111
814	2.48105
815	2.48158
816	2.48167
817	2.48124
818	2.48083
819	2.48069
820	2.48015
821	2.48022
822	2.47989
823	2.48065
824	2.48107
825	2.48031
826	2.48015
827	2.48034
828	2.4806
829	2.48029
830	2.48026
831	2.47982
832	2.48024
833	2.48033
834	2.47997
835	2.4802
836	2.48083
837	2.48059
838	2.48028
839	2.48026
840	2.48017
841	2.48084
842	2.4804
843	2.48085
844	2.48028
845	2.47985
846	2.48006
847	2.47983
848	2.48028
849	2.48076
850	2.48059
851	2.48024
852	2.47967
853	2.48052
854	2.48021
855	2.48038
856	2.48026
857	2.48008
858	2.48013
859	2.48076
860	2.48084
861	2.48047
862	2.47993
863	2.47957
864	2.47931
865	2.4798
866	2.47943
867	2.47964
868	2.47988
869	2.48006
870	2.47998
871	2.48023
872	2.48041
873	2.48042
874	2.48008
875	2.47984
876	2.47942
877	2.4792
878	2.47911
879	2.47923
880	2.48005
881	2.48006
882	2.47972
883	2.47994
884	2.47994
885	2.48007
886	2.47974
887	2.4793
888	2.47932
889	2.47904
890	2.47921
891	2.47896
892	2.47943
893	2.47943
894	2.4795
895	2.47956
896	2.47961
897	2.4793
898	2.47906
899	2.47923
900	2.47906
901	2.47978
902	2.47997
903	2.47965
904	2.47951
905	2.47974
906	2.4799
907	2.47973
908	2.47976
909	2.47999
910	2.48044
911	2.48098
912	2.48097
913	2.48048
914	2.48006
915	2.47982
916	2.47971
917	2.47993
918	2.47957
919	2.47945
920	2.47942
921	2.47956
922	2.47981
923	2.48085
924	2.48102
925	2.48096
926	2.48078
927	2.48024
928	2.48039
929	2.47999
930	2.48018
931	2.48007
932	2.47939
933	2.47971
934	2.47988
935	2.48003
936	2.48029
937	2.48018
938	2.47988
939	2.47973
940	2.47982
941	2.47967
942	2.47989
943	2.47992
944	2.48023
945	2.48005
946	2.4804
947	2.48056
948	2.48102
949	2.48098
950	2.48092
951	2.48122
952	2.48078
953	2.48014
954	2.47989
955	2.47986
956	2.47987
957	2.47969
958	2.48011
959	2.47958
960	2.47967
961	2.4797
962	2.47934
963	2.47908
964	2.47902
965	2.47896
966	2.47845
967	2.4783
968	2.47801
969	2.47777
970	2.47793
971	2.47777
972	2.47777
973	2.47812
974	2.47805
975	2.47806
976	2.4776
977	2.4772
978	2.47718
979	2.47736
980	2.47737
981	2.47686
982	2.47677
983	2.47682
984	2.47725
985	2.47765
986	2.47773
987	2.47737
988	2.47776
989	2.47789
990	2.47765
991	2.47743
992	2.47723
993	2.4772
994	2.47703
995	2.47675
996	2.47699
997	2.47651
998	2.47666
999	2.47686
