0	6.31921
1	6.09973
2	5.55495
3	5.12585
4	6.24781
5	6.02536
6	5.90915
7	6.22479
8	5.88617
9	6.62675
10	6.82518
11	6.60918
12	6.39596
13	6.29385
14	6.41418
15	6.35337
16	6.32451
17	6.16215
18	6.22391
19	6.028
20	5.95083
21	5.85666
22	5.91523
23	6.13045
24	6.06826
25	6.05421
26	6.10874
27	6.52164
28	6.72805
29	6.63834
30	6.56736
31	6.5688
32	6.55387
33	6.5119
34	6.5865
35	6.63938
36	6.68098
37	6.59377
38	6.55714
39	6.55318
40	6.57462
41	6.63456
42	6.64672
43	6.63557
44	6.63555
45	6.59798
46	6.5937
47	6.57089
48	6.50553
49	6.4483
50	6.50788
51	6.50903
52	6.51212
53	6.50136
54	6.46127
55	6.52838
56	6.46897
57	6.45138
58	6.41978
59	6.38709
60	6.39526
61	6.36084
62	6.3072
63	6.31336
64	6.38995
65	6.4396
66	6.42947
67	6.37906
68	6.34472
69	6.33647
70	6.28598
71	6.26448
72	6.22342
73	6.25945
74	6.26515
75	6.25475
76	6.22694
77	6.22689
78	6.19746
79	6.1897
80	6.21419
81	6.18946
82	6.18199
83	6.24937
84	6.29269
85	6.28154
86	6.27857
87	6.25772
88	6.2935
89	6.3873
90	6.41283
91	6.40068
92	6.40239
93	6.50218
94	6.54097
95	6.56909
96	6.60014
97	6.5758
98	6.61005
99	6.61046
100	6.58182
101	6.55034
102	6.53724
103	6.57266
104	6.56417
105	6.54224
106	6.52179
107	6.50051
108	6.47596
109	6.44422
110	6.42446
111	6.40943
112	6.46615
113	6.44046
114	6.42904
115	6.40673
116	6.38423
117	6.36642
118	6.34333
119	6.33273
120	6.38348
121	6.37884
122	6.35436
123	6.3732
124	6.40319
125	6.39005
126	6.37391
127	6.38822
128	6.39102
129	6.37089
130	6.34433
131	6.32319
132	6.29977
133	6.31647
134	6.29736
135	6.26926
136	6.30407
137	6.31188
138	6.30095
139	6.30118
140	6.29022
141	6.29204
142	6.30132
143	6.28525
144	6.32297
145	6.30977
146	6.35024
147	6.34314
148	6.33902
149	6.39459
150	6.4193
151	6.4413
152	6.44254
153	6.44587
154	6.49267
155	6.49621
156	6.49641
157	6.50397
158	6.50345
159	6.48722
160	6.47503
161	6.53553
162	6.51302
163	6.49348
164	6.48132
165	6.46094
166	6.45105
167	6.49031
168	6.48127
169	6.46749
170	6.45107
171	6.46074
172	6.45981
173	6.44253
174	6.48389
175	6.47641
176	6.46268
177	6.44537
178	6.44112
179	6.43502
180	6.45687
181	6.44887
182	6.44021
183	6.42822
184	6.42074
185	6.50941
186	6.49933
187	6.49176
188	6.49759
189	6.48704
190	6.51113
191	6.50943
192	6.4975
193	6.51624
194	6.50187
195	6.49305
196	6.49711
197	6.51589
198	6.51945
199	6.52935
200	6.52077
201	6.52573
202	6.52919
203	6.5268
204	6.5188
205	6.53891
206	6.52139
207	6.50995
208	6.51628
209	6.53834
210	6.5297
211	6.60348
212	6.59819
213	6.58926
214	6.59958
215	6.58706
216	6.57856
217	6.57831
218	6.57349
219	6.5586
220	6.57179
221	6.55917
222	6.55465
223	6.55053
224	6.55707
225	6.5637
226	6.58719
227	6.57308
228	6.57196
229	6.57814
230	6.57921
231	6.56949
232	6.56666
233	6.5592
234	6.54956
235	6.53589
236	6.52981
237	6.51625
238	6.50794
239	6.49333
240	6.49971
241	6.49012
242	6.47696
243	6.47289
244	6.46341
245	6.45882
246	6.45889
247	6.44381
248	6.43616
249	6.45987
250	6.45355
251	6.44627
252	6.4325
253	6.43236
254	6.42313
255	6.41374
256	6.43957
257	6.4436
258	6.44311
259	6.44563
260	6.43882
261	6.43268
262	6.4313
263	6.43691
264	6.4407
265	6.43409
266	6.43207
267	6.43658
268	6.44689
269	6.45391
270	6.45295
271	6.44857
272	6.44853
273	6.45442
274	6.46026
275	6.46818
276	6.47238
277	6.47978
278	6.48058
279	6.47599
280	6.47944
281	6.4793
282	6.46694
283	6.47081
284	6.48252
285	6.47661
286	6.47149
287	6.46778
288	6.47418
289	6.46361
290	6.45935
291	6.45458
292	6.45885
293	6.47835
294	6.4706
295	6.46132
296	6.47238
297	6.46135
298	6.45478
299	6.45299
300	6.47282
301	6.51704
302	6.51187
303	6.51402
304	6.53881
305	6.53331
306	6.53
307	6.54414
308	6.53969
309	6.52991
310	6.52309
311	6.53765
312	6.52832
313	6.52297
314	6.51346
315	6.51657
316	6.51652
317	6.51321
318	6.50605
319	6.50172
320	6.49388
321	6.50094
322	6.50091
323	6.49685
324	6.4923
325	6.48815
326	6.49007
327	6.48985
328	6.50292
329	6.4937
330	6.49365
331	6.48696
332	6.48631
333	6.48449
334	6.48596
335	6.48486
336	6.48428
337	6.50225
338	6.50685
339	6.5004
340	6.50101
341	6.49477
342	6.48396
343	6.53414
344	6.52793
345	6.53062
346	6.54695
347	6.53765
348	6.53587
349	6.5282
350	6.52587
351	6.52701
352	6.51769
353	6.51635
354	6.51121
355	6.50752
356	6.49853
357	6.4887
358	6.47986
359	6.47441
360	6.47627
361	6.48265
362	6.49066
363	6.48491
364	6.48149
365	6.4895
366	6.48048
367	6.4889
368	6.48107
369	6.47576
370	6.4723
371	6.46334
372	6.45511
373	6.4591
374	6.47746
375	6.4795
376	6.47052
377	6.47375
378	6.48062
379	6.47847
380	6.47899
381	6.47549
382	6.47545
383	6.47041
384	6.46433
385	6.46679
386	6.46431
387	6.46762
388	6.4683
389	6.46624
390	6.47094
391	6.46789
392	6.47125
393	6.46197
394	6.45737
395	6.45589
396	6.46933
397	6.4601
398	6.45313
399	6.44933
400	6.46283
401	6.46473
402	6.45861
403	6.45187
404	6.44619
405	6.45943
406	6.46488
407	6.46944
408	6.47896
409	6.50083
410	6.49785
411	6.49181
412	6.48833
413	6.48485
414	6.4808
415	6.47736
416	6.46839
417	6.46961
418	6.46886
419	6.46529
420	6.46571
421	6.46257
422	6.45927
423	6.45301
424	6.44726
425	6.44656
426	6.45239
427	6.44762
428	6.44689
429	6.4432
430	6.45237
431	6.44793
432	6.4444
433	6.44115
434	6.43435
435	6.45996
436	6.45303
437	6.45772
438	6.4506
439	6.44587
440	6.43986
441	6.43838
442	6.43551
443	6.43473
444	6.42827
445	6.43721
446	6.44342
447	6.43907
448	6.43449
449	6.42853
450	6.42973
451	6.4222
452	6.42003
453	6.41575
454	6.41309
455	6.40918
456	6.40074
457	6.39222
458	6.39355
459	6.38849
460	6.38968
461	6.40205
462	6.39676
463	6.39019
464	6.38393
465	6.37834
466	6.3703
467	6.36461
468	6.3665
469	6.36573
470	6.36078
471	6.35387
472	6.35081
473	6.34276
474	6.34498
475	6.34154
476	6.33923
477	6.3392
478	6.33704
479	6.32931
480	6.32843
481	6.33815
482	6.33893
483	6.33483
484	6.33398
485	6.33305
486	6.33416
487	6.33027
488	6.32742
489	6.33848
490	6.33329
491	6.33501
492	6.33015
493	6.33048
494	6.32976
495	6.32966
496	6.32799
497	6.33265
498	6.34124
499	6.33838
500	6.33756
501	6.34255
502	6.34117
503	6.33681
504	6.33845
505	6.33679
506	6.34691
507	6.34012
508	6.34092
509	6.34291
510	6.3439
511	6.34426
512	6.33906
513	6.33516
514	6.335
515	6.32871
516	6.33299
517	6.35053
518	6.35015
519	6.35067
520	6.3512
521	6.35296
522	6.34963
523	6.3454
524	6.34972
525	6.35206
526	6.34718
527	6.34282
528	6.33904
529	6.34352
530	6.34606
531	6.34513
532	6.34702
533	6.34492
534	6.34866
535	6.34671
536	6.3475
537	6.34553
538	6.3444
539	6.3382
540	6.33651
541	6.33814
542	6.33764
543	6.33562
544	6.33672
545	6.33336
546	6.32797
547	6.32744
548	6.32467
549	6.32295
550	6.31843
551	6.31568
552	6.31787
553	6.31633
554	6.31857
555	6.32007
556	6.31915
557	6.31547
558	6.31243
559	6.31096
560	6.3057
561	6.30493
562	6.3107
563	6.31156
564	6.30784
565	6.3043
566	6.29946
567	6.30684
568	6.30495
569	6.3004
570	6.29862
571	6.29509
572	6.2894
573	6.28494
574	6.29098
575	6.28776
576	6.2907
577	6.29235
578	6.29666
579	6.29272
580	6.29076
581	6.28661
582	6.28984
583	6.28613
584	6.28458
585	6.28192
586	6.28026
587	6.28278
588	6.28471
589	6.28245
590	6.27635
591	6.27286
592	6.26889
593	6.27106
594	6.26603
595	6.26184
596	6.26024
597	6.2556
598	6.26297
599	6.26062
600	6.25609
601	6.25371
602	6.25089
603	6.25066
604	6.25102
605	6.24728
606	6.24506
607	6.25507
608	6.25417
609	6.24857
610	6.25051
611	6.24785
612	6.24611
613	6.24982
614	6.24465
615	6.24421
616	6.23888
617	6.24265
618	6.23827
619	6.23985
620	6.24038
621	6.23924
622	6.24141
623	6.24189
624	6.23771
625	6.23642
626	6.23253
627	6.23218
628	6.2348
629	6.2573
630	6.25225
631	6.26677
632	6.27453
633	6.27396
634	6.26992
635	6.27718
636	6.27512
637	6.27608
638	6.27585
639	6.27427
640	6.27161
641	6.26887
642	6.27036
643	6.2705
644	6.29615
645	6.30173
646	6.3117
647	6.3113
648	6.31276
649	6.31266
650	6.31484
651	6.30988
652	6.31805
653	6.31637
654	6.31342
655	6.31321
656	6.31681
657	6.31621
658	6.31061
659	6.30779
660	6.30747
661	6.30232
662	6.29934
663	6.29409
664	6.2915
665	6.29121
666	6.29177
667	6.29366
668	6.29016
669	6.29059
670	6.28933
671	6.30011
672	6.30544
673	6.30159
674	6.29899
675	6.3057
676	6.30427
677	6.30941
678	6.30634
679	6.30315
680	6.30252
681	6.30513
682	6.30352
683	6.30475
684	6.31068
685	6.31564
686	6.31492
687	6.31619
688	6.31501
689	6.31756
690	6.31352
691	6.31572
692	6.31438
693	6.31246
694	6.3076
695	6.30788
696	6.30802
697	6.30444
698	6.30179
699	6.30758
700	6.332
701	6.34068
702	6.33651
703	6.33667
704	6.33513
705	6.33147
706	6.33035
707	6.32836
708	6.32655
709	6.32566
710	6.32322
711	6.31967
712	6.3171
713	6.31338
714	6.31392
715	6.31031
716	6.30897
717	6.30529
718	6.30913
719	6.31533
720	6.31194
721	6.30881
722	6.30962
723	6.30675
724	6.30493
725	6.30215
726	6.30105
727	6.29854
728	6.29616
729	6.29542
730	6.29615
731	6.29288
732	6.29127
733	6.28919
734	6.28447
735	6.28068
736	6.27952
737	6.28012
738	6.28012
739	6.2852
740	6.28214
741	6.28004
742	6.27807
743	6.27345
744	6.27178
745	6.27145
746	6.26953
747	6.26535
748	6.26588
749	6.2627
750	6.26025
751	6.25598
752	6.25393
753	6.25185
754	6.25537
755	6.25323
756	6.26734
757	6.26327
758	6.26361
759	6.2616
760	6.26149
761	6.25622
762	6.25905
763	6.25921
764	6.26042
765	6.26553
766	6.26227
767	6.25912
768	6.25453
769	6.25786
770	6.25533
771	6.25156
772	6.25171
773	6.24742
774	6.24375
775	6.24113
776	6.24009
777	6.24359
778	6.24312
779	6.23933
780	6.23752
781	6.23619
782	6.23468
783	6.24904
784	6.24948
785	6.24538
786	6.24689
787	6.24826
788	6.2446
789	6.24998
790	6.24985
791	6.24649
792	6.24346
793	6.2469
794	6.24541
795	6.24302
796	6.24055
797	6.24345
798	6.24028
799	6.25152
800	6.24924
801	6.24732
802	6.24935
803	6.2481
804	6.25691
805	6.25388
806	6.25079
807	6.25155
808	6.24932
809	6.24831
810	6.25352
811	6.25566
812	6.25388
813	6.25261
814	6.25243
815	6.25677
816	6.25576
817	6.25316
818	6.25092
819	6.24858
820	6.24527
821	6.24315
822	6.24149
823	6.24406
824	6.24927
825	6.24448
826	6.24322
827	6.24443
828	6.24443
829	6.24234
830	6.24393
831	6.24015
832	6.24202
833	6.2407
834	6.23861
835	6.23992
836	6.24502
837	6.24294
838	6.24086
839	6.24075
840	6.24017
841	6.24383
842	6.24104
843	6.24485
844	6.24065
845	6.23772
846	6.23799
847	6.23533
848	6.23573
849	6.23794
850	6.23522
851	6.23311
852	6.22982
853	6.23591
854	6.2327
855	6.23878
856	6.2355
857	6.23319
858	6.23353
859	6.23793
860	6.23731
861	6.23433
862	6.23087
863	6.23039
864	6.22903
865	6.23025
866	6.22677
867	6.22647
868	6.22684
869	6.2297
870	6.22974
871	6.23246
872	6.23487
873	6.23289
874	6.23036
875	6.2297
876	6.22613
877	6.22381
878	6.22206
879	6.22071
880	6.22766
881	6.22579
882	6.22323
883	6.22279
884	6.22125
885	6.22224
886	6.21917
887	6.21572
888	6.21423
889	6.21191
890	6.21063
891	6.20752
892	6.21619
893	6.21486
894	6.21334
895	6.21353
896	6.21393
897	6.21097
898	6.21013
899	6.21048
900	6.2091
901	6.22086
902	6.22051
903	6.21792
904	6.21691
905	6.22291
906	6.22415
907	6.22269
908	6.22404
909	6.22605
910	6.23273
911	6.23898
912	6.24014
913	6.23742
914	6.23446
915	6.23333
916	6.23099
917	6.23381
918	6.23054
919	6.22818
920	6.22674
921	6.2274
922	6.23159
923	6.24608
924	6.24864
925	6.24846
926	6.24701
927	6.24381
928	6.24448
929	6.24162
930	6.24271
931	6.24108
932	6.23721
933	6.23881
934	6.23978
935	6.2417
936	6.24409
937	6.24199
938	6.24094
939	6.2394
940	6.23905
941	6.23814
942	6.2387
943	6.23693
944	6.23846
945	6.23738
946	6.24012
947	6.24209
948	6.24725
949	6.24867
950	6.24779
951	6.24956
952	6.24693
953	6.24326
954	6.24069
955	6.23952
956	6.23854
957	6.23711
958	6.23823
959	6.23448
960	6.23393
961	6.23295
962	6.23009
963	6.22757
964	6.22594
965	6.22486
966	6.2226
967	6.22032
968	6.21729
969	6.21523
970	6.21595
971	6.21518
972	6.21502
973	6.21712
974	6.21662
975	6.21523
976	6.21132
977	6.20913
978	6.20908
979	6.20947
980	6.21036
981	6.20715
982	6.20477
983	6.20308
984	6.20683
985	6.20953
986	6.21009
987	6.20799
988	6.21325
989	6.21175
990	6.20862
991	6.20624
992	6.20423
993	6.20381
994	6.20282
995	6.20151
996	6.20269
997	6.19937
998	6.199
999	6.19851
