0	0.133352
1	0.149351
2	0.185984
3	0.263342
4	0.237591
5	0.219805
6	0.215534
7	0.217732
8	0.216111
9	0.212765
10	0.241806
11	0.235764
12	0.246631
13	0.240038
14	0.239802
15	0.232794
16	0.244216
17	0.239957
18	0.269094
19	0.263332
20	0.276487
21	0.271471
22	0.269192
23	0.264551
24	0.25921
25	0.260019
26	0.265388
27	0.271349
28	0.27287
29	0.273653
30	0.267384
31	0.269028
32	0.273457
33	0.28106
34	0.280655
35	0.278535
36	0.274537
37	0.273088
38	0.274303
39	0.271006
40	0.270495
41	0.271778
42	0.270076
43	0.268028
44	0.268848
45	0.266945
46	0.269716
47	0.266645
48	0.263281
49	0.266936
50	0.264929
51	0.265433
52	0.263943
53	0.264414
54	0.265269
55	0.262713
56	0.262284
57	0.259418
58	0.262065
59	0.261105
60	0.261527
61	0.262303
62	0.262037
63	0.262195
64	0.260277
65	0.257446
66	0.256409
67	0.258036
68	0.260114
69	0.258754
70	0.258506
71	0.258467
72	0.256224
73	0.254352
74	0.252698
75	0.251611
76	0.250134
77	0.250208
78	0.250173
79	0.249896
80	0.250698
81	0.250711
82	0.249283
83	0.248427
84	0.25024
85	0.248834
86	0.251106
87	0.249095
88	0.248567
89	0.248972
90	0.247456
91	0.246817
92	0.244778
93	0.243776
94	0.244338
95	0.246014
96	0.244578
97	0.243449
98	0.243077
99	0.241707
100	0.241128
101	0.241286
102	0.239989
103	0.241657
104	0.243013
105	0.241364
106	0.241221
107	0.241656
108	0.24217
109	0.243333
110	0.24209
111	0.240943
112	0.240446
113	0.240501
114	0.240725
115	0.240979
116	0.240467
117	0.239776
118	0.23824
119	0.237251
120	0.237684
121	0.238182
122	0.236814
123	0.238859
124	0.238203
125	0.2379
126	0.237839
127	0.238574
128	0.238757
129	0.238425
130	0.237811
131	0.237805
132	0.237368
133	0.237197
134	0.236584
135	0.236397
136	0.237083
137	0.237678
138	0.237236
139	0.236726
140	0.2373
141	0.239243
142	0.239411
143	0.238437
144	0.238536
145	0.237884
146	0.239097
147	0.238889
148	0.238998
149	0.23972
150	0.239642
151	0.238485
152	0.238685
153	0.239274
154	0.238359
155	0.238852
156	0.238328
157	0.240401
158	0.240181
159	0.239101
160	0.239437
161	0.238803
162	0.238807
163	0.239993
164	0.239731
165	0.238693
166	0.238873
167	0.238886
168	0.240618
169	0.241194
170	0.240366
171	0.240089
172	0.240916
173	0.240795
174	0.240278
175	0.239978
176	0.240164
177	0.239516
178	0.23897
179	0.23898
180	0.238495
181	0.238256
182	0.239057
183	0.238919
184	0.239154
185	0.240427
186	0.240204
187	0.239467
188	0.239639
189	0.240951
190	0.240458
191	0.240551
192	0.240686
193	0.240643
194	0.240717
195	0.240769
196	0.240048
197	0.239874
198	0.239905
199	0.239522
200	0.23962
201	0.238834
202	0.238623
203	0.23792
204	0.237886
205	0.237132
206	0.236695
207	0.237143
208	0.23696
209	0.236356
210	0.235817
211	0.235068
212	0.23569
213	0.235732
214	0.236623
215	0.237797
216	0.239296
217	0.238821
218	0.238091
219	0.238138
220	0.237455
221	0.238209
222	0.238038
223	0.237703
224	0.242112
225	0.242078
226	0.241778
227	0.24124
228	0.242744
229	0.243757
230	0.243273
231	0.242784
232	0.24234
233	0.241822
234	0.241542
235	0.240851
236	0.241176
237	0.242619
238	0.242091
239	0.24199
240	0.24141
241	0.240746
242	0.240842
243	0.241062
244	0.240912
245	0.24167
246	0.241824
247	0.241538
248	0.241502
249	0.240909
250	0.24058
251	0.240202
252	0.240077
253	0.239577
254	0.238974
255	0.239303
256	0.239397
257	0.239424
258	0.241303
259	0.240505
260	0.241075
261	0.242374
262	0.242379
263	0.242083
264	0.241568
265	0.242412
266	0.242806
267	0.242736
268	0.242216
269	0.241616
270	0.244004
271	0.243334
272	0.243752
273	0.243433
274	0.243522
275	0.243228
276	0.243075
277	0.242696
278	0.242356
279	0.242863
280	0.242999
281	0.24269
282	0.242739
283	0.242741
284	0.243122
285	0.242709
286	0.242324
287	0.241798
288	0.241814
289	0.241403
290	0.241213
291	0.241194
292	0.240849
293	0.241268
294	0.241487
295	0.241194
296	0.241149
297	0.241723
298	0.241582
299	0.247063
300	0.246728
301	0.246655
302	0.246699
303	0.246148
304	0.246359
305	0.247002
306	0.246636
307	0.24748
308	0.247319
309	0.247355
310	0.247256
311	0.247013
312	0.24695
313	0.246406
314	0.246294
315	0.246655
316	0.246887
317	0.247101
318	0.247219
319	0.247404
320	0.247177
321	0.248334
322	0.248121
323	0.247789
324	0.247854
325	0.248088
326	0.247926
327	0.247524
328	0.24714
329	0.247006
330	0.24717
331	0.246677
332	0.246608
333	0.246945
334	0.246625
335	0.246009
336	0.245598
337	0.245582
338	0.245599
339	0.245528
340	0.245216
341	0.245545
342	0.245705
343	0.245825
344	0.245674
345	0.245934
346	0.245762
347	0.24552
348	0.245207
349	0.244996
350	0.244718
351	0.244947
352	0.244803
353	0.244597
354	0.244749
355	0.244684
356	0.244843
357	0.24441
358	0.244357
359	0.244459
360	0.24414
361	0.244139
362	0.243931
363	0.243718
364	0.244013
365	0.244541
366	0.24418
367	0.243834
368	0.243706
369	0.243406
370	0.243392
371	0.243006
372	0.24287
373	0.243066
374	0.243084
375	0.242907
376	0.242881
377	0.242873
378	0.242548
379	0.242205
380	0.241892
381	0.241629
382	0.241315
383	0.241148
384	0.240994
385	0.241422
386	0.241115
387	0.241118
388	0.240763
389	0.240777
390	0.240495
391	0.240196
392	0.240529
393	0.240434
394	0.240319
395	0.240065
396	0.239771
397	0.239346
398	0.239096
399	0.238954
400	0.240086
401	0.240122
402	0.240411
403	0.240296
404	0.240687
405	0.240397
406	0.240102
407	0.239994
408	0.239719
409	0.240759
410	0.240934
411	0.241134
412	0.241102
413	0.241767
414	0.243602
415	0.243307
416	0.242901
417	0.242928
418	0.242779
419	0.242864
420	0.243154
421	0.243526
422	0.243781
423	0.243556
424	0.243196
425	0.242991
426	0.243625
427	0.243558
428	0.24348
429	0.243192
430	0.242985
431	0.243165
432	0.243093
433	0.24316
434	0.24289
435	0.243211
436	0.243074
437	0.243145
438	0.243071
439	0.242665
440	0.242754
441	0.242527
442	0.242494
443	0.242159
444	0.241999
445	0.241723
446	0.241511
447	0.24118
448	0.240858
449	0.240454
450	0.24013
451	0.240239
452	0.240064
453	0.240813
454	0.240786
455	0.240704
456	0.240572
457	0.240673
458	0.240536
459	0.240406
460	0.240592
461	0.240584
462	0.240598
463	0.240687
464	0.240727
465	0.24068
466	0.240769
467	0.240629
468	0.240636
469	0.240574
470	0.240356
471	0.240371
472	0.240314
473	0.239932
474	0.239667
475	0.239367
476	0.23957
477	0.239286
478	0.239537
479	0.239715
480	0.239602
481	0.239742
482	0.239709
483	0.239448
484	0.239196
485	0.239174
486	0.238927
487	0.238966
488	0.239112
489	0.238807
490	0.238608
491	0.238427
492	0.238509
493	0.238427
494	0.238357
495	0.23829
496	0.237913
497	0.237822
498	0.237605
499	0.237794
