0	0.121097
1	0.131183
2	0.123108
3	0.11933
4	0.116776
5	0.120213
6	0.11731
7	0.117963
8	0.119556
9	0.118566
10	0.119885
11	0.116529
12	0.117443
13	0.118113
14	0.11814
15	0.120886
16	0.124491
17	0.123577
18	0.123161
19	0.122995
20	0.123784
21	0.12463
22	0.124168
23	0.124455
24	0.122025
25	0.122142
26	0.123212
27	0.124965
28	0.125719
29	0.125212
30	0.127398
31	0.126422
32	0.127854
33	0.12838
34	0.128613
35	0.12978
36	0.129405
37	0.129317
38	0.131109
39	0.129526
40	0.129844
41	0.129438
42	0.13053
43	0.130417
44	0.131328
45	0.131958
46	0.133072
47	0.133528
48	0.134531
49	0.133612
50	0.133568
51	0.132848
52	0.132519
53	0.132981
54	0.132491
55	0.132427
56	0.131484
57	0.131871
58	0.131116
59	0.131773
60	0.131003
61	0.131571
62	0.131531
63	0.131373
64	0.131731
65	0.132486
66	0.132171
67	0.131937
68	0.132472
69	0.132246
70	0.132191
71	0.132296
72	0.132399
73	0.13224
74	0.131956
75	0.131737
76	0.132185
77	0.13244
78	0.132119
79	0.131835
80	0.131793
81	0.131756
82	0.131217
83	0.13101
84	0.130849
85	0.130425
86	0.130522
87	0.130016
88	0.129382
89	0.129299
90	0.128879
91	0.128898
92	0.128626
93	0.128865
94	0.129013
95	0.129231
96	0.129146
97	0.129357
98	0.129196
99	0.1291
100	0.129146
101	0.129324
102	0.129671
103	0.129584
104	0.129274
105	0.12926
106	0.128939
107	0.130045
108	0.1298
109	0.129721
110	0.12989
111	0.129979
112	0.130473
113	0.130298
114	0.130583
115	0.130277
116	0.130234
117	0.12995
118	0.129701
119	0.12925
120	0.129264
121	0.129532
122	0.129404
123	0.129614
124	0.129558
125	0.129417
126	0.129391
127	0.129749
128	0.129881
129	0.129999
130	0.129905
131	0.129752
132	0.130924
133	0.131095
134	0.130959
135	0.13098
136	0.130902
137	0.130431
138	0.130247
139	0.130187
140	0.130122
141	0.130331
142	0.130111
143	0.130737
144	0.130364
145	0.130513
146	0.130181
147	0.130587
148	0.130477
149	0.130609
150	0.130539
151	0.130792
152	0.130467
153	0.130971
154	0.131011
155	0.130839
156	0.1305
157	0.13035
158	0.130152
159	0.130504
160	0.130337
161	0.130626
162	0.13093
163	0.130979
164	0.130907
165	0.131036
166	0.131351
167	0.130907
168	0.130611
169	0.131051
170	0.130779
171	0.130897
172	0.130619
173	0.131067
174	0.131192
175	0.131135
176	0.131259
177	0.131129
178	0.131118
179	0.130934
180	0.130943
181	0.130741
182	0.130576
183	0.130431
184	0.130331
185	0.130232
186	0.130175
187	0.129924
188	0.130209
189	0.130492
190	0.130633
191	0.130465
192	0.130455
193	0.130711
194	0.130654
195	0.130676
196	0.130859
197	0.1307
198	0.13068
199	0.130583
200	0.130523
201	0.130325
202	0.130341
203	0.130822
204	0.130781
205	0.130767
206	0.130699
207	0.130601
208	0.130515
209	0.130703
210	0.130672
211	0.130998
212	0.131265
213	0.131322
214	0.131389
215	0.131248
216	0.131143
217	0.13114
218	0.131114
219	0.131149
220	0.13119
221	0.131264
222	0.131084
223	0.13122
224	0.13115
225	0.131031
226	0.130966
227	0.130954
228	0.131126
229	0.131176
230	0.131007
231	0.131273
232	0.13112
233	0.131552
234	0.131405
235	0.131395
236	0.131127
237	0.131079
238	0.130997
239	0.130979
240	0.130965
241	0.130968
242	0.131251
243	0.131263
244	0.131341
245	0.13184
246	0.131805
247	0.131994
248	0.132037
249	0.13209
250	0.132149
251	0.132098
252	0.132198
253	0.131936
254	0.131938
255	0.131749
256	0.131851
257	0.131618
258	0.131584
259	0.13167
260	0.131602
261	0.131553
262	0.131424
263	0.131425
264	0.131366
265	0.131397
266	0.131466
267	0.13128
268	0.131352
269	0.131361
270	0.131387
271	0.13156
272	0.13168
273	0.131602
274	0.131468
275	0.131386
276	0.131448
277	0.131799
278	0.131727
279	0.131628
280	0.131564
281	0.131771
282	0.131777
283	0.131803
284	0.13176
285	0.13186
286	0.131852
287	0.131999
288	0.131872
289	0.131942
290	0.13204
291	0.132174
292	0.131968
293	0.132107
294	0.132192
295	0.132107
296	0.13214
297	0.132183
298	0.132105
299	0.132118
300	0.13202
301	0.131951
302	0.13179
303	0.131797
304	0.131837
305	0.13195
306	0.132172
307	0.13227
308	0.132327
309	0.132277
310	0.132328
311	0.132357
312	0.132263
313	0.132275
314	0.132068
315	0.132037
316	0.132401
317	0.132289
318	0.132258
319	0.132168
320	0.132281
321	0.132293
322	0.132225
323	0.132184
324	0.132162
325	0.132044
326	0.131925
327	0.131798
328	0.131836
329	0.131879
330	0.131832
331	0.131791
332	0.13158
333	0.13169
334	0.131712
335	0.131459
336	0.13167
337	0.13179
338	0.13182
339	0.131793
340	0.131797
341	0.13166
342	0.13157
343	0.13152
344	0.131377
345	0.131303
346	0.131307
347	0.131576
348	0.131427
349	0.131655
350	0.131539
351	0.131475
352	0.131544
353	0.131454
354	0.131374
355	0.131302
356	0.131323
357	0.131252
358	0.131405
359	0.131641
360	0.131553
361	0.131467
362	0.131547
363	0.131391
364	0.131364
365	0.131435
366	0.131501
367	0.131374
368	0.131228
369	0.131261
370	0.131261
371	0.131257
372	0.131293
373	0.131193
374	0.131188
375	0.131266
376	0.131211
377	0.13117
378	0.13117
379	0.131182
380	0.131065
381	0.131117
382	0.130973
383	0.131232
384	0.131464
385	0.131364
386	0.131318
387	0.131462
388	0.131377
389	0.131625
390	0.131596
391	0.131522
392	0.13156
393	0.131615
394	0.131528
395	0.131491
396	0.131598
397	0.13155
398	0.131608
399	0.131492
400	0.131453
401	0.131356
402	0.131394
403	0.131502
404	0.131454
405	0.131419
406	0.131364
407	0.131556
408	0.131536
409	0.131691
410	0.131604
411	0.131554
412	0.131433
413	0.131435
414	0.131498
415	0.13139
416	0.131341
417	0.131234
418	0.131159
419	0.131206
420	0.131308
421	0.131243
422	0.131282
423	0.131167
424	0.131106
425	0.131096
426	0.13109
427	0.131001
428	0.131026
429	0.131081
430	0.130975
431	0.130953
432	0.13095
433	0.1309
434	0.130927
435	0.13088
436	0.130793
437	0.131072
438	0.130951
439	0.130855
440	0.130838
441	0.130851
442	0.130907
443	0.130864
444	0.130763
445	0.130801
446	0.130754
447	0.130678
448	0.130706
449	0.130649
450	0.130605
451	0.130583
452	0.13046
453	0.130403
454	0.130486
455	0.130401
456	0.130347
457	0.130372
458	0.130335
459	0.130284
460	0.130254
461	0.130264
462	0.130189
463	0.130173
464	0.13008
465	0.130038
466	0.13006
467	0.129957
468	0.129901
469	0.12979
470	0.12998
471	0.130018
472	0.129927
473	0.129879
474	0.129897
475	0.129954
476	0.130017
477	0.129946
478	0.130187
479	0.130187
480	0.130067
481	0.129991
482	0.129967
483	0.129938
484	0.129881
485	0.129961
486	0.129893
487	0.129914
488	0.130034
489	0.130079
490	0.13012
491	0.130067
492	0.129985
493	0.130019
494	0.12999
495	0.129958
496	0.13005
497	0.130126
498	0.130091
499	0.13012
