0	2.58789
1	2.37086
2	2.36395
3	2.50904
4	2.56464
5	2.64282
6	2.54995
7	2.55804
8	2.62696
9	2.64904
10	2.70815
11	2.94558
12	3.15606
13	3.19609
14	3.15327
15	3.14422
16	3.14813
17	3.14477
18	3.21065
19	3.28259
20	3.29663
21	3.27268
22	3.31672
23	3.27066
24	3.27588
25	3.42605
26	3.39409
27	3.374
28	3.39329
29	3.48379
30	3.46007
31	3.44663
32	3.44246
33	3.42214
34	3.4084
35	3.42548
36	3.41736
37	3.43102
38	3.44597
39	3.44659
40	3.46299
41	3.46302
42	3.46005
43	3.43611
44	3.43235
45	3.48026
46	3.52186
47	3.52673
48	3.52502
49	3.53447
50	3.51994
51	3.49466
52	3.51038
53	3.51697
54	3.50078
55	3.50652
56	3.49543
57	3.47803
58	3.47498
59	3.4755
60	3.47617
61	3.46144
62	3.45056
63	3.49117
64	3.53065
65	3.53801
66	3.51973
67	3.51644
68	3.53815
69	3.53179
70	3.54608
71	3.54601
72	3.53039
73	3.51811
74	3.52966
75	3.60363
76	3.59486
77	3.58634
78	3.5868
79	3.60558
80	3.61667
81	3.6185
82	3.59957
83	3.60715
84	3.61092
85	3.60853
86	3.63772
87	3.62554
88	3.61634
89	3.60725
90	3.60719
91	3.60174
92	3.61144
93	3.61769
94	3.61543
95	3.6174
96	3.63041
97	3.63871
98	3.62128
99	3.61909
100	3.60935
101	3.60522
102	3.58996
103	3.583
104	3.59469
105	3.60363
106	3.59551
107	3.60749
108	3.60451
109	3.61297
110	3.61071
111	3.6061
112	3.61719
113	3.61703
114	3.61547
115	3.62024
116	3.6244
117	3.61594
118	3.62178
119	3.6187
120	3.614
121	3.61167
122	3.60279
123	3.59302
124	3.59165
125	3.58835
126	3.60259
127	3.61084
128	3.61103
129	3.60681
130	3.5988
131	3.59265
132	3.58814
133	3.60771
134	3.59977
135	3.59443
136	3.58925
137	3.59249
138	3.59677
139	3.59455
140	3.59891
141	3.58668
142	3.59209
143	3.59687
144	3.60261
145	3.59521
146	3.60095
147	3.60345
148	3.60033
149	3.59892
150	3.59199
151	3.58495
152	3.58081
153	3.58923
154	3.59623
155	3.60127
156	3.60385
157	3.59872
158	3.59055
159	3.58448
160	3.58993
161	3.58892
162	3.58237
163	3.58615
164	3.58365
165	3.58174
166	3.58002
167	3.57508
168	3.57105
169	3.58045
170	3.58974
171	3.58473
172	3.58125
173	3.58251
174	3.60814
175	3.60666
176	3.60036
177	3.61725
178	3.60806
179	3.60252
180	3.60543
181	3.60589
182	3.61194
183	3.62215
184	3.62455
185	3.62863
186	3.62893
187	3.62334
188	3.62136
189	3.61756
190	3.61473
191	3.60666
192	3.62046
193	3.61562
194	3.61069
195	3.61776
196	3.61385
197	3.61018
198	3.60833
199	3.60751
200	3.61265
201	3.61022
202	3.60597
203	3.60363
204	3.6159
205	3.61501
206	3.60767
207	3.60942
208	3.62194
209	3.62266
210	3.6187
211	3.61203
212	3.6157
213	3.63149
214	3.62726
215	3.62204
216	3.62344
217	3.62645
218	3.62995
219	3.63116
220	3.63508
221	3.63087
222	3.63266
223	3.64159
224	3.63789
225	3.63714
226	3.63878
227	3.64313
228	3.6438
229	3.64986
230	3.64623
231	3.64149
232	3.64329
233	3.63987
234	3.63942
235	3.63637
236	3.63757
237	3.6453
238	3.64746
239	3.64804
240	3.65165
241	3.65934
242	3.65502
243	3.66226
244	3.65801
245	3.66123
246	3.65902
247	3.65394
248	3.65775
249	3.66287
250	3.65927
251	3.66103
252	3.66809
253	3.67224
254	3.67289
255	3.67242
256	3.68513
257	3.6934
258	3.68937
259	3.68978
260	3.68354
261	3.67889
262	3.67192
263	3.67593
264	3.67128
265	3.66755
266	3.67254
267	3.66994
268	3.67536
269	3.67324
270	3.67494
271	3.67414
272	3.67174
273	3.66626
274	3.66255
275	3.66412
276	3.66261
277	3.66334
278	3.66213
279	3.66366
280	3.67014
281	3.66294
282	3.6595
283	3.65684
284	3.64937
285	3.6537
286	3.65397
287	3.65468
288	3.65577
289	3.6536
290	3.64927
291	3.65386
292	3.65042
293	3.64882
294	3.65258
295	3.65278
296	3.64995
297	3.64739
298	3.65957
299	3.65609
300	3.6546
301	3.66243
302	3.66136
303	3.66311
304	3.6589
305	3.65632
306	3.65458
307	3.65444
308	3.6566
309	3.65647
310	3.65453
311	3.65769
312	3.66079
313	3.65807
314	3.65344
315	3.65269
316	3.65577
317	3.65417
318	3.65243
319	3.65572
320	3.65565
321	3.65119
322	3.64906
323	3.66086
324	3.66285
325	3.65946
326	3.66347
327	3.66301
328	3.65802
329	3.66166
330	3.66128
331	3.66301
332	3.66327
333	3.65915
334	3.65759
335	3.65994
336	3.66027
337	3.65849
338	3.65732
339	3.66302
340	3.66305
341	3.66592
342	3.66577
343	3.66448
344	3.66297
345	3.66278
346	3.66453
347	3.6666
348	3.66362
349	3.66813
350	3.66713
351	3.66392
352	3.66244
353	3.65933
354	3.65795
355	3.65721
356	3.66962
357	3.67515
358	3.67303
359	3.67081
360	3.66916
361	3.66732
362	3.66749
363	3.6659
364	3.66621
365	3.66309
366	3.66301
367	3.66431
368	3.66882
369	3.66695
370	3.6648
371	3.6702
372	3.67471
373	3.67263
374	3.6719
375	3.66787
376	3.66632
377	3.66642
378	3.6653
379	3.6629
380	3.66569
381	3.66546
382	3.66235
383	3.66442
384	3.66412
385	3.66133
386	3.66301
387	3.66732
388	3.66362
389	3.66738
390	3.66388
391	3.66229
392	3.66382
393	3.66413
394	3.66633
395	3.6712
396	3.66895
397	3.66574
398	3.66376
399	3.66575
400	3.6705
401	3.67034
402	3.66695
403	3.67112
404	3.66761
405	3.66727
406	3.67149
407	3.6743
408	3.67218
409	3.67325
410	3.67374
411	3.67763
412	3.6783
413	3.67853
414	3.68008
415	3.67738
416	3.6747
417	3.67559
418	3.68025
419	3.68461
420	3.68615
421	3.68456
422	3.68226
423	3.68218
424	3.67882
425	3.68297
426	3.68487
427	3.68426
428	3.68437
429	3.68675
430	3.68557
431	3.68364
432	3.68491
433	3.70463
434	3.70246
435	3.7019
436	3.70025
437	3.69994
438	3.70131
439	3.69787
440	3.69963
441	3.70285
442	3.70149
443	3.70244
444	3.7077
445	3.70607
446	3.70763
447	3.70613
448	3.70396
449	3.70349
450	3.70396
451	3.70605
452	3.70247
453	3.70113
454	3.69844
455	3.69572
456	3.69477
457	3.69206
458	3.69473
459	3.69289
460	3.69122
461	3.68819
462	3.68832
463	3.68584
464	3.68575
465	3.684
466	3.68189
467	3.67989
468	3.68125
469	3.68036
470	3.6799
471	3.6791
472	3.68107
473	3.67799
474	3.67674
475	3.67885
476	3.68102
477	3.6806
478	3.67713
479	3.67333
480	3.67299
481	3.67552
482	3.67546
483	3.67439
484	3.67283
485	3.67101
486	3.67191
487	3.66851
488	3.66867
489	3.66725
490	3.66642
491	3.667
492	3.66332
493	3.66133
494	3.66266
495	3.66232
496	3.65895
497	3.65911
498	3.65856
499	3.6588
