0	14.9098
1	26.6735
2	25.7096
3	23.5766
4	25.2334
5	23.0132
6	20.4048
7	18.5748
8	17.0172
9	18.3609
10	17.0515
11	16.8346
12	16.4687
13	16.0949
14	15.4227
15	15.0929
16	15.0964
17	15.7768
18	15.945
19	15.7452
20	16.5314
21	16.1094
22	15.7429
23	15.5069
24	15.7107
25	15.5394
26	15.1958
27	15.1667
28	14.9419
29	14.672
30	14.6051
31	14.2763
32	13.9095
33	13.5932
34	13.4167
35	13.2347
36	13.1466
37	13.1795
38	13.0554
39	12.7906
40	12.6407
41	12.6399
42	12.4741
43	12.565
44	12.4407
45	12.3631
46	12.7318
47	12.7044
48	12.6007
49	12.5415
50	12.4922
51	12.3449
52	12.2567
53	12.1137
54	12.2246
55	12.4607
56	12.314
57	12.2178
58	12.2402
59	12.1551
60	12.2506
61	12.1198
62	12.0021
63	11.9073
64	12.102
65	12.2702
66	12.2017
67	12.1836
68	12.264
69	12.1827
70	12.057
71	11.9733
72	11.8859
73	11.8162
74	11.8355
75	11.7707
76	11.7142
77	11.7398
78	11.7771
79	11.6727
80	11.8335
81	12.321
82	12.3169
83	12.3507
84	12.2631
85	12.1619
86	12.2717
87	12.4755
88	12.4383
89	12.3504
90	12.3442
91	12.3493
92	12.3166
93	12.4285
94	12.3561
95	12.3686
96	12.3973
97	12.3502
98	12.2633
99	12.1879
100	12.1579
101	12.1192
102	12.118
103	12.126
104	12.0912
105	12.0145
106	11.9536
107	11.8934
108	11.8486
109	11.896
110	12.0275
111	11.9733
112	11.9777
113	11.939
114	11.9202
115	11.9068
116	11.833
117	12.1346
118	12.2819
119	12.2113
120	12.1686
121	12.1338
122	12.134
123	12.1253
124	12.1078
125	12.0814
126	12.0895
127	12.0777
128	12.2924
129	12.2442
130	12.1767
131	12.1197
132	12.1551
133	12.0994
134	12.0398
135	11.9988
136	11.9567
137	11.9686
138	11.9643
139	11.9952
140	11.9435
141	11.8806
142	11.8571
143	11.8402
144	11.8098
145	11.7777
146	11.7744
147	11.7746
148	11.7959
149	11.7476
150	11.7745
151	11.7596
152	11.7707
153	11.7944
154	11.7885
155	11.7558
156	11.7201
157	11.6864
158	11.7307
159	11.6807
160	11.652
161	11.8132
162	11.98
163	11.9619
164	11.9915
165	12.1499
166	12.1203
167	12.0765
168	12.0526
169	12.0056
170	11.9597
171	11.9274
172	11.9077
173	11.8987
174	11.8795
175	11.9265
176	11.8707
177	11.9869
178	11.9731
179	12.014
180	11.9953
181	11.9405
182	11.887
183	11.8635
184	11.9089
185	11.9363
186	11.9125
187	11.8654
188	11.8378
189	11.8008
190	11.7523
191	11.7348
192	11.6852
193	11.6526
194	11.6292
195	11.6224
196	11.5976
197	11.6058
198	11.5757
199	11.5538
200	11.5209
201	11.49
202	11.4646
203	11.5241
204	11.4932
205	11.5041
206	11.4936
207	11.4901
208	11.4817
209	11.4739
210	11.4459
211	11.4435
212	11.4566
213	11.5437
214	11.5944
215	11.5763
216	11.5443
217	11.5267
218	11.4913
219	11.4587
220	11.4496
221	11.4229
222	11.414
223	11.4101
224	11.3903
225	11.3794
226	11.4486
227	11.446
228	11.4185
229	11.3847
230	11.3947
231	11.3923
232	11.3618
233	11.3759
234	11.351
235	11.4746
236	11.5485
237	11.5229
238	11.498
239	11.5432
240	11.5675
241	11.5607
242	11.5347
243	11.5122
244	11.5465
245	11.5835
246	11.5678
247	11.5577
248	11.5628
249	11.5479
250	11.5644
251	11.6096
252	11.5906
253	11.6561
254	11.6734
255	11.7982
256	11.7787
257	11.7727
258	11.7502
259	11.7233
260	11.7108
261	11.7142
262	11.7328
263	11.7256
264	11.75
265	11.7471
266	11.7804
267	11.7834
268	11.7785
269	11.8962
270	12.1164
271	12.1637
272	12.1337
273	12.1244
274	12.1742
275	12.1762
276	12.1573
277	12.1443
278	12.1684
279	12.2229
280	12.2393
281	12.2714
282	12.2758
283	12.286
284	12.2697
285	12.2417
286	12.216
287	12.1955
288	12.1899
289	12.153
290	12.1883
291	12.1704
292	12.1767
293	12.1514
294	12.1577
295	12.1511
296	12.2096
297	12.2644
298	12.3244
299	12.3752
300	12.3513
301	12.3345
302	12.3097
303	12.2873
304	12.3196
305	12.3158
306	12.2901
307	12.3382
308	12.3278
309	12.303
310	12.2864
311	12.2981
312	12.301
313	12.2704
314	12.2515
315	12.2472
316	12.2349
317	12.224
318	12.2
319	12.2003
320	12.229
321	12.2098
322	12.2475
323	12.2488
324	12.2472
325	12.2244
326	12.2276
327	12.2108
328	12.1822
329	12.2668
330	12.307
331	12.3085
332	12.2938
333	12.2905
334	12.2978
335	12.2977
336	12.2813
337	12.2613
338	12.2816
339	12.2698
340	12.2573
341	12.2613
342	12.266
343	12.3136
344	12.3399
345	12.3611
346	12.3535
347	12.3401
348	12.3328
349	12.3144
350	12.2952
351	12.2761
352	12.2596
353	12.2555
354	12.2473
355	12.2191
356	12.205
357	12.2154
358	12.2398
359	12.3139
360	12.5627
361	12.5989
362	12.5946
363	12.6187
364	12.6266
365	12.6333
366	12.6263
367	12.6032
368	12.5868
369	12.5872
370	12.5727
371	12.5602
372	12.5406
373	12.5217
374	12.5049
375	12.4913
376	12.4917
377	12.4677
378	12.4531
379	12.4419
380	12.4284
381	12.4055
382	12.3887
383	12.3814
384	12.3906
385	12.3824
386	12.3959
387	12.4103
388	12.4251
389	12.4028
390	12.3761
391	12.3597
392	12.4213
393	12.4336
394	12.421
395	12.4435
396	12.4481
397	12.4265
398	12.413
399	12.3963
400	12.4483
401	12.4398
402	12.4562
403	12.464
404	12.4796
405	12.5081
406	12.5681
407	12.6318
408	12.6593
409	12.6568
410	12.6551
411	12.6597
412	12.6358
413	12.6387
414	12.6157
415	12.597
416	12.5803
417	12.5639
418	12.5586
419	12.5676
420	12.5579
421	12.5674
422	12.5512
423	12.5511
424	12.557
425	12.537
426	12.5315
427	12.5243
428	12.5066
429	12.5182
430	12.5102
431	12.4943
432	12.4875
433	12.4657
434	12.5097
435	12.5025
436	12.5047
437	12.4926
438	12.4884
439	12.4898
440	12.4769
441	12.4831
442	12.464
443	12.4585
444	12.4478
445	12.4469
446	12.4398
447	12.4631
448	12.4499
449	12.4427
450	12.428
451	12.4101
452	12.3913
453	12.3914
454	12.384
455	12.4097
456	12.3926
457	12.3734
458	12.3721
459	12.3608
460	12.3542
461	12.3581
462	12.3807
463	12.3606
464	12.3472
465	12.4244
466	12.417
467	12.4111
468	12.4366
469	12.4414
470	12.4296
471	12.4445
472	12.4278
473	12.4263
474	12.4145
475	12.4143
476	12.4394
477	12.4305
478	12.4589
479	12.5589
480	12.5931
481	12.5868
482	12.5948
483	12.5917
484	12.5902
485	12.5728
486	12.5749
487	12.5912
488	12.5822
489	12.5945
490	12.5816
491	12.5733
492	12.5878
493	12.5994
494	12.6204
495	12.6067
496	12.6145
497	12.6146
498	12.6157
499	12.5993
500	12.5853
501	12.5732
502	12.5536
503	12.5435
504	12.5305
505	12.5444
506	12.5473
507	12.5287
508	12.5193
509	12.5097
510	12.5232
511	12.5214
512	12.5152
513	12.5181
514	12.5042
515	12.5246
516	12.5314
517	12.5194
518	12.5422
519	12.5397
520	12.5456
521	12.538
522	12.5198
523	12.5142
524	12.4968
525	12.5074
526	12.49
527	12.482
528	12.4709
529	12.4601
530	12.4548
531	12.4497
532	12.4566
533	12.4461
534	12.4393
535	12.4263
536	12.4167
537	12.4089
538	12.3928
539	12.3935
540	12.3895
541	12.3722
542	12.3727
543	12.3589
544	12.3733
545	12.3626
546	12.3532
547	12.3388
548	12.3423
549	12.3567
550	12.4568
551	12.4586
552	12.445
553	12.4792
554	12.4724
555	12.4559
556	12.473
557	12.4847
558	12.4884
559	12.4978
560	12.5261
561	12.5188
562	12.5263
563	12.5201
564	12.5117
565	12.4944
566	12.484
567	12.4817
568	12.4853
569	12.5114
570	12.508
571	12.4898
572	12.4815
573	12.4738
574	12.4594
575	12.454
576	12.4486
577	12.4415
578	12.4435
579	12.4642
580	12.4707
581	12.469
582	12.4736
583	12.4724
584	12.4592
585	12.445
586	12.4562
587	12.4957
588	12.4976
589	12.5255
590	12.5259
591	12.5378
592	12.5353
593	12.5482
594	12.5405
595	12.5342
596	12.5242
597	12.5414
598	12.5411
599	12.5355
600	12.5243
601	12.5167
602	12.5061
603	12.5053
604	12.5188
605	12.5088
606	12.4928
607	12.4954
608	12.4789
609	12.4864
610	12.4823
611	12.4694
612	12.4525
613	12.4849
614	12.5071
615	12.4977
616	12.4842
617	12.4807
618	12.4703
619	12.4689
620	12.4701
621	12.5353
622	12.5365
623	12.5263
624	12.5208
625	12.5124
626	12.5027
627	12.4913
628	12.489
629	12.4757
630	12.4758
631	12.4625
632	12.4533
633	12.4517
634	12.4591
635	12.4545
636	12.4435
637	12.4552
638	12.449
639	12.4524
640	12.4427
641	12.4488
642	12.4422
643	12.4586
644	12.4466
645	12.4308
646	12.4347
647	12.431
648	12.4223
649	12.4218
650	12.4157
651	12.4063
652	12.4044
653	12.4318
654	12.4205
655	12.4069
656	12.3989
657	12.4001
658	12.397
659	12.3849
660	12.4142
661	12.4154
662	12.404
663	12.3949
664	12.3932
665	12.3848
666	12.376
667	12.3665
668	12.3568
669	12.3483
670	12.3349
671	12.3205
672	12.3253
673	12.3123
674	12.3048
675	12.3021
676	12.3024
677	12.2986
678	12.3021
679	12.3087
680	12.3699
681	12.3863
682	12.3773
683	12.375
684	12.367
685	12.3595
686	12.3506
687	12.3366
688	12.3258
689	12.317
690	12.3091
691	12.3055
692	12.2957
693	12.2896
694	12.2862
695	12.2782
696	12.2726
697	12.2846
698	12.2927
699	12.2852
700	12.2766
701	12.2687
702	12.2604
703	12.2505
704	12.2405
705	12.2342
706	12.2263
707	12.2315
708	12.221
709	12.2136
710	12.2067
711	12.1983
712	12.1957
713	12.188
714	12.1795
715	12.1729
716	12.1665
717	12.1608
718	12.1582
719	12.1548
720	12.1696
721	12.2068
722	12.2187
723	12.2143
724	12.2044
725	12.193
726	12.1933
727	12.2027
728	12.194
729	12.1924
730	12.1823
731	12.184
732	12.184
733	12.1733
734	12.1606
735	12.1636
736	12.1664
737	12.1658
738	12.1752
739	12.1759
740	12.1653
741	12.1572
742	12.1491
743	12.1461
744	12.1419
745	12.1343
746	12.1403
747	12.1337
748	12.1271
749	12.1172
750	12.1159
751	12.1075
752	12.1006
753	12.094
754	12.0907
755	12.09
756	12.0867
757	12.0895
758	12.1071
759	12.1301
760	12.1261
761	12.1298
762	12.1216
763	12.1186
764	12.1102
765	12.1129
766	12.1112
767	12.1046
768	12.0949
769	12.087
770	12.0911
771	12.0817
772	12.0861
773	12.0805
774	12.0691
775	12.0572
776	12.0535
777	12.0518
778	12.0436
779	12.0449
780	12.0498
781	12.0477
782	12.0414
783	12.0451
784	12.0564
785	12.0482
786	12.0476
787	12.0419
788	12.0332
789	12.0338
790	12.074
791	12.0922
792	12.0877
793	12.0796
794	12.0721
795	12.0673
796	12.0642
797	12.0901
798	12.1443
799	12.1627
800	12.1597
801	12.1546
802	12.1816
803	12.2535
804	12.2839
805	12.314
806	12.309
807	12.3068
808	12.3018
809	12.2978
810	12.3014
811	12.3214
812	12.3213
813	12.3135
814	12.307
815	12.3005
816	12.2948
817	12.2961
818	12.3179
819	12.3104
820	12.2989
821	12.2903
822	12.2835
823	12.2731
824	12.2607
825	12.2663
826	12.2575
827	12.2604
828	12.2517
829	12.2566
830	12.2486
831	12.2402
832	12.2349
833	12.237
834	12.2539
835	12.2476
836	12.2463
837	12.2393
838	12.2333
839	12.2325
840	12.234
841	12.2261
842	12.219
843	12.2094
844	12.2012
845	12.1941
846	12.199
847	12.1973
848	12.1969
849	12.1896
850	12.1919
851	12.2431
852	12.2534
853	12.256
854	12.2484
855	12.2397
856	12.2332
857	12.2247
858	12.217
859	12.205
860	12.2068
861	12.1974
862	12.1862
863	12.1761
864	12.1712
865	12.1693
866	12.1751
867	12.1682
868	12.1611
869	12.1623
870	12.1542
871	12.1514
872	12.1492
873	12.1457
874	12.1605
875	12.1599
876	12.1494
877	12.1561
878	12.1596
879	12.1504
880	12.1391
881	12.1304
882	12.1186
883	12.1197
884	12.1188
885	12.1124
886	12.1068
887	12.0957
888	12.0891
889	12.0811
890	12.0724
891	12.065
892	12.0593
893	12.0568
894	12.0631
895	12.0533
896	12.0484
897	12.0405
898	12.0437
899	12.0412
900	12.0622
901	12.0638
902	12.0624
903	12.0541
904	12.0532
905	12.0534
906	12.0535
907	12.0518
908	12.0508
909	12.0487
910	12.0404
911	12.04
912	12.0353
913	12.0371
914	12.0378
915	12.0311
916	12.0292
917	12.0239
918	12.0213
919	12.0123
920	12.0168
921	12.0156
922	12.0104
923	12.0059
924	12.0111
925	12.0274
926	12.0245
927	12.0144
928	12.0036
929	11.9996
930	12.004
931	12.0012
932	12.0448
933	12.1056
934	12.1257
935	12.1218
936	12.1222
937	12.1222
938	12.1213
939	12.1161
940	12.1094
941	12.1067
942	12.0983
943	12.0972
944	12.0956
945	12.0882
946	12.0849
947	12.0818
948	12.0751
949	12.0672
950	12.0682
951	12.0681
952	12.0633
953	12.059
954	12.0565
955	12.0512
956	12.0447
957	12.0381
958	12.0302
959	12.0204
960	12.024
961	12.021
962	12.0156
963	12.0183
964	12.014
965	12.0056
966	12.007
967	11.9982
968	12.0035
969	12.0089
970	12.0014
971	11.9952
972	11.9963
973	11.9926
974	11.9935
975	11.9862
976	11.984
977	11.9762
978	11.9836
979	12.0162
980	12.0306
981	12.0238
982	12.0202
983	12.0144
984	12.0054
985	12.0144
986	12.0134
987	12.0105
988	12.0015
989	12.0042
990	12.0026
991	11.9991
992	11.9937
993	11.9883
994	11.9798
995	11.9733
996	11.9938
997	12.036
998	12.0659
999	12.0612
