0	0.491303
1	0.604158
2	0.607398
3	0.590684
4	0.576235
5	0.549191
6	0.516038
7	0.482101
8	0.476524
9	0.478324
10	0.461198
11	0.456566
12	0.446923
13	0.43734
14	0.428098
15	0.41866
16	0.428004
17	0.443979
18	0.443152
19	0.44307
20	0.441095
21	0.437143
22	0.43399
23	0.432442
24	0.429341
25	0.424114
26	0.418704
27	0.425315
28	0.422642
29	0.419426
30	0.416347
31	0.411127
32	0.405997
33	0.399738
34	0.397133
35	0.397147
36	0.395908
37	0.403464
38	0.400393
39	0.396249
40	0.394327
41	0.394119
42	0.389574
43	0.38834
44	0.385104
45	0.387066
46	0.390029
47	0.392607
48	0.389863
49	0.396273
50	0.394358
51	0.391861
52	0.391506
53	0.388593
54	0.389693
55	0.388725
56	0.388917
57	0.387907
58	0.389295
59	0.386346
60	0.386963
61	0.38484
62	0.381452
63	0.380837
64	0.381684
65	0.381251
66	0.380994
67	0.383585
68	0.383298
69	0.382616
70	0.382796
71	0.381578
72	0.379701
73	0.380837
74	0.384909
75	0.382586
76	0.385478
77	0.384802
78	0.385418
79	0.382914
80	0.385371
81	0.384463
82	0.385727
83	0.388938
84	0.38942
85	0.387927
86	0.390249
87	0.390089
88	0.391111
89	0.388792
90	0.386759
91	0.385991
92	0.385752
93	0.386676
94	0.384711
95	0.384499
96	0.384993
97	0.385219
98	0.384307
99	0.384522
100	0.384777
101	0.383991
102	0.383822
103	0.383689
104	0.382371
105	0.381648
106	0.381792
107	0.381076
108	0.38166
109	0.381612
110	0.38141
111	0.380861
112	0.382677
113	0.382559
114	0.382631
115	0.382925
116	0.381289
117	0.384823
118	0.385589
119	0.384914
120	0.385991
121	0.384996
122	0.385027
123	0.384887
124	0.384006
125	0.383642
126	0.382852
127	0.385333
128	0.385566
129	0.385328
130	0.385186
131	0.384231
132	0.385163
133	0.38442
134	0.383283
135	0.383118
136	0.383516
137	0.384557
138	0.387271
139	0.388054
140	0.38819
141	0.386939
142	0.386597
143	0.386698
144	0.385975
145	0.385454
146	0.385391
147	0.384797
148	0.384588
149	0.38372
150	0.384361
151	0.383578
152	0.384397
153	0.384998
154	0.384911
155	0.384475
156	0.384657
157	0.384397
158	0.384899
159	0.384659
160	0.383416
161	0.386607
162	0.386836
163	0.387606
164	0.387368
165	0.388071
166	0.387845
167	0.386703
168	0.386745
169	0.3861
170	0.385746
171	0.385619
172	0.385585
173	0.386326
174	0.386257
175	0.38662
176	0.385755
177	0.385622
178	0.385568
179	0.385532
180	0.385431
181	0.384236
182	0.383486
183	0.383255
184	0.383772
185	0.383442
186	0.38338
187	0.382489
188	0.381863
189	0.381414
190	0.38084
191	0.380891
192	0.379876
193	0.380077
194	0.379748
195	0.379795
196	0.379172
197	0.37912
198	0.379289
199	0.378811
200	0.378345
201	0.37785
202	0.377542
203	0.377625
204	0.377545
205	0.378326
206	0.377957
207	0.377631
208	0.377725
209	0.377052
210	0.376779
211	0.377002
212	0.376714
213	0.377604
214	0.377824
215	0.377519
216	0.377504
217	0.377626
218	0.376905
219	0.377117
220	0.377082
221	0.376622
222	0.376378
223	0.375803
224	0.375654
225	0.375219
226	0.375189
227	0.374898
228	0.374416
229	0.373985
230	0.375989
231	0.375529
232	0.374524
233	0.375038
234	0.374737
235	0.375244
236	0.375381
237	0.374788
238	0.374518
239	0.375513
240	0.375293
241	0.374939
242	0.374901
243	0.374704
244	0.375591
245	0.375668
246	0.375856
247	0.375668
248	0.375259
249	0.375368
250	0.375478
251	0.375502
252	0.375477
253	0.3758
254	0.377052
255	0.377661
256	0.377346
257	0.377236
258	0.376572
259	0.375879
260	0.375618
261	0.375404
262	0.375548
263	0.375371
264	0.375594
265	0.375508
266	0.375664
267	0.375519
268	0.37527
269	0.376039
270	0.376921
271	0.376476
272	0.376015
273	0.376042
274	0.376293
275	0.376328
276	0.376016
277	0.375826
278	0.376104
279	0.376328
280	0.377217
281	0.377197
282	0.377149
283	0.377472
284	0.377309
285	0.37728
286	0.376966
287	0.37658
288	0.37711
289	0.376373
290	0.376446
291	0.37682
292	0.377191
293	0.377282
294	0.37755
295	0.377762
296	0.378579
297	0.378804
298	0.379632
299	0.38029
300	0.379798
301	0.379445
302	0.379504
303	0.379073
304	0.379527
305	0.379558
306	0.379324
307	0.379583
308	0.379512
309	0.37901
310	0.379266
311	0.379376
312	0.37933
313	0.378766
314	0.37861
315	0.378694
316	0.379328
317	0.379791
318	0.379401
319	0.379385
320	0.38009
321	0.379539
322	0.379724
323	0.380264
324	0.380981
325	0.380783
326	0.380649
327	0.380939
328	0.380446
329	0.380908
330	0.380675
331	0.380697
332	0.381141
333	0.381121
334	0.381027
335	0.380828
336	0.380277
337	0.37981
338	0.379755
339	0.379711
340	0.379292
341	0.379285
342	0.379674
343	0.379597
344	0.379796
345	0.379741
346	0.379577
347	0.379259
348	0.37943
349	0.379296
350	0.378914
351	0.37852
352	0.378727
353	0.378677
354	0.379027
355	0.378399
356	0.378293
357	0.378021
358	0.378194
359	0.378516
360	0.37929
361	0.378696
362	0.378847
363	0.378743
364	0.378954
365	0.379238
366	0.378831
367	0.378712
368	0.378683
369	0.37859
370	0.378246
371	0.378336
372	0.378371
373	0.378085
374	0.377886
375	0.377799
376	0.378057
377	0.377648
378	0.377427
379	0.377577
380	0.3776
381	0.377303
382	0.377164
383	0.376928
384	0.376884
385	0.376774
386	0.37684
387	0.377664
388	0.377431
389	0.377117
390	0.376594
391	0.376666
392	0.376575
393	0.376697
394	0.376313
395	0.376943
396	0.377122
397	0.376898
398	0.376801
399	0.376939
400	0.377163
401	0.377072
402	0.377497
403	0.377377
404	0.37723
405	0.377117
406	0.37699
407	0.376837
408	0.376813
409	0.376881
410	0.376705
411	0.377383
412	0.37703
413	0.378678
414	0.378043
415	0.377811
416	0.377359
417	0.377173
418	0.37725
419	0.377703
420	0.378066
421	0.378014
422	0.377737
423	0.378011
424	0.377893
425	0.377783
426	0.377618
427	0.377229
428	0.377016
429	0.377324
430	0.376909
431	0.376841
432	0.376624
433	0.376496
434	0.376866
435	0.37639
436	0.37625
437	0.37628
438	0.376129
439	0.376035
440	0.375925
441	0.375557
442	0.375308
443	0.375237
444	0.375357
445	0.375492
446	0.375592
447	0.375508
448	0.37537
449	0.375211
450	0.375095
451	0.374889
452	0.374672
453	0.374533
454	0.374327
455	0.374515
456	0.37424
457	0.373766
458	0.373794
459	0.373715
460	0.373541
461	0.37356
462	0.373653
463	0.373359
464	0.373412
465	0.373624
466	0.373242
467	0.373565
468	0.373934
469	0.373798
470	0.373449
471	0.373461
472	0.373296
473	0.37363
474	0.373363
475	0.373259
476	0.373434
477	0.373245
478	0.373573
479	0.373565
480	0.373765
481	0.373802
482	0.373824
483	0.37388
484	0.374403
485	0.374148
486	0.374583
487	0.374944
488	0.374936
489	0.375199
490	0.375151
491	0.375608
492	0.375656
493	0.375556
494	0.375788
495	0.375706
496	0.376062
497	0.376002
498	0.376019
499	0.37577
500	0.375864
501	0.375791
502	0.375455
503	0.375346
504	0.375211
505	0.376197
506	0.376263
507	0.376124
508	0.375921
509	0.375675
510	0.375924
511	0.375802
512	0.375858
513	0.376245
514	0.376287
515	0.376437
516	0.376578
517	0.376524
518	0.376605
519	0.376565
520	0.376778
521	0.376812
522	0.376557
523	0.376381
524	0.37617
525	0.376987
526	0.37673
527	0.376808
528	0.376472
529	0.376542
530	0.376487
531	0.376305
532	0.376378
533	0.376084
534	0.376368
535	0.376095
536	0.375703
537	0.375621
538	0.375499
539	0.375698
540	0.375897
541	0.37561
542	0.375794
543	0.375565
544	0.376059
545	0.375882
546	0.376008
547	0.375742
548	0.375897
549	0.376119
550	0.376311
551	0.376139
552	0.376186
553	0.376254
554	0.376032
555	0.375759
556	0.375931
557	0.37599
558	0.376255
559	0.376314
560	0.376351
561	0.376236
562	0.376429
563	0.376219
564	0.376195
565	0.375992
566	0.376236
567	0.37627
568	0.376233
569	0.376334
570	0.376283
571	0.375957
572	0.3757
573	0.375682
574	0.375473
575	0.375209
576	0.375332
577	0.375192
578	0.375538
579	0.375786
580	0.375743
581	0.375451
582	0.375998
583	0.376072
584	0.375894
585	0.375735
586	0.375575
587	0.375723
588	0.37559
589	0.37543
590	0.375368
591	0.375585
592	0.375609
593	0.375641
594	0.375833
595	0.3756
596	0.37546
597	0.375309
598	0.375405
599	0.375346
600	0.375179
601	0.375102
602	0.374966
603	0.375102
604	0.375092
605	0.374972
606	0.374667
607	0.37461
608	0.374397
609	0.374424
610	0.374243
611	0.373991
612	0.373929
613	0.373925
614	0.374048
615	0.373891
616	0.373766
617	0.374102
618	0.374001
619	0.374062
620	0.374179
621	0.374052
622	0.374119
623	0.374022
624	0.373963
625	0.37387
626	0.373978
627	0.373965
628	0.37417
629	0.374204
630	0.374178
631	0.374281
632	0.374189
633	0.374477
634	0.374458
635	0.374438
636	0.374232
637	0.374564
638	0.374315
639	0.37457
640	0.374462
641	0.374684
642	0.374483
643	0.374557
644	0.374434
645	0.374293
646	0.374336
647	0.374331
648	0.374412
649	0.374631
650	0.374626
651	0.374451
652	0.374563
653	0.374449
654	0.374138
655	0.373841
656	0.373744
657	0.373713
658	0.373569
659	0.373449
660	0.373522
661	0.373412
662	0.373385
663	0.373218
664	0.373335
665	0.373242
666	0.373195
667	0.373113
668	0.3731
669	0.373103
670	0.372884
671	0.37281
672	0.372935
673	0.372689
674	0.372673
675	0.372755
676	0.372736
677	0.372732
678	0.372775
679	0.373015
680	0.373081
681	0.372995
682	0.372651
683	0.372965
684	0.372914
685	0.372956
686	0.372937
687	0.372663
688	0.372622
689	0.37242
690	0.372386
691	0.372511
692	0.372552
693	0.372522
694	0.37262
695	0.372346
696	0.372335
697	0.372271
698	0.372197
699	0.372231
700	0.372363
701	0.372246
702	0.372204
703	0.372114
704	0.372238
705	0.372187
706	0.372233
707	0.372296
708	0.372206
709	0.372182
710	0.372031
711	0.371961
712	0.371766
713	0.371514
714	0.371478
715	0.371382
716	0.37128
717	0.371416
718	0.371436
719	0.371351
720	0.371292
721	0.371554
722	0.371556
723	0.37158
724	0.371559
725	0.371328
726	0.371401
727	0.37164
728	0.371409
729	0.371364
730	0.371172
731	0.371105
732	0.37139
733	0.371239
734	0.370997
735	0.370867
736	0.371174
737	0.371014
738	0.371199
739	0.371225
740	0.371232
741	0.37105
742	0.371037
743	0.371026
744	0.370998
745	0.370801
746	0.370844
747	0.370683
748	0.371004
749	0.371002
750	0.370921
751	0.370799
752	0.370655
753	0.370629
754	0.37077
755	0.370807
756	0.370687
757	0.37061
758	0.370566
759	0.37066
760	0.370749
761	0.370662
762	0.370644
763	0.370591
764	0.370479
765	0.370779
766	0.370802
767	0.370572
768	0.370488
769	0.370433
770	0.370492
771	0.370324
772	0.370582
773	0.370367
774	0.37033
775	0.370141
776	0.370117
777	0.369939
778	0.369807
779	0.370043
780	0.369915
781	0.369837
782	0.369687
783	0.369895
784	0.369852
785	0.369909
786	0.369737
787	0.369678
788	0.369567
789	0.369755
790	0.369882
791	0.370113
792	0.370208
793	0.37017
794	0.369957
795	0.369859
796	0.369926
797	0.370039
798	0.370286
799	0.370753
800	0.370594
801	0.370664
802	0.371106
803	0.37098
804	0.371016
805	0.371097
806	0.37101
807	0.370926
808	0.370917
809	0.370939
810	0.371343
811	0.37127
812	0.371155
813	0.371192
814	0.37117
815	0.371306
816	0.371277
817	0.37145
818	0.371596
819	0.371432
820	0.371247
821	0.371124
822	0.370987
823	0.370886
824	0.370704
825	0.370869
826	0.370721
827	0.370629
828	0.370515
829	0.370709
830	0.37058
831	0.370473
832	0.370396
833	0.370812
834	0.370883
835	0.370801
836	0.370716
837	0.370635
838	0.370559
839	0.370677
840	0.370642
841	0.370574
842	0.370468
843	0.3703
844	0.370243
845	0.370107
846	0.37016
847	0.370221
848	0.370309
849	0.370273
850	0.370817
851	0.370933
852	0.370828
853	0.370733
854	0.370638
855	0.370502
856	0.37055
857	0.37045
858	0.370421
859	0.370341
860	0.370279
861	0.370035
862	0.369843
863	0.369764
864	0.369746
865	0.369648
866	0.370056
867	0.370157
868	0.370026
869	0.37009
870	0.370064
871	0.370155
872	0.370202
873	0.370055
874	0.370124
875	0.369991
876	0.369942
877	0.370213
878	0.370066
879	0.369787
880	0.369759
881	0.369686
882	0.369556
883	0.369538
884	0.3695
885	0.369317
886	0.369331
887	0.369119
888	0.369158
889	0.369063
890	0.36897
891	0.368902
892	0.368827
893	0.368864
894	0.369112
895	0.368948
896	0.368992
897	0.368766
898	0.369002
899	0.368994
900	0.369821
901	0.369696
902	0.369764
903	0.369555
904	0.369669
905	0.369628
906	0.369654
907	0.369871
908	0.36984
909	0.369782
910	0.369636
911	0.369839
912	0.36982
913	0.369954
914	0.369981
915	0.369981
916	0.370028
917	0.370008
918	0.370067
919	0.369888
920	0.369981
921	0.37002
922	0.369939
923	0.369985
924	0.369862
925	0.369926
926	0.369948
927	0.369782
928	0.369629
929	0.369622
930	0.369754
931	0.369848
932	0.370134
933	0.370165
934	0.370189
935	0.370163
936	0.370765
937	0.370574
938	0.370759
939	0.370775
940	0.3707
941	0.370782
942	0.370742
943	0.370933
944	0.370852
945	0.370779
946	0.370676
947	0.370672
948	0.370577
949	0.370407
950	0.370419
951	0.370412
952	0.37054
953	0.370606
954	0.3706
955	0.370738
956	0.370583
957	0.370512
958	0.370492
959	0.370398
960	0.370504
961	0.370537
962	0.370559
963	0.370543
964	0.370462
965	0.370288
966	0.370322
967	0.370197
968	0.37025
969	0.370177
970	0.369995
971	0.369852
972	0.369813
973	0.369791
974	0.369651
975	0.369558
976	0.369514
977	0.369421
978	0.369647
979	0.369929
980	0.370159
981	0.370089
982	0.37037
983	0.370314
984	0.370193
985	0.370286
986	0.370284
987	0.370125
988	0.36993
989	0.369854
990	0.36991
991	0.36989
992	0.370164
993	0.370067
994	0.369913
995	0.369812
996	0.369959
997	0.370119
998	0.369993
999	0.370022
