0	1.0183
1	1.24829
2	1.24606
3	1.21848
4	1.18475
5	1.14197
6	1.08515
7	1.02578
8	1.02069
9	1.01813
10	0.986985
11	0.975552
12	0.956809
13	0.942801
14	0.923462
15	0.904979
16	0.924087
17	0.956356
18	0.957973
19	0.955851
20	0.949173
21	0.942989
22	0.935063
23	0.932148
24	0.92641
25	0.915453
26	0.904919
27	0.917966
28	0.913304
29	0.908094
30	0.903102
31	0.89373
32	0.8863
33	0.87427
34	0.868503
35	0.869487
36	0.867562
37	0.883137
38	0.878893
39	0.872801
40	0.870593
41	0.869803
42	0.860658
43	0.856253
44	0.849786
45	0.853549
46	0.859311
47	0.864463
48	0.859874
49	0.873874
50	0.870028
51	0.865393
52	0.865202
53	0.859272
54	0.861083
55	0.858987
56	0.860536
57	0.858732
58	0.861808
59	0.855592
60	0.857915
61	0.854577
62	0.847775
63	0.847128
64	0.848881
65	0.847509
66	0.847144
67	0.853532
68	0.852873
69	0.851403
70	0.852281
71	0.849915
72	0.846112
73	0.850235
74	0.859321
75	0.853578
76	0.860213
77	0.858321
78	0.859052
79	0.854463
80	0.857968
81	0.856133
82	0.858777
83	0.865422
84	0.867164
85	0.863897
86	0.868349
87	0.867658
88	0.869966
89	0.865865
90	0.860919
91	0.858917
92	0.858086
93	0.859831
94	0.85568
95	0.855533
96	0.856265
97	0.856618
98	0.854958
99	0.855351
100	0.856046
101	0.853564
102	0.853115
103	0.85335
104	0.850643
105	0.849395
106	0.849318
107	0.847905
108	0.849189
109	0.848649
110	0.848778
111	0.848093
112	0.8524
113	0.851887
114	0.851808
115	0.852477
116	0.849206
117	0.856105
118	0.858294
119	0.857071
120	0.859581
121	0.857002
122	0.856368
123	0.856114
124	0.854717
125	0.853939
126	0.851774
127	0.856934
128	0.85692
129	0.856648
130	0.856308
131	0.854348
132	0.856004
133	0.854261
134	0.851933
135	0.851971
136	0.852908
137	0.854847
138	0.860981
139	0.863104
140	0.863499
141	0.861254
142	0.860545
143	0.860847
144	0.859683
145	0.858415
146	0.858102
147	0.856356
148	0.855598
149	0.85368
150	0.85434
151	0.852925
152	0.854561
153	0.855461
154	0.855166
155	0.854615
156	0.855033
157	0.854468
158	0.855286
159	0.854774
160	0.852515
161	0.85899
162	0.859463
163	0.861414
164	0.860506
165	0.861816
166	0.861476
167	0.859086
168	0.858872
169	0.857521
170	0.857322
171	0.857389
172	0.857071
173	0.858548
174	0.858203
175	0.858661
176	0.857574
177	0.856935
178	0.856757
179	0.856304
180	0.856172
181	0.853805
182	0.852774
183	0.851971
184	0.852683
185	0.851835
186	0.851775
187	0.85013
188	0.848339
189	0.847295
190	0.846203
191	0.84611
192	0.844072
193	0.844684
194	0.843865
195	0.843879
196	0.842163
197	0.84217
198	0.842463
199	0.841997
200	0.841194
201	0.84033
202	0.83953
203	0.839446
204	0.839132
205	0.840708
206	0.839783
207	0.838849
208	0.839162
209	0.837711
210	0.837113
211	0.837493
212	0.83684
213	0.838744
214	0.839063
215	0.8384
216	0.838652
217	0.838721
218	0.837057
219	0.837795
220	0.837611
221	0.836824
222	0.836076
223	0.834863
224	0.834656
225	0.833839
226	0.833689
227	0.832831
228	0.83172
229	0.831251
230	0.835662
231	0.834643
232	0.832546
233	0.833474
234	0.832819
235	0.833768
236	0.834035
237	0.833102
238	0.832402
239	0.834281
240	0.833787
241	0.833119
242	0.833127
243	0.832543
244	0.834305
245	0.834239
246	0.834832
247	0.834416
248	0.833802
249	0.834007
250	0.834181
251	0.834069
252	0.833882
253	0.83417
254	0.83685
255	0.838073
256	0.837671
257	0.837583
258	0.836251
259	0.834964
260	0.834358
261	0.8343
262	0.834479
263	0.834093
264	0.834443
265	0.83442
266	0.834803
267	0.83441
268	0.833649
269	0.835053
270	0.836705
271	0.836007
272	0.835223
273	0.835189
274	0.835553
275	0.83562
276	0.834898
277	0.834436
278	0.834782
279	0.83558
280	0.837403
281	0.837211
282	0.836861
283	0.837357
284	0.836963
285	0.83725
286	0.836446
287	0.835652
288	0.836852
289	0.835594
290	0.835587
291	0.836289
292	0.837147
293	0.837418
294	0.837818
295	0.838282
296	0.839845
297	0.840316
298	0.841726
299	0.842996
300	0.841835
301	0.84105
302	0.841396
303	0.840438
304	0.841333
305	0.841567
306	0.841162
307	0.841821
308	0.841565
309	0.840461
310	0.841181
311	0.841555
312	0.841229
313	0.840124
314	0.839613
315	0.839567
316	0.841046
317	0.842425
318	0.841684
319	0.841532
320	0.842936
321	0.841943
322	0.842228
323	0.843395
324	0.844999
325	0.844707
326	0.844283
327	0.844914
328	0.844154
329	0.844716
330	0.844254
331	0.844263
332	0.845391
333	0.845312
334	0.84506
335	0.844415
336	0.843228
337	0.842326
338	0.842146
339	0.842005
340	0.841098
341	0.841
342	0.841729
343	0.841403
344	0.841641
345	0.841522
346	0.841078
347	0.840404
348	0.840843
349	0.840601
350	0.839822
351	0.839028
352	0.839612
353	0.839548
354	0.84034
355	0.839271
356	0.839121
357	0.838568
358	0.8387
359	0.839046
360	0.84066
361	0.839704
362	0.83983
363	0.839454
364	0.839928
365	0.840482
366	0.839649
367	0.839637
368	0.839436
369	0.83919
370	0.838451
371	0.838605
372	0.838883
373	0.838273
374	0.837818
375	0.837729
376	0.838374
377	0.837665
378	0.837277
379	0.837659
380	0.837742
381	0.837196
382	0.837021
383	0.836452
384	0.836343
385	0.836078
386	0.836071
387	0.837611
388	0.837142
389	0.836549
390	0.835597
391	0.835781
392	0.835366
393	0.835563
394	0.834821
395	0.836264
396	0.836725
397	0.836369
398	0.83623
399	0.836445
400	0.836848
401	0.836744
402	0.837605
403	0.837282
404	0.836741
405	0.836479
406	0.835965
407	0.835632
408	0.835561
409	0.835642
410	0.835257
411	0.836713
412	0.836147
413	0.839638
414	0.838491
415	0.838004
416	0.836984
417	0.836603
418	0.836817
419	0.837876
420	0.838646
421	0.838449
422	0.837927
423	0.838492
424	0.838203
425	0.838015
426	0.83758
427	0.836666
428	0.836259
429	0.836729
430	0.83587
431	0.835731
432	0.835222
433	0.835052
434	0.835649
435	0.8349
436	0.834439
437	0.834457
438	0.834102
439	0.833728
440	0.833387
441	0.832553
442	0.832133
443	0.831856
444	0.831931
445	0.832274
446	0.83237
447	0.83216
448	0.831909
449	0.831561
450	0.831206
451	0.8309
452	0.830486
453	0.830049
454	0.829583
455	0.829838
456	0.829285
457	0.828404
458	0.828462
459	0.828312
460	0.827931
461	0.827786
462	0.827955
463	0.827432
464	0.827553
465	0.827925
466	0.827171
467	0.827894
468	0.828571
469	0.828316
470	0.827508
471	0.827344
472	0.827098
473	0.827787
474	0.827298
475	0.826993
476	0.827351
477	0.826999
478	0.827613
479	0.827388
480	0.827867
481	0.827913
482	0.827946
483	0.828117
484	0.829286
485	0.828775
486	0.829582
487	0.830332
488	0.830293
489	0.830791
490	0.830665
491	0.831764
492	0.831713
493	0.83145
494	0.831873
495	0.831822
496	0.832548
497	0.832537
498	0.832608
499	0.832208
500	0.832504
501	0.832417
502	0.831795
503	0.831546
504	0.831233
505	0.833278
506	0.833348
507	0.833102
508	0.832747
509	0.832232
510	0.832707
511	0.832462
512	0.832576
513	0.833324
514	0.833468
515	0.833727
516	0.834011
517	0.833946
518	0.833868
519	0.8338
520	0.834074
521	0.834191
522	0.833658
523	0.833205
524	0.832832
525	0.834681
526	0.834157
527	0.834295
528	0.833677
529	0.833766
530	0.833652
531	0.833271
532	0.833316
533	0.832695
534	0.833332
535	0.832826
536	0.832068
537	0.831891
538	0.831737
539	0.832141
540	0.832524
541	0.832015
542	0.83234
543	0.832009
544	0.833116
545	0.832689
546	0.832972
547	0.832501
548	0.832728
549	0.833096
550	0.833495
551	0.833175
552	0.833279
553	0.833368
554	0.832869
555	0.832431
556	0.832739
557	0.832844
558	0.833442
559	0.833446
560	0.833413
561	0.833137
562	0.833608
563	0.833212
564	0.833152
565	0.832829
566	0.833302
567	0.833341
568	0.833203
569	0.833322
570	0.833249
571	0.832754
572	0.832211
573	0.832067
574	0.831731
575	0.831212
576	0.831442
577	0.83112
578	0.831742
579	0.832309
580	0.832185
581	0.831508
582	0.832752
583	0.83283
584	0.832461
585	0.832165
586	0.831894
587	0.832116
588	0.83172
589	0.831466
590	0.831267
591	0.831638
592	0.83169
593	0.831646
594	0.831955
595	0.831372
596	0.830986
597	0.830506
598	0.830638
599	0.830519
600	0.830226
601	0.83001
602	0.829837
603	0.830071
604	0.829983
605	0.829808
606	0.829241
607	0.829012
608	0.828665
609	0.828706
610	0.828337
611	0.827866
612	0.827882
613	0.827725
614	0.82799
615	0.82761
616	0.827513
617	0.828256
618	0.82797
619	0.828167
620	0.828296
621	0.82799
622	0.828121
623	0.827942
624	0.827795
625	0.827599
626	0.827951
627	0.827943
628	0.8284
629	0.828564
630	0.828501
631	0.82886
632	0.828657
633	0.829245
634	0.829193
635	0.829121
636	0.828731
637	0.829377
638	0.828934
639	0.829381
640	0.829204
641	0.829579
642	0.829185
643	0.829281
644	0.829201
645	0.828979
646	0.828984
647	0.828992
648	0.829155
649	0.829705
650	0.829655
651	0.829239
652	0.829528
653	0.829222
654	0.828637
655	0.828033
656	0.827897
657	0.827781
658	0.827479
659	0.827197
660	0.827194
661	0.827006
662	0.826951
663	0.826559
664	0.826825
665	0.82666
666	0.82656
667	0.826451
668	0.826502
669	0.826532
670	0.826064
671	0.826056
672	0.82621
673	0.825808
674	0.825828
675	0.825935
676	0.825858
677	0.825856
678	0.825887
679	0.826343
680	0.826344
681	0.826104
682	0.825442
683	0.826198
684	0.826075
685	0.826142
686	0.826018
687	0.825518
688	0.825435
689	0.82504
690	0.824906
691	0.825277
692	0.825356
693	0.825324
694	0.825529
695	0.824917
696	0.824897
697	0.824782
698	0.824588
699	0.824673
700	0.825028
701	0.824736
702	0.824642
703	0.824482
704	0.824807
705	0.824716
706	0.824854
707	0.824897
708	0.824773
709	0.824743
710	0.824479
711	0.824266
712	0.823869
713	0.823377
714	0.823235
715	0.822981
716	0.822724
717	0.822994
718	0.822977
719	0.82276
720	0.822584
721	0.823182
722	0.823255
723	0.823284
724	0.823264
725	0.822902
726	0.822971
727	0.823484
728	0.823046
729	0.822927
730	0.82263
731	0.822438
732	0.822963
733	0.822667
734	0.822195
735	0.821903
736	0.822515
737	0.822131
738	0.822436
739	0.822544
740	0.82261
741	0.822186
742	0.822138
743	0.822039
744	0.821992
745	0.821514
746	0.82159
747	0.821261
748	0.822006
749	0.822026
750	0.821733
751	0.821494
752	0.821196
753	0.821049
754	0.821265
755	0.821352
756	0.821065
757	0.820831
758	0.820668
759	0.82083
760	0.820993
761	0.820795
762	0.820803
763	0.820681
764	0.820494
765	0.821113
766	0.821187
767	0.820679
768	0.820575
769	0.820452
770	0.820554
771	0.820208
772	0.820668
773	0.820216
774	0.82026
775	0.819961
776	0.819852
777	0.819481
778	0.819238
779	0.819719
780	0.819381
781	0.819243
782	0.818873
783	0.819219
784	0.81917
785	0.819349
786	0.818986
787	0.818794
788	0.818578
789	0.81891
790	0.819158
791	0.819663
792	0.819855
793	0.819758
794	0.819274
795	0.819058
796	0.81915
797	0.819266
798	0.81968
799	0.820667
800	0.820371
801	0.820546
802	0.821325
803	0.820976
804	0.820999
805	0.821126
806	0.820931
807	0.820712
808	0.820737
809	0.820863
810	0.82166
811	0.821462
812	0.821191
813	0.821324
814	0.821304
815	0.821542
816	0.821539
817	0.821871
818	0.82214
819	0.821774
820	0.821458
821	0.82121
822	0.820956
823	0.820851
824	0.820488
825	0.820812
826	0.820454
827	0.820199
828	0.819955
829	0.82043
830	0.820216
831	0.82009
832	0.819852
833	0.820741
834	0.820849
835	0.820691
836	0.820566
837	0.820357
838	0.820223
839	0.820399
840	0.820245
841	0.820171
842	0.82004
843	0.819708
844	0.819574
845	0.819299
846	0.819405
847	0.819524
848	0.819657
849	0.819576
850	0.820786
851	0.821028
852	0.820773
853	0.820502
854	0.820323
855	0.819976
856	0.820074
857	0.819859
858	0.819796
859	0.819691
860	0.819491
861	0.819061
862	0.818714
863	0.818539
864	0.818534
865	0.81839
866	0.819315
867	0.819557
868	0.819274
869	0.819332
870	0.819281
871	0.819457
872	0.819468
873	0.819188
874	0.819272
875	0.818973
876	0.818936
877	0.819491
878	0.819223
879	0.818696
880	0.818755
881	0.818631
882	0.818482
883	0.818416
884	0.818234
885	0.817872
886	0.817917
887	0.817506
888	0.817578
889	0.817389
890	0.817192
891	0.817034
892	0.816843
893	0.816879
894	0.817419
895	0.817139
896	0.817204
897	0.816733
898	0.817241
899	0.817264
900	0.819026
901	0.818732
902	0.818829
903	0.818431
904	0.818668
905	0.81855
906	0.81858
907	0.819042
908	0.818961
909	0.818787
910	0.818433
911	0.818871
912	0.818818
913	0.819079
914	0.819149
915	0.819183
916	0.819319
917	0.819216
918	0.819411
919	0.819078
920	0.819266
921	0.819304
922	0.819054
923	0.819194
924	0.818931
925	0.819034
926	0.819083
927	0.81885
928	0.818557
929	0.81858
930	0.818792
931	0.819026
932	0.819533
933	0.819576
934	0.81961
935	0.819595
936	0.820909
937	0.820545
938	0.820883
939	0.820922
940	0.820823
941	0.820972
942	0.820879
943	0.82133
944	0.8211
945	0.820968
946	0.820719
947	0.820678
948	0.82053
949	0.820228
950	0.820261
951	0.820237
952	0.820551
953	0.820675
954	0.820692
955	0.821019
956	0.820657
957	0.820544
958	0.820499
959	0.820348
960	0.820558
961	0.820636
962	0.820705
963	0.82066
964	0.820546
965	0.82018
966	0.82024
967	0.82004
968	0.820071
969	0.819895
970	0.819544
971	0.819176
972	0.819082
973	0.819035
974	0.818751
975	0.818573
976	0.818469
977	0.818274
978	0.818672
979	0.819251
980	0.819746
981	0.819626
982	0.820278
983	0.820141
984	0.819973
985	0.820099
986	0.82012
987	0.819818
988	0.819478
989	0.819268
990	0.819403
991	0.819353
992	0.81998
993	0.81979
994	0.819488
995	0.819316
996	0.819549
997	0.819813
998	0.819517
999	0.819608
