0	17.7358
1	11.184
2	11.1822
3	11.2984
4	10.5248
5	12.4204
6	11.6908
7	10.6499
8	10.0044
9	9.56601
10	11.1915
11	12.1653
12	11.7136
13	11.4658
14	11.2783
15	11.6817
16	11.4257
17	11.4387
18	11.1227
19	11.0661
20	10.9311
21	10.7901
22	10.6228
23	11.0703
24	10.682
25	10.5323
26	10.8127
27	11.3384
28	11.1882
29	11.0813
30	10.9417
31	10.7056
32	10.6188
33	10.8142
34	10.7939
35	10.8071
36	10.8557
37	11.0384
38	11.349
39	11.9028
40	11.8825
41	11.749
42	11.8923
43	11.7457
44	11.7088
45	12.1676
46	12.0314
47	12.0225
48	11.8964
49	11.6887
50	11.6284
51	11.561
52	11.5136
53	11.4412
54	11.2963
55	11.1894
56	11.0495
57	10.9663
58	10.8868
59	10.7476
60	10.7108
61	10.6345
62	10.5479
63	10.6741
64	10.7091
65	10.6755
66	10.5916
67	10.4965
68	10.476
69	10.4492
70	10.5532
71	10.504
72	10.4644
73	10.5061
74	10.4539
75	10.5164
76	10.9745
77	11.0088
78	11.1158
79	11.0523
80	10.9556
81	10.8939
82	11.0905
83	11.135
84	11.0599
85	11.121
86	11.2258
87	11.2509
88	11.1696
89	11.1266
90	11.4621
91	11.4147
92	11.3652
93	11.5233
94	11.902
95	12.0323
96	12.1043
97	12.1377
98	12.0721
99	12.0159
100	12.0357
101	12.166
102	12.4049
103	12.5325
104	12.501
105	12.4892
106	12.496
107	12.4954
108	12.5573
109	12.5607
110	12.5036
111	12.4209
112	12.4928
113	12.7497
114	13.0624
115	12.98
116	12.907
117	12.9396
118	12.8836
119	12.9429
120	12.8899
121	12.9111
122	12.9923
123	12.9122
124	12.9179
125	12.9234
126	12.9243
127	12.8619
128	12.8302
129	12.8117
130	12.7457
131	12.6748
132	12.7142
133	12.7059
134	12.6726
135	12.6809
136	12.6846
137	12.7318
138	12.6863
139	12.6579
140	12.5755
141	12.5945
142	12.5834
143	12.54
144	12.4797
145	12.4908
146	12.542
147	12.5735
148	12.5455
149	12.5199
150	12.5252
151	12.524
152	12.4949
153	12.4476
154	12.4955
155	12.5521
156	12.5094
157	12.4535
158	12.4933
159	12.5872
160	12.5462
161	12.6503
162	12.6589
163	12.6169
164	12.5762
165	12.5369
166	12.549
167	12.4834
168	12.5209
169	12.4916
170	12.4726
171	12.4422
172	12.4572
173	12.4244
174	12.412
175	12.3879
176	12.4184
177	12.4138
178	12.3655
179	12.3098
180	12.2728
181	12.2341
182	12.2103
183	12.1628
184	12.1479
185	12.1361
186	12.1129
187	12.0755
188	12.1004
189	12.1474
190	12.1101
191	12.0674
192	12.1427
193	12.1153
194	12.0851
195	12.0597
196	12.0234
197	12.0244
198	12.0341
199	12.0647
200	12.1606
201	12.1706
202	12.1937
203	12.1546
204	12.1474
205	12.0985
206	12.0706
207	12.0484
208	12.1242
209	12.2056
210	12.1644
211	12.1265
212	12.1048
213	12.0823
214	12.0453
215	12.0388
216	12.0406
217	12.0088
218	11.9923
219	11.965
220	11.9431
221	11.911
222	11.8897
223	11.8829
224	11.8476
225	11.8216
226	11.8465
227	11.8687
228	11.8789
229	11.8778
230	11.857
231	11.8164
232	11.815
233	11.7849
234	11.754
235	11.7191
236	11.6905
237	11.6723
238	11.6491
239	11.6337
240	11.6047
241	11.6889
242	11.7402
243	11.7454
244	11.758
245	11.8036
246	11.7835
247	11.7571
248	11.746
249	11.7591
250	11.7618
251	11.7428
252	11.7195
253	11.7158
254	11.6855
255	11.663
256	11.6523
257	11.6425
258	11.629
259	11.6026
260	11.5834
261	11.5476
262	11.5461
263	11.5412
264	11.5305
265	11.5476
266	11.56
267	11.5362
268	11.5152
269	11.5094
270	11.5057
271	11.4698
272	11.4982
273	11.5594
274	11.5486
275	11.5433
276	11.5192
277	11.5283
278	11.5035
279	11.4857
280	11.4627
281	11.4632
282	11.4455
283	11.4545
284	11.4691
285	11.4448
286	11.431
287	11.4232
288	11.4199
289	11.4454
290	11.4737
291	11.4446
292	11.4325
293	11.5392
294	11.7843
295	11.8696
296	11.8682
297	11.8891
298	11.8702
299	11.8659
300	11.8385
301	11.8391
302	11.8574
303	11.9126
304	11.8902
305	11.8702
306	11.8494
307	11.8159
308	11.858
309	11.8341
310	11.8304
311	11.8142
312	11.8082
313	11.8098
314	11.8418
315	11.8444
316	11.8603
317	11.8454
318	11.8289
319	11.8239
320	11.8111
321	11.7859
322	11.7679
323	11.8851
324	11.9957
325	12.0102
326	12.0517
327	12.0426
328	12.0363
329	12.0155
330	11.9886
331	11.9649
332	11.94
333	11.9163
334	11.901
335	11.9163
336	11.9072
337	11.8893
338	11.8707
339	11.8472
340	11.8212
341	11.8012
342	11.8077
343	11.7885
344	11.7784
345	11.7618
346	11.7818
347	11.7773
348	11.7549
349	11.7317
350	11.7279
351	11.7187
352	11.7042
353	11.6732
354	11.65
355	11.6263
356	11.6129
357	11.5891
358	11.5874
359	11.6263
360	11.6192
361	11.5991
362	11.6025
363	11.6003
364	11.5888
365	11.5687
366	11.5484
367	11.5554
368	11.5491
369	11.5437
370	11.5352
371	11.5156
372	11.5562
373	11.5464
374	11.5658
375	11.5432
376	11.5399
377	11.537
378	11.5356
379	11.5866
380	11.6038
381	11.5924
382	11.5881
383	11.5781
384	11.5797
385	11.5994
386	11.628
387	11.6257
388	11.5998
389	11.5997
390	11.5944
391	11.5861
392	11.5817
393	11.6155
394	11.6609
395	11.6458
396	11.6665
397	11.6428
398	11.6392
399	11.6218
