0	1.056
1	1.06538
2	1.10538
3	1.13051
4	1.13026
5	1.10176
6	1.09722
7	1.09237
8	1.07631
9	1.09676
10	1.10889
11	1.10848
12	1.1067
13	1.09981
14	1.10335
15	1.0975
16	1.10434
17	1.10138
18	1.10556
19	1.10797
20	1.10452
21	1.1077
22	1.11592
23	1.11409
24	1.11482
25	1.10941
26	1.10705
27	1.11167
28	1.1149
29	1.10884
30	1.10847
31	1.10958
32	1.11097
33	1.11034
34	1.11188
35	1.10883
36	1.10801
37	1.10649
38	1.10399
39	1.10397
40	1.10427
41	1.10222
42	1.09967
43	1.09635
44	1.09398
45	1.09787
46	1.09967
47	1.09774
48	1.10019
49	1.09824
50	1.09965
51	1.10195
52	1.10183
53	1.10017
54	1.09965
55	1.09887
56	1.10169
57	1.10202
58	1.10139
59	1.10294
60	1.10207
61	1.10141
62	1.10136
63	1.10009
64	1.1013
65	1.1016
66	1.10188
67	1.10262
68	1.10074
69	1.10276
70	1.10037
71	1.10143
72	1.10184
73	1.09993
74	1.10043
75	1.10158
76	1.10074
77	1.10039
78	1.10122
79	1.10246
80	1.10163
81	1.10136
82	1.10302
83	1.10382
84	1.10337
85	1.10267
86	1.10276
87	1.10319
88	1.10136
89	1.10216
90	1.10228
91	1.10203
92	1.10264
93	1.10128
94	1.10224
95	1.10277
96	1.10181
97	1.10219
98	1.10196
99	1.10245
100	1.10196
101	1.10177
102	1.10121
103	1.10111
104	1.10072
105	1.10155
106	1.10181
107	1.1015
108	1.10341
109	1.10361
110	1.10487
111	1.10491
112	1.10578
113	1.10543
114	1.10512
115	1.10416
116	1.1046
117	1.10495
118	1.10397
119	1.10343
120	1.10407
121	1.10465
122	1.10632
123	1.10605
124	1.10606
125	1.10563
126	1.106
127	1.10495
128	1.10398
129	1.10426
130	1.10403
131	1.10426
132	1.10394
133	1.10363
134	1.10221
135	1.10253
136	1.10285
137	1.10342
138	1.10371
139	1.10422
140	1.10391
141	1.10358
142	1.10356
143	1.10346
144	1.10322
145	1.1032
146	1.10312
147	1.10404
148	1.10412
149	1.10372
150	1.10433
151	1.10472
152	1.10456
153	1.10509
154	1.1053
155	1.10444
156	1.10459
157	1.10493
158	1.10489
159	1.10479
160	1.10477
161	1.10478
162	1.10514
163	1.10519
164	1.10525
165	1.10477
166	1.10477
167	1.10421
168	1.10509
169	1.10501
170	1.10528
171	1.10455
172	1.10517
173	1.10546
174	1.10533
175	1.10513
176	1.10516
177	1.10549
178	1.10583
179	1.10621
180	1.1063
181	1.10718
182	1.10778
183	1.10751
184	1.10757
185	1.10767
186	1.10793
187	1.10834
188	1.10742
189	1.10757
190	1.10809
191	1.10771
192	1.10777
193	1.10772
194	1.10772
195	1.10846
196	1.10866
197	1.10855
198	1.10852
199	1.10855
200	1.10924
201	1.10871
202	1.10849
203	1.10761
204	1.10742
205	1.10724
206	1.10741
207	1.10689
208	1.10664
209	1.10692
210	1.10665
211	1.10641
212	1.10677
213	1.10723
214	1.10787
215	1.10784
216	1.10848
217	1.10856
218	1.10853
219	1.1087
220	1.10899
221	1.10897
222	1.1086
223	1.10844
224	1.10872
225	1.10876
226	1.10819
227	1.10793
228	1.10755
229	1.10748
230	1.10727
231	1.10715
232	1.10739
233	1.1074
234	1.1069
235	1.10697
236	1.10701
237	1.10781
238	1.10832
239	1.10829
240	1.10848
241	1.10858
242	1.10899
243	1.10866
244	1.10915
245	1.11026
246	1.11029
247	1.11008
248	1.11004
249	1.11015
250	1.1104
251	1.11053
252	1.11051
253	1.11038
254	1.11017
255	1.11032
256	1.11075
257	1.11111
258	1.11153
259	1.11116
260	1.11102
261	1.1109
262	1.11161
263	1.11127
264	1.11134
265	1.1119
266	1.11163
267	1.11149
268	1.11148
269	1.11171
270	1.11148
271	1.11118
272	1.11103
273	1.11027
274	1.11059
275	1.11103
276	1.11131
277	1.11087
278	1.11097
279	1.11098
280	1.11061
281	1.11106
282	1.11085
283	1.1109
284	1.11117
285	1.11128
286	1.11168
287	1.11178
288	1.11141
289	1.11175
290	1.11122
291	1.11172
292	1.11184
293	1.11188
294	1.11178
295	1.11198
296	1.11211
297	1.11204
298	1.11207
299	1.11209
300	1.11153
301	1.11189
302	1.1119
303	1.11189
304	1.11135
305	1.1115
306	1.1117
307	1.11158
308	1.11148
309	1.11127
310	1.11141
311	1.11138
312	1.11142
313	1.11101
314	1.11099
315	1.11075
316	1.11047
317	1.11037
318	1.11048
319	1.1101
320	1.10984
321	1.11008
322	1.10997
323	1.10985
324	1.10978
325	1.10986
326	1.10969
327	1.10949
328	1.10909
329	1.10909
330	1.10945
331	1.10979
332	1.10959
333	1.10964
334	1.10995
335	1.11029
336	1.11035
337	1.11016
338	1.11029
339	1.11042
340	1.1108
341	1.11077
342	1.11081
343	1.11069
344	1.11097
345	1.11101
346	1.11091
347	1.11098
348	1.11109
349	1.11091
350	1.11115
351	1.11109
352	1.11099
353	1.11107
354	1.11134
355	1.11129
356	1.11132
357	1.11135
358	1.11135
359	1.11153
360	1.1114
361	1.11116
362	1.11127
363	1.11157
364	1.11117
365	1.1112
366	1.11125
367	1.1113
368	1.11132
369	1.1113
370	1.1112
371	1.11152
372	1.11135
373	1.1115
374	1.11136
375	1.11114
376	1.11119
377	1.11124
378	1.11109
379	1.11111
380	1.11098
381	1.11097
382	1.11131
383	1.11145
384	1.11139
385	1.11122
386	1.11128
387	1.11137
388	1.11141
389	1.11164
390	1.11166
391	1.11182
392	1.11184
393	1.11149
394	1.11146
395	1.11151
396	1.11128
397	1.11089
398	1.11091
399	1.11092
400	1.11065
401	1.11075
402	1.11063
403	1.11072
404	1.11042
405	1.11034
406	1.11031
407	1.11026
408	1.1102
409	1.11031
410	1.1099
411	1.10995
412	1.10985
413	1.10998
414	1.11
415	1.10977
416	1.11001
417	1.11048
418	1.11039
419	1.11019
420	1.11026
421	1.11041
422	1.11036
423	1.11014
424	1.11021
425	1.1104
426	1.11067
427	1.11088
428	1.11106
429	1.11119
430	1.11132
431	1.11134
432	1.11104
433	1.11099
434	1.11083
435	1.11087
436	1.11077
437	1.11089
438	1.1109
439	1.11068
440	1.11028
441	1.11058
442	1.11045
443	1.11022
444	1.11017
445	1.10991
446	1.10995
447	1.10966
448	1.10978
449	1.10961
450	1.10971
451	1.1097
452	1.10975
453	1.11001
454	1.11045
455	1.11046
456	1.11054
457	1.11036
458	1.11035
459	1.11021
460	1.11045
461	1.11024
462	1.10979
463	1.10998
464	1.11008
465	1.11051
466	1.11029
467	1.1105
468	1.11029
469	1.11039
470	1.1104
471	1.11056
472	1.11061
473	1.1108
474	1.11098
475	1.11109
476	1.11123
477	1.11112
478	1.11112
479	1.1112
480	1.11132
481	1.11152
482	1.11158
483	1.11128
484	1.11116
485	1.11098
486	1.11111
487	1.11127
488	1.11115
489	1.11087
490	1.11087
491	1.11083
492	1.11057
493	1.11043
494	1.11026
495	1.11028
496	1.11066
497	1.11052
498	1.11037
499	1.11041
