0	0.617143
1	0.589131
2	0.84004
3	1.00136
4	1.29033
5	1.32682
6	1.26697
7	1.41039
8	1.32529
9	1.28472
10	1.28917
11	1.36825
12	1.36045
13	1.32972
14	1.30261
15	1.27417
16	1.35458
17	1.33858
18	1.33395
19	1.3293
20	1.32642
21	1.3505
22	1.38916
23	1.36915
24	1.35071
25	1.33867
26	1.32463
27	1.35238
28	1.37827
29	1.35853
30	1.37315
31	1.37066
32	1.39172
33	1.37634
34	1.38753
35	1.39272
36	1.37434
37	1.36917
38	1.36635
39	1.35977
40	1.34375
41	1.33091
42	1.32585
43	1.32168
44	1.36567
45	1.35734
46	1.35288
47	1.34948
48	1.39671
49	1.3807
50	1.38283
51	1.40138
52	1.39879
53	1.41006
54	1.45506
55	1.44557
56	1.45968
57	1.4558
58	1.44555
59	1.43801
60	1.43159
61	1.42226
62	1.41996
63	1.4158
64	1.48256
65	1.47343
66	1.46983
67	1.4791
68	1.46717
69	1.47918
70	1.4806
71	1.47732
72	1.4721
73	1.46274
74	1.45174
75	1.48023
76	1.46968
77	1.46902
78	1.46483
79	1.45928
80	1.4591
81	1.46237
82	1.46319
83	1.47664
84	1.46901
85	1.46381
86	1.4572
87	1.46444
88	1.45707
89	1.45108
90	1.44882
91	1.4907
92	1.48572
93	1.48542
94	1.49372
95	1.49814
96	1.49093
97	1.49163
98	1.51686
99	1.51702
100	1.51258
101	1.50699
102	1.5066
103	1.50291
104	1.50168
105	1.49624
106	1.49172
107	1.49086
108	1.493
109	1.49169
110	1.48735
111	1.49311
112	1.48602
113	1.49043
114	1.48917
115	1.48339
116	1.48131
117	1.47984
118	1.48734
119	1.48674
120	1.48413
121	1.48036
122	1.4824
123	1.47933
124	1.47651
125	1.47686
126	1.47179
127	1.46962
128	1.46439
129	1.46194
130	1.46142
131	1.45711
132	1.45344
133	1.44855
134	1.44195
135	1.44299
136	1.45376
137	1.45447
138	1.44978
139	1.46335
140	1.46033
141	1.45724
142	1.46516
143	1.46134
144	1.46065
145	1.4615
146	1.45736
147	1.46783
148	1.46559
149	1.46182
150	1.46048
151	1.4589
152	1.45321
153	1.45537
154	1.45385
155	1.45574
156	1.45788
157	1.45832
158	1.4574
159	1.4588
160	1.46909
161	1.46802
162	1.46682
163	1.46612
164	1.46666
165	1.46431
166	1.45908
167	1.46258
168	1.46224
169	1.45812
170	1.45474
171	1.44903
172	1.45928
173	1.45616
174	1.4613
175	1.45876
176	1.45486
177	1.45573
178	1.4576
179	1.45767
180	1.4596
181	1.47139
182	1.47442
183	1.47679
184	1.47951
185	1.48127
186	1.48314
187	1.48444
188	1.48131
189	1.47818
190	1.47639
191	1.4721
192	1.46896
193	1.46671
194	1.46731
195	1.46502
196	1.46488
197	1.4612
198	1.46261
199	1.46545
200	1.46798
201	1.46453
202	1.46593
203	1.46261
204	1.45808
205	1.45682
206	1.45868
207	1.45521
208	1.45164
209	1.45465
210	1.45312
211	1.45271
212	1.46525
213	1.46687
214	1.47589
215	1.47391
216	1.47441
217	1.4719
218	1.47424
219	1.47381
220	1.48115
221	1.47931
222	1.47694
223	1.48175
224	1.48996
225	1.49389
226	1.49147
227	1.48989
228	1.4874
229	1.48567
230	1.48474
231	1.48289
232	1.48263
233	1.48678
234	1.48485
235	1.4899
236	1.48901
237	1.4891
238	1.48886
239	1.49082
240	1.49071
241	1.48967
242	1.48957
243	1.48626
244	1.49124
245	1.49691
246	1.49571
247	1.49259
248	1.49132
249	1.48994
250	1.49369
251	1.49261
252	1.49262
253	1.49074
254	1.49063
255	1.49297
256	1.49603
257	1.49495
258	1.5
259	1.49797
260	1.49636
261	1.49947
262	1.49901
263	1.49783
264	1.49721
265	1.49656
266	1.49385
267	1.49898
268	1.49978
269	1.49848
270	1.49557
271	1.49322
272	1.49014
273	1.48983
274	1.48848
275	1.49204
276	1.49049
277	1.48994
278	1.48771
279	1.48913
280	1.4904
281	1.48984
282	1.48789
283	1.48936
284	1.48696
285	1.48935
286	1.49019
287	1.48806
288	1.4868
289	1.48581
290	1.48667
291	1.49632
292	1.49786
293	1.49761
294	1.49677
295	1.49475
296	1.49454
297	1.4931
298	1.4937
299	1.49298
300	1.49067
301	1.50072
302	1.50892
303	1.50989
304	1.51275
305	1.51055
306	1.51082
307	1.51575
308	1.52105
309	1.51879
310	1.51735
311	1.51917
312	1.51926
313	1.51677
314	1.51705
315	1.51554
316	1.51327
317	1.51042
318	1.51184
319	1.51004
320	1.50995
321	1.50833
322	1.5113
323	1.51052
324	1.50821
325	1.50679
326	1.50432
327	1.50494
328	1.50316
329	1.501
330	1.50207
331	1.50044
332	1.49752
333	1.49564
334	1.49673
335	1.49764
336	1.4973
337	1.49572
338	1.49539
339	1.49489
340	1.49398
341	1.494
342	1.49297
343	1.49438
344	1.49347
345	1.49311
346	1.4916
347	1.49184
348	1.49121
349	1.48926
350	1.49146
351	1.49037
352	1.4884
353	1.49153
354	1.49204
355	1.49021
356	1.48916
357	1.48915
358	1.4875
359	1.48693
360	1.48783
361	1.48719
362	1.49344
363	1.49294
364	1.4905
365	1.4925
366	1.49593
367	1.49413
368	1.49425
369	1.49452
370	1.49462
371	1.49628
372	1.49848
373	1.49856
374	1.49991
375	1.50083
376	1.50077
377	1.49979
378	1.49914
379	1.4976
380	1.49599
381	1.49636
382	1.50259
383	1.50051
384	1.49834
385	1.49759
386	1.49539
387	1.49813
388	1.4967
389	1.49667
390	1.49494
391	1.49458
392	1.49324
393	1.49171
394	1.49102
395	1.48874
396	1.48675
397	1.4849
398	1.485
399	1.48597
400	1.48581
401	1.48497
402	1.48265
403	1.48131
404	1.47962
405	1.47857
406	1.47797
407	1.47778
408	1.47544
409	1.47367
410	1.4739
411	1.47447
412	1.47326
413	1.4748
414	1.4742
415	1.47315
416	1.47175
417	1.4718
418	1.47098
419	1.47274
420	1.47244
421	1.47202
422	1.47069
423	1.47062
424	1.47003
425	1.46811
426	1.46865
427	1.46975
428	1.46821
429	1.46871
430	1.46812
431	1.46772
432	1.46747
433	1.46729
434	1.46609
435	1.46653
436	1.4669
437	1.46735
438	1.46726
439	1.4657
440	1.46503
441	1.46478
442	1.46489
443	1.4641
444	1.46395
445	1.4628
446	1.46353
447	1.46267
448	1.46203
449	1.46214
450	1.46121
451	1.46104
452	1.4606
453	1.46189
454	1.46229
455	1.4611
456	1.46103
457	1.46118
458	1.46015
459	1.45961
460	1.46097
461	1.46157
462	1.45987
463	1.46184
464	1.46134
465	1.46011
466	1.45854
467	1.46195
468	1.46166
469	1.46265
470	1.46121
471	1.46138
472	1.45959
473	1.46191
474	1.46159
475	1.46054
476	1.45991
477	1.45847
478	1.45752
479	1.45727
480	1.45647
481	1.46194
482	1.46297
483	1.4632
484	1.46476
485	1.46363
486	1.4625
487	1.46325
488	1.46197
489	1.46188
490	1.46113
491	1.46002
492	1.45918
493	1.45812
494	1.45762
495	1.45661
496	1.46081
497	1.46072
498	1.4615
499	1.46145
