0	0.0743819
1	0.0684718
2	0.105419
3	0.111689
4	0.10818
5	0.10322
6	0.101597
7	0.0983708
8	0.091119
9	0.0969434
10	0.0980943
11	0.0990296
12	0.0993929
13	0.0979711
14	0.0979359
15	0.0966622
16	0.102738
17	0.101074
18	0.103827
19	0.105579
20	0.105032
21	0.107185
22	0.110015
23	0.108926
24	0.108178
25	0.106462
26	0.105588
27	0.107533
28	0.109065
29	0.107687
30	0.107779
31	0.109232
32	0.11029
33	0.109509
34	0.110518
35	0.109557
36	0.109023
37	0.108566
38	0.107458
39	0.106976
40	0.107616
41	0.107402
42	0.106467
43	0.105521
44	0.10516
45	0.106493
46	0.106412
47	0.106034
48	0.107367
49	0.106719
50	0.107262
51	0.108355
52	0.108178
53	0.108274
54	0.107602
55	0.10748
56	0.108211
57	0.109226
58	0.108836
59	0.1091
60	0.108976
61	0.109093
62	0.109024
63	0.108894
64	0.109666
65	0.109451
66	0.11027
67	0.110752
68	0.109815
69	0.111141
70	0.110208
71	0.110104
72	0.110109
73	0.10915
74	0.109003
75	0.109557
76	0.108958
77	0.108915
78	0.108923
79	0.108545
80	0.108318
81	0.109009
82	0.109308
83	0.110377
84	0.110121
85	0.109812
86	0.109579
87	0.10928
88	0.108773
89	0.108829
90	0.10876
91	0.109028
92	0.108645
93	0.108447
94	0.109006
95	0.108768
96	0.108878
97	0.109037
98	0.109266
99	0.109453
100	0.110093
101	0.110136
102	0.11
103	0.109952
104	0.110133
105	0.110537
106	0.110383
107	0.110127
108	0.11012
109	0.110323
110	0.110316
111	0.110643
112	0.110401
113	0.110555
114	0.110594
115	0.110462
116	0.110454
117	0.110728
118	0.110407
119	0.110322
120	0.110627
121	0.110709
122	0.111478
123	0.111475
124	0.11144
125	0.111131
126	0.11112
127	0.110973
128	0.110601
129	0.110498
130	0.110819
131	0.110831
132	0.111064
133	0.11124
134	0.110715
135	0.110822
136	0.11114
137	0.111041
138	0.110977
139	0.111036
140	0.111032
141	0.110996
142	0.110998
143	0.110916
144	0.110738
145	0.110768
146	0.11066
147	0.111241
148	0.111262
149	0.111177
150	0.111383
151	0.11114
152	0.111245
153	0.111431
154	0.111381
155	0.111444
156	0.111385
157	0.111628
158	0.111588
159	0.111556
160	0.111598
161	0.111696
162	0.111733
163	0.111746
164	0.111697
165	0.111286
166	0.111039
167	0.111042
168	0.111478
169	0.111239
170	0.111272
171	0.11095
172	0.111219
173	0.111117
174	0.111376
175	0.111252
176	0.111129
177	0.111412
178	0.111337
179	0.111303
180	0.111264
181	0.111324
182	0.111581
183	0.111491
184	0.111349
185	0.111411
186	0.11139
187	0.111752
188	0.111402
189	0.11149
190	0.111452
191	0.111312
192	0.111012
193	0.110916
194	0.111049
195	0.111412
196	0.11152
197	0.111416
198	0.111561
199	0.111461
200	0.111356
201	0.110993
202	0.110952
203	0.110679
204	0.110642
205	0.110599
206	0.110639
207	0.110502
208	0.110288
209	0.110483
210	0.110248
211	0.110166
212	0.110106
213	0.110375
214	0.110679
215	0.110588
216	0.111044
217	0.110989
218	0.110955
219	0.110892
220	0.111125
221	0.111027
222	0.110861
223	0.110754
224	0.110795
225	0.110711
226	0.110578
227	0.11052
228	0.110291
229	0.110191
230	0.110066
231	0.109948
232	0.1102
233	0.110124
234	0.109965
235	0.110207
236	0.110141
237	0.110479
238	0.110774
239	0.110679
240	0.110783
241	0.110753
242	0.110623
243	0.110369
244	0.110646
245	0.11112
246	0.111184
247	0.111148
248	0.111071
249	0.111101
250	0.111279
251	0.111397
252	0.111347
253	0.111279
254	0.111254
255	0.111323
256	0.111345
257	0.111493
258	0.111563
259	0.111337
260	0.111362
261	0.111421
262	0.111721
263	0.111556
264	0.111608
265	0.111743
266	0.111599
267	0.111725
268	0.111732
269	0.111736
270	0.111631
271	0.111421
272	0.11136
273	0.111168
274	0.111367
275	0.111347
276	0.111437
277	0.111408
278	0.11145
279	0.111332
280	0.111208
281	0.111236
282	0.111122
283	0.111049
284	0.111263
285	0.111413
286	0.111448
287	0.111377
288	0.111247
289	0.111282
290	0.111176
291	0.111517
292	0.111527
293	0.111418
294	0.111241
295	0.111186
296	0.111265
297	0.111093
298	0.111127
299	0.111146
300	0.110897
301	0.111106
302	0.111091
303	0.111198
304	0.111112
305	0.111044
306	0.110985
307	0.111025
308	0.111027
309	0.110898
310	0.11084
311	0.110812
312	0.110824
313	0.110652
314	0.11067
315	0.110539
316	0.110467
317	0.110307
318	0.110276
319	0.110177
320	0.110182
321	0.110274
322	0.110201
323	0.110199
324	0.110143
325	0.110132
326	0.110063
327	0.110143
328	0.110016
329	0.110033
330	0.110168
331	0.110176
332	0.110054
333	0.10997
334	0.11009
335	0.110195
336	0.110218
337	0.110254
338	0.11029
339	0.110289
340	0.110287
341	0.110278
342	0.110293
343	0.110261
344	0.110321
345	0.110353
346	0.110205
347	0.110214
348	0.110282
349	0.110327
350	0.110505
351	0.110517
352	0.110527
353	0.110509
354	0.110682
355	0.110598
356	0.110582
357	0.11057
358	0.110609
359	0.110735
360	0.110701
361	0.110685
362	0.110798
363	0.110874
364	0.110705
365	0.110795
366	0.110953
367	0.110975
368	0.111122
369	0.111169
370	0.111204
371	0.111166
372	0.111086
373	0.110984
374	0.11109
375	0.111024
376	0.111003
377	0.111029
378	0.11096
379	0.110925
380	0.110942
381	0.110916
382	0.111131
383	0.111093
384	0.111054
385	0.11093
386	0.110874
387	0.110861
388	0.110892
389	0.111071
390	0.111111
391	0.111151
392	0.1112
393	0.111058
394	0.110987
395	0.110953
396	0.110942
397	0.110852
398	0.110822
399	0.110778
400	0.110705
401	0.11086
402	0.110755
403	0.110763
404	0.110701
405	0.110838
406	0.110764
407	0.110774
408	0.110725
409	0.110706
410	0.110612
411	0.110597
412	0.110613
413	0.11063
414	0.110672
415	0.110636
416	0.110724
417	0.110795
418	0.110672
419	0.110587
420	0.11074
421	0.110918
422	0.110868
423	0.110817
424	0.110836
425	0.11088
426	0.110938
427	0.110927
428	0.110888
429	0.111042
430	0.111032
431	0.110964
432	0.110929
433	0.110903
434	0.110833
435	0.110882
436	0.110886
437	0.11096
438	0.110953
439	0.110888
440	0.110773
441	0.110975
442	0.110896
443	0.110818
444	0.110862
445	0.110741
446	0.110701
447	0.110568
448	0.11066
449	0.110541
450	0.110579
451	0.110496
452	0.110554
453	0.110728
454	0.111024
455	0.11099
456	0.110952
457	0.110908
458	0.110886
459	0.110793
460	0.110799
461	0.11081
462	0.110694
463	0.110894
464	0.110939
465	0.111049
466	0.110915
467	0.111012
468	0.110917
469	0.110937
470	0.110922
471	0.11092
472	0.110931
473	0.110979
474	0.111021
475	0.111015
476	0.111058
477	0.110972
478	0.11099
479	0.110972
480	0.110881
481	0.111007
482	0.111104
483	0.111044
484	0.110969
485	0.11099
486	0.110958
487	0.111083
488	0.111033
489	0.110926
490	0.110963
491	0.110983
492	0.110885
493	0.110856
494	0.110832
495	0.110796
496	0.111008
497	0.111035
498	0.110946
499	0.110948
