0	0.803903
1	1.08431
2	1.15089
3	1.43449
4	1.45342
5	1.6073
6	1.79826
7	1.7177
8	1.9042
9	1.93834
10	1.90952
11	1.91494
12	1.98877
13	1.93113
14	2.01081
15	2.02724
16	1.97948
17	2.00764
18	2.12113
19	2.23532
20	2.20383
21	2.1503
22	2.73344
23	2.70443
24	2.63693
25	2.5801
26	2.55882
27	2.54222
28	2.55181
29	2.54324
30	2.49881
31	2.56041
32	2.53147
33	2.57479
34	2.55475
35	2.5873
36	2.57393
37	2.55447
38	2.53227
39	2.5005
40	2.47793
41	2.45519
42	2.43358
43	2.41662
44	2.45963
45	2.44225
46	2.48827
47	2.50525
48	2.4815
49	2.45927
50	2.45814
51	2.443
52	2.42892
53	2.40486
54	2.39341
55	2.36777
56	2.3821
57	2.3643
58	2.35691
59	2.34726
60	2.40729
61	2.39777
62	2.39761
63	2.44025
64	2.44002
65	2.43051
66	2.40992
67	2.39126
68	2.41254
69	2.39896
70	2.38745
71	2.37135
72	2.35518
73	2.35033
74	2.34171
75	2.33061
76	2.32163
77	2.3165
78	2.30848
79	2.31323
80	2.31533
81	2.30811
82	2.31015
83	2.29847
84	2.33205
85	2.32528
86	2.32267
87	2.31203
88	2.39437
89	2.3881
90	2.3952
91	2.38409
92	2.3739
93	2.35708
94	2.39209
95	2.37822
96	2.36569
97	2.3588
98	2.35866
99	2.35558
100	2.3748
101	2.37971
102	2.37169
103	2.37018
104	2.36284
105	2.39248
106	2.40606
107	2.39758
108	2.39451
109	2.42661
110	2.43104
111	2.41929
112	2.41522
113	2.40876
114	2.40461
115	2.43527
116	2.43329
117	2.43414
118	2.4283
119	2.43982
120	2.42776
121	2.42404
122	2.41496
123	2.41301
124	2.4117
125	2.40662
126	2.40582
127	2.40821
128	2.40351
129	2.39476
130	2.39296
131	2.3943
132	2.39299
133	2.38802
134	2.38711
135	2.38988
136	2.41047
137	2.41882
138	2.41126
139	2.40859
140	2.41638
141	2.40787
142	2.40022
143	2.40367
144	2.4115
145	2.41898
146	2.41127
147	2.40244
148	2.39938
149	2.3933
150	2.39227
151	2.3862
152	2.37993
153	2.37275
154	2.37932
155	2.37285
156	2.37489
157	2.36771
158	2.3607
159	2.40332
160	2.41661
161	2.40945
162	2.40389
163	2.40211
164	2.40019
165	2.40495
166	2.40113
167	2.39947
168	2.40121
169	2.40275
170	2.40004
171	2.39845
172	2.39138
173	2.39325
174	2.41186
175	2.41397
176	2.40766
177	2.4091
178	2.4023
179	2.40189
180	2.40483
181	2.40151
182	2.4066
183	2.41217
184	2.40989
185	2.41115
186	2.40858
187	2.4061
188	2.41333
189	2.41427
190	2.49275
191	2.48961
192	2.48873
193	2.48744
194	2.50256
195	2.49916
196	2.49195
197	2.48882
198	2.48635
199	2.47933
200	2.48355
201	2.47691
202	2.47041
203	2.47142
204	2.46475
205	2.46273
206	2.45918
207	2.45481
208	2.45213
209	2.44819
210	2.44638
211	2.44801
212	2.45192
213	2.4545
214	2.4508
215	2.44471
216	2.44119
217	2.44058
218	2.45864
219	2.46121
220	2.46621
221	2.46566
222	2.46556
223	2.45865
224	2.45191
225	2.45109
226	2.44882
227	2.44326
228	2.43736
229	2.43817
230	2.43242
231	2.42575
232	2.43718
233	2.44266
234	2.44106
235	2.4363
236	2.45132
237	2.44728
238	2.44887
239	2.45054
240	2.44609
241	2.4403
242	2.43646
243	2.44842
244	2.44324
245	2.44161
246	2.43582
247	2.43733
248	2.43969
249	2.44085
250	2.45425
251	2.45452
252	2.45162
253	2.44816
254	2.4461
255	2.45561
256	2.45304
257	2.44924
258	2.44754
259	2.44471
260	2.44387
261	2.43951
262	2.44438
263	2.44443
264	2.44231
265	2.43834
266	2.43744
267	2.439
268	2.43607
269	2.43741
270	2.4349
271	2.43508
272	2.43409
273	2.4328
274	2.44574
275	2.44429
276	2.44282
277	2.44181
278	2.44544
279	2.44239
280	2.43805
281	2.44073
282	2.43812
283	2.4354
284	2.43528
285	2.44538
286	2.44547
287	2.47989
288	2.47455
289	2.47392
290	2.47201
291	2.46909
292	2.47001
293	2.46504
294	2.46391
295	2.46142
296	2.46515
297	2.4629
298	2.46675
299	2.46818
300	2.4682
301	2.46582
302	2.46578
303	2.46318
304	2.46013
305	2.45956
306	2.45861
307	2.46278
308	2.46294
309	2.46162
310	2.46328
311	2.46084
312	2.45638
313	2.45476
314	2.45253
315	2.44978
316	2.44694
317	2.45261
318	2.44918
319	2.44873
320	2.44846
321	2.45892
322	2.46096
323	2.45781
324	2.46019
325	2.45599
326	2.45426
327	2.45027
328	2.4512
329	2.44841
330	2.44407
331	2.45397
332	2.45113
333	2.44761
334	2.44473
335	2.44271
336	2.44138
337	2.43863
338	2.44016
339	2.43971
340	2.43708
341	2.43508
342	2.43121
343	2.42895
344	2.42918
345	2.42616
346	2.42222
347	2.42291
348	2.42125
349	2.42004
350	2.41983
351	2.41756
352	2.41741
353	2.42042
354	2.41802
355	2.42155
356	2.41739
357	2.41491
358	2.41234
359	2.4125
360	2.41177
361	2.40778
362	2.40544
363	2.40224
364	2.40917
365	2.41637
366	2.41601
367	2.41424
368	2.4226
369	2.42018
370	2.41972
371	2.4174
372	2.41446
373	2.41546
374	2.41763
375	2.41488
376	2.41179
377	2.41073
378	2.40758
379	2.40471
380	2.40659
381	2.40462
382	2.40445
383	2.40194
384	2.39855
385	2.39633
386	2.39861
387	2.39636
388	2.39344
389	2.39032
390	2.39203
391	2.39059
392	2.39032
393	2.38918
394	2.38637
395	2.39558
396	2.39539
397	2.39445
398	2.39368
399	2.394
400	2.39126
401	2.38989
402	2.38924
403	2.38962
404	2.38633
405	2.38659
406	2.38376
407	2.398
408	2.39836
409	2.39628
410	2.39576
411	2.39527
412	2.39614
413	2.39841
414	2.39514
415	2.39301
416	2.39485
417	2.3963
418	2.39644
419	2.39533
420	2.39887
421	2.39805
422	2.39768
423	2.39575
424	2.39521
425	2.39409
426	2.39695
427	2.41233
428	2.41108
429	2.41145
430	2.41031
431	2.40926
432	2.40724
433	2.40589
434	2.40306
435	2.40144
436	2.40265
437	2.40215
438	2.40367
439	2.40436
440	2.41563
441	2.41319
442	2.41106
443	2.41161
444	2.40918
445	2.40694
446	2.40894
447	2.40879
448	2.40784
449	2.40592
450	2.40448
451	2.40175
452	2.40185
453	2.39953
454	2.39846
455	2.39769
456	2.3952
457	2.39356
458	2.39334
459	2.39044
460	2.39079
461	2.38807
462	2.38592
463	2.38426
464	2.38289
465	2.38084
466	2.38249
467	2.38134
468	2.38174
469	2.38961
470	2.38689
471	2.38393
472	2.38142
473	2.37792
474	2.37736
475	2.37645
476	2.37428
477	2.37244
478	2.37023
479	2.36968
480	2.36792
481	2.36538
482	2.36488
483	2.36553
484	2.36414
485	2.36342
486	2.36257
487	2.36185
488	2.36228
489	2.36203
490	2.36069
491	2.3587
492	2.35723
493	2.35532
494	2.35484
495	2.35355
496	2.36041
497	2.35876
498	2.36072
499	2.35972
500	2.35826
501	2.35645
502	2.35412
503	2.35229
504	2.35158
505	2.35234
506	2.35039
507	2.35138
508	2.34916
509	2.34844
510	2.35038
511	2.34848
512	2.34632
513	2.34436
514	2.34321
515	2.34094
516	2.3404
517	2.33964
518	2.33746
519	2.34009
520	2.33904
521	2.33925
522	2.33773
523	2.33659
524	2.33598
525	2.33333
526	2.33109
527	2.34079
528	2.34155
529	2.34174
530	2.34377
531	2.34408
532	2.34269
533	2.34079
534	2.33899
535	2.33956
536	2.33829
537	2.33803
538	2.33609
539	2.33426
540	2.33181
541	2.33316
542	2.3324
543	2.33087
544	2.33008
545	2.33191
546	2.33107
547	2.33055
548	2.33079
549	2.33068
550	2.33183
551	2.3306
552	2.32938
553	2.32697
554	2.32544
555	2.32572
556	2.32373
557	2.32213
558	2.32254
559	2.32279
560	2.32153
561	2.32208
562	2.32479
563	2.32347
564	2.32141
565	2.31982
566	2.32496
567	2.32314
568	2.32368
569	2.32291
570	2.32301
571	2.32841
572	2.32853
573	2.32922
574	2.32685
575	2.32727
576	2.32735
577	2.32696
578	2.32688
579	2.32513
580	2.32459
581	2.32502
582	2.32309
583	2.32242
584	2.32039
585	2.31927
586	2.32074
587	2.31985
588	2.32032
589	2.31953
590	2.32135
591	2.31926
592	2.31752
593	2.31565
594	2.31499
595	2.31641
596	2.31612
597	2.31456
598	2.31377
599	2.31257
600	2.31284
601	2.31398
602	2.31583
603	2.31357
604	2.3115
605	2.31022
606	2.31131
607	2.31046
608	2.31032
609	2.30986
610	2.30817
611	2.30771
612	2.30568
613	2.30575
614	2.30446
615	2.30737
616	2.30595
617	2.30749
618	2.30737
619	2.30632
620	2.30885
621	2.30806
622	2.30936
623	2.30759
624	2.30548
625	2.30747
626	2.30809
627	2.30599
628	2.30534
629	2.30425
630	2.30481
631	2.30836
632	2.30713
633	2.30519
634	2.30718
635	2.30754
636	2.31263
637	2.31206
638	2.31559
639	2.31407
640	2.31579
641	2.314
642	2.31242
643	2.31163
644	2.31049
645	2.31132
646	2.31074
647	2.30974
648	2.31023
649	2.31291
650	2.318
651	2.32177
652	2.32211
653	2.32279
654	2.32118
655	2.32015
656	2.32056
657	2.31978
658	2.31828
659	2.31704
660	2.31704
661	2.31648
662	2.31852
663	2.31675
664	2.31477
665	2.31546
666	2.31801
667	2.31708
668	2.31618
669	2.31599
670	2.31823
671	2.31663
672	2.31757
673	2.31624
674	2.31451
675	2.31658
676	2.31893
677	2.31983
678	2.31983
679	2.31992
680	2.31954
681	2.32417
682	2.3232
683	2.32183
684	2.3206
685	2.32634
686	2.32888
687	2.32788
688	2.32685
689	2.32655
690	2.32544
691	2.32623
692	2.3305
693	2.33161
694	2.3314
695	2.33083
696	2.33298
697	2.33954
698	2.33908
699	2.33788
700	2.33703
701	2.33518
702	2.3341
703	2.33665
704	2.33653
705	2.33773
706	2.33598
707	2.33624
708	2.33967
709	2.33954
710	2.3408
711	2.34049
712	2.34032
713	2.33891
714	2.34117
715	2.33972
716	2.33867
717	2.33787
718	2.34707
719	2.34595
720	2.35073
721	2.34883
722	2.34776
723	2.34708
724	2.3451
725	2.34383
726	2.34348
727	2.34567
728	2.34592
729	2.34413
730	2.342
731	2.34095
732	2.34059
733	2.33987
734	2.3409
735	2.33887
736	2.33845
737	2.33735
738	2.33623
739	2.33719
740	2.33625
741	2.33632
742	2.33539
743	2.33883
744	2.33827
745	2.33904
746	2.33828
747	2.33711
748	2.33767
749	2.33656
750	2.33912
751	2.34029
752	2.34387
753	2.34372
754	2.34564
755	2.35077
756	2.3499
757	2.35343
758	2.35238
759	2.35262
760	2.35417
761	2.35439
762	2.35593
763	2.35651
764	2.35535
765	2.35411
766	2.35689
767	2.35562
768	2.35452
769	2.35336
770	2.35224
771	2.35317
772	2.35237
773	2.3507
774	2.34982
775	2.34867
776	2.34889
777	2.34792
778	2.3491
779	2.34975
780	2.35015
781	2.35314
782	2.35171
783	2.35065
784	2.35055
785	2.35357
786	2.35257
787	2.35099
788	2.34926
789	2.34945
790	2.35061
791	2.35186
792	2.35161
793	2.35084
794	2.35387
795	2.35305
796	2.35541
797	2.35381
798	2.35195
799	2.35097
800	2.35049
801	2.35623
802	2.35488
803	2.35428
804	2.35347
805	2.35378
806	2.35251
807	2.35154
808	2.3516
809	2.3516
810	2.35208
811	2.35153
812	2.35125
813	2.35006
814	2.34863
815	2.34972
816	2.34815
817	2.34763
818	2.34833
819	2.34712
820	2.3454
821	2.34389
822	2.34278
823	2.34245
824	2.34304
825	2.34299
826	2.34241
827	2.34099
828	2.33932
829	2.33799
830	2.33675
831	2.33569
832	2.33474
833	2.33363
834	2.34405
835	2.34272
836	2.34204
837	2.34028
838	2.33872
839	2.33771
840	2.33704
841	2.33645
842	2.33581
843	2.33417
844	2.33492
845	2.33484
846	2.33387
847	2.33263
848	2.33266
849	2.33223
850	2.33591
851	2.33858
852	2.33774
853	2.33652
854	2.33572
855	2.3349
856	2.3337
857	2.33301
858	2.33388
859	2.33328
860	2.33198
861	2.33666
862	2.33588
863	2.33424
864	2.33316
865	2.3349
866	2.33377
867	2.33248
868	2.3332
869	2.33315
870	2.33221
871	2.33329
872	2.33438
873	2.33468
874	2.3351
875	2.33413
876	2.33294
877	2.33673
878	2.33581
879	2.33691
880	2.33574
881	2.33693
882	2.33858
883	2.33843
884	2.33776
885	2.34247
886	2.3412
887	2.34
888	2.33905
889	2.33748
890	2.33853
891	2.33712
892	2.33632
893	2.33698
894	2.33647
895	2.33545
896	2.33425
897	2.33292
898	2.33411
899	2.33346
900	2.33355
901	2.332
902	2.33371
903	2.3322
904	2.33124
905	2.3297
906	2.32813
907	2.32767
908	2.32808
909	2.32953
910	2.32867
911	2.32705
912	2.32771
913	2.32744
914	2.32708
915	2.32643
916	2.32518
917	2.32461
918	2.32504
919	2.32413
920	2.32268
921	2.32173
922	2.32082
923	2.32003
924	2.31891
925	2.31856
926	2.31745
927	2.31585
928	2.31559
929	2.31448
930	2.31369
931	2.31398
932	2.32041
933	2.31887
934	2.31891
935	2.31958
936	2.31957
937	2.31859
938	2.31799
939	2.31748
940	2.31681
941	2.31667
942	2.31643
943	2.31552
944	2.31587
945	2.31896
946	2.32026
947	2.32062
948	2.3198
949	2.31884
950	2.32603
951	2.32584
952	2.32488
953	2.32477
954	2.3251
955	2.32404
956	2.32276
957	2.32298
958	2.32374
959	2.32327
960	2.3227
961	2.32197
962	2.32178
963	2.32157
964	2.32135
965	2.32007
966	2.32343
967	2.32301
968	2.32296
969	2.32333
970	2.32286
971	2.32296
972	2.32308
973	2.32444
974	2.32477
975	2.324
976	2.32366
977	2.32484
978	2.32586
979	2.32471
980	2.32397
981	2.32278
982	2.32455
983	2.32516
984	2.32489
985	2.32429
986	2.32403
987	2.32467
988	2.32496
989	2.32852
990	2.32797
991	2.32723
992	2.32607
993	2.32519
994	2.33275
995	2.33459
996	2.33419
997	2.33307
998	2.33545
999	2.33439
