0	0.01163
1	0.0117941
2	0.0102284
3	0.00969261
4	0.00860395
5	0.00926555
6	0.00959673
7	0.010649
8	0.0106584
9	0.0110836
10	0.0111707
11	0.0109091
12	0.0109613
13	0.0108735
14	0.0107333
15	0.0108019
16	0.0106023
17	0.0105144
18	0.0109036
19	0.010868
20	0.0111155
21	0.0111497
22	0.0110925
23	0.0110401
24	0.0111479
25	0.0113789
26	0.0112555
27	0.011126
28	0.0111651
29	0.0114752
30	0.0114381
31	0.011494
32	0.0114779
33	0.0114232
34	0.0113265
35	0.0115611
36	0.0115069
37	0.0113847
38	0.0114676
39	0.0114597
40	0.0114386
41	0.0113683
42	0.011444
43	0.0113536
44	0.0114186
45	0.0114647
46	0.011412
47	0.0114229
48	0.0113918
49	0.0113815
50	0.0114787
51	0.0114888
52	0.0114461
53	0.0114327
54	0.0113888
55	0.0114426
56	0.0113863
57	0.0113202
58	0.0112613
59	0.0112846
60	0.0112348
61	0.0112638
62	0.0112203
63	0.0112534
64	0.0112514
65	0.0112552
66	0.0112036
67	0.0112438
68	0.0112029
69	0.0111819
70	0.0112038
71	0.0112915
72	0.0112793
73	0.0113031
74	0.0113221
75	0.0113241
76	0.011361
77	0.0114565
78	0.0115049
79	0.0115563
80	0.0115527
81	0.011559
82	0.0115204
83	0.0115331
84	0.0114918
85	0.0114907
86	0.011477
87	0.0113962
88	0.0113834
89	0.011428
90	0.0114885
91	0.0114544
92	0.0114447
93	0.0114251
94	0.0113997
95	0.0114038
96	0.0113955
97	0.0114386
98	0.0114368
99	0.0114293
100	0.0113987
101	0.0113547
102	0.0113262
103	0.0113862
104	0.0113615
105	0.0114426
106	0.0114802
107	0.0114681
108	0.0115282
109	0.0115148
110	0.0114876
111	0.0114792
112	0.0115127
113	0.0115426
114	0.0115318
115	0.0115225
116	0.0115296
117	0.0115058
118	0.0115044
119	0.0115149
120	0.0114916
121	0.0115065
122	0.0115121
123	0.0115009
124	0.0114981
125	0.0115082
126	0.0114835
127	0.0115269
128	0.0115301
129	0.0115657
130	0.0115594
131	0.0115206
132	0.0114853
133	0.0114844
134	0.0114665
135	0.011445
136	0.0114476
137	0.0114662
138	0.0114625
139	0.0114585
140	0.0114364
141	0.0114256
142	0.0114436
143	0.011455
144	0.011479
145	0.0114838
146	0.0114929
147	0.0115051
148	0.0114882
149	0.0115118
150	0.011492
151	0.0115692
152	0.011563
153	0.0115429
154	0.0115569
155	0.0115832
156	0.0115854
157	0.0115948
158	0.0116028
159	0.0116257
160	0.011631
161	0.0116336
162	0.0116632
163	0.0116539
164	0.0116667
165	0.0116416
166	0.0116406
167	0.0116301
168	0.0116202
169	0.0115897
170	0.0116079
171	0.0115928
172	0.0116007
173	0.0115963
174	0.0116209
175	0.0116733
176	0.0116675
177	0.0116654
178	0.0116753
179	0.011671
180	0.0116738
181	0.0117071
182	0.0116962
183	0.011706
184	0.0117223
185	0.0117213
186	0.0116993
187	0.011691
188	0.011664
189	0.0116585
190	0.0116702
191	0.0116935
192	0.0116997
193	0.0116942
194	0.0117146
195	0.0116901
196	0.0116791
197	0.0116931
198	0.0116685
199	0.0116625
200	0.0116663
201	0.0116544
202	0.0116408
203	0.0116298
204	0.0116726
205	0.0116654
206	0.0116657
207	0.0116575
208	0.0116528
209	0.0116339
210	0.0116454
211	0.0116404
212	0.0116329
213	0.011633
214	0.0116315
215	0.0116385
216	0.0116492
217	0.011648
218	0.0116379
219	0.0116174
220	0.0116287
221	0.0116385
222	0.0116345
223	0.0116368
224	0.0116363
225	0.0116291
226	0.0116309
227	0.0116237
228	0.0116387
229	0.0116447
230	0.0116524
231	0.0116511
232	0.0116344
233	0.0116296
234	0.0116503
235	0.0116477
236	0.0116329
237	0.0116285
238	0.0116208
239	0.0116202
240	0.011622
241	0.0116313
242	0.0116161
243	0.0116122
244	0.0116191
245	0.0116168
246	0.0116241
247	0.0116174
248	0.01161
249	0.0116023
250	0.0115974
251	0.0116025
252	0.0115957
253	0.0116179
254	0.0116107
255	0.0116268
256	0.011626
257	0.0116224
258	0.0116182
259	0.0116031
260	0.0115982
261	0.0115947
262	0.0116078
263	0.0116015
264	0.011579
265	0.0115821
266	0.0115825
267	0.0115711
268	0.0115692
269	0.0115736
270	0.0115718
271	0.0115747
272	0.0115979
273	0.0116172
274	0.0116126
275	0.0116025
276	0.0115877
277	0.0115918
278	0.0115896
279	0.0115894
280	0.0115836
281	0.0115699
282	0.0115693
283	0.0115594
284	0.0115618
285	0.0115648
286	0.0115647
287	0.0115602
288	0.0115707
289	0.0115561
290	0.0115459
291	0.0115423
292	0.0115467
293	0.0115578
294	0.0115621
295	0.0115766
296	0.0115746
297	0.0115801
298	0.0115865
299	0.0115848
300	0.0115703
301	0.0115713
302	0.0115613
303	0.0115527
304	0.0115479
305	0.0115346
306	0.0115278
307	0.0115205
308	0.0115263
309	0.0115348
310	0.0115263
311	0.0115187
312	0.0115102
313	0.0115116
314	0.0115176
315	0.01151
316	0.0115211
317	0.0115092
318	0.0115132
319	0.0115099
320	0.0115028
321	0.0114876
322	0.0114813
323	0.011481
324	0.0114769
325	0.0114859
326	0.0114874
327	0.0114793
328	0.0114977
329	0.0114982
330	0.0114953
331	0.0114983
332	0.0115004
333	0.0115001
334	0.0114925
335	0.0114949
336	0.0114855
337	0.0114682
338	0.0114571
339	0.0114509
340	0.0114586
341	0.0114577
342	0.0114529
343	0.0114527
344	0.0114473
345	0.0114416
346	0.0114506
347	0.0114431
348	0.0114571
349	0.0114444
350	0.0114319
351	0.0114247
352	0.0114223
353	0.0114157
354	0.0114058
355	0.0114132
356	0.0114227
357	0.0114105
358	0.0114213
359	0.0114311
360	0.0114391
361	0.0114233
362	0.0114364
363	0.0114365
364	0.0114256
365	0.011438
366	0.0114249
367	0.0114198
368	0.0114139
369	0.0114218
370	0.0114139
371	0.0114154
372	0.0114214
373	0.0114061
374	0.0113906
375	0.0113898
376	0.0113786
377	0.0113789
378	0.0113717
379	0.0113631
380	0.0113511
381	0.0113702
382	0.0113741
383	0.0113846
384	0.0113924
385	0.0113958
386	0.0113975
387	0.0114004
388	0.0114033
389	0.0114014
390	0.0114
391	0.011396
392	0.0114024
393	0.011393
394	0.0114
395	0.0113915
396	0.0113981
397	0.0113907
398	0.0113921
399	0.0113826
400	0.0113705
401	0.0113705
402	0.0113672
403	0.0113642
404	0.0113512
405	0.0113551
406	0.0113581
407	0.0113557
408	0.0113488
409	0.0113535
410	0.0113454
411	0.0113683
412	0.0113631
413	0.0113597
414	0.0113676
415	0.0113695
416	0.0113802
417	0.0113688
418	0.0113584
419	0.011369
420	0.0113665
421	0.0113678
422	0.0113642
423	0.0113659
424	0.0113599
425	0.0113693
426	0.0113738
427	0.011384
428	0.0113902
429	0.0113863
430	0.01139
431	0.0113873
432	0.0113792
433	0.0113905
434	0.0113786
435	0.0113811
436	0.0113912
437	0.011399
438	0.0113977
439	0.0114003
440	0.0113874
441	0.0113887
442	0.0113858
443	0.0113898
444	0.0113833
445	0.0113872
446	0.0113875
447	0.0113878
448	0.0113769
449	0.011374
450	0.0113729
451	0.0113755
452	0.0113707
453	0.0113664
454	0.0113769
455	0.0113784
456	0.0113773
457	0.0113825
458	0.0113869
459	0.0113862
460	0.011382
461	0.0113836
462	0.0113824
463	0.0113823
464	0.0113759
465	0.0113731
466	0.0113798
467	0.0113875
468	0.0113839
469	0.0113819
470	0.011385
471	0.0113778
472	0.0113782
473	0.0113669
474	0.0113639
475	0.0113645
476	0.011357
477	0.0113579
478	0.0113646
479	0.0113615
480	0.0113613
481	0.0113727
482	0.0113845
483	0.0113782
484	0.0113807
485	0.0113826
486	0.0113862
487	0.0113949
488	0.0114017
489	0.0114009
490	0.0114002
491	0.0114045
492	0.0114056
493	0.0114062
494	0.0114005
495	0.0113958
496	0.0113932
497	0.0113959
498	0.0113974
499	0.011397
500	0.0113973
501	0.0113949
502	0.0113927
503	0.011391
504	0.0113898
505	0.0113891
506	0.0113822
507	0.0113937
508	0.0113927
509	0.0113885
510	0.0113918
511	0.0113856
512	0.011381
513	0.0113836
514	0.0113805
515	0.0113766
516	0.01137
517	0.0113625
518	0.0113567
519	0.0113543
520	0.011354
521	0.0113506
522	0.0113446
523	0.0113464
524	0.0113412
525	0.0113434
526	0.01134
527	0.0113349
528	0.011334
529	0.0113351
530	0.0113362
531	0.0113384
532	0.011342
533	0.0113382
534	0.0113297
535	0.0113284
536	0.0113264
537	0.0113237
538	0.0113269
539	0.0113264
540	0.0113219
541	0.011336
542	0.01133
543	0.011334
544	0.011328
545	0.0113207
546	0.011326
547	0.0113221
548	0.0113248
549	0.0113178
550	0.0113089
551	0.0113053
552	0.0113036
553	0.0112962
554	0.0112932
555	0.0112944
556	0.0112933
557	0.0112863
558	0.0112819
559	0.0112807
560	0.0112824
561	0.0112746
562	0.0112796
563	0.0112792
564	0.0112778
565	0.011277
566	0.0112767
567	0.0112672
568	0.0112746
569	0.0112749
570	0.0112759
571	0.0112871
572	0.0112851
573	0.0112868
574	0.011285
575	0.0112825
576	0.0112839
577	0.0112876
578	0.0112937
579	0.0112899
580	0.011285
581	0.0112814
582	0.0112916
583	0.0112864
584	0.0112819
585	0.0112858
586	0.011288
587	0.0112821
588	0.0112907
589	0.0112881
590	0.0112874
591	0.0112885
592	0.0112902
593	0.0112885
594	0.0112938
595	0.011298
596	0.0112903
597	0.0112844
598	0.0112838
599	0.0112839
600	0.0112855
601	0.0112761
602	0.0112882
603	0.0112904
604	0.0112858
605	0.0112811
606	0.011279
607	0.0112727
608	0.0112685
609	0.0112782
610	0.011275
611	0.0112731
612	0.0112736
613	0.0112729
614	0.011273
615	0.0112748
616	0.0112667
617	0.0112716
618	0.0112663
619	0.0112652
620	0.0112652
621	0.0112573
622	0.0112502
623	0.0112551
624	0.0112513
625	0.0112522
626	0.0112539
627	0.0112568
628	0.0112505
629	0.0112495
630	0.0112494
631	0.0112437
632	0.0112442
633	0.0112397
634	0.0112411
635	0.0112434
636	0.0112397
637	0.0112446
638	0.0112445
639	0.0112402
640	0.0112457
641	0.0112433
642	0.011241
643	0.011239
644	0.0112412
645	0.0112397
646	0.011236
647	0.0112345
648	0.0112297
649	0.0112252
650	0.0112285
651	0.0112267
652	0.0112305
653	0.0112236
654	0.0112174
655	0.0112156
656	0.011221
657	0.0112144
658	0.011213
659	0.0112055
660	0.0112065
661	0.0112085
662	0.0112073
663	0.0112025
664	0.0111981
665	0.0111969
666	0.0111979
667	0.0112059
668	0.0112048
669	0.0112011
670	0.0112025
671	0.0111987
672	0.0111962
673	0.0112074
674	0.0111983
675	0.0112034
676	0.0111998
677	0.0111964
678	0.0111999
679	0.0112006
680	0.0112016
681	0.0112013
682	0.0112065
683	0.011209
684	0.0112095
685	0.0112058
686	0.011208
687	0.0112091
688	0.0112127
689	0.0112126
690	0.0112191
691	0.0112218
692	0.0112162
693	0.0112095
694	0.0112076
695	0.0112062
696	0.011205
697	0.0112
698	0.0111965
699	0.0112028
700	0.0112027
701	0.0111977
702	0.0111989
703	0.0112077
704	0.0111997
705	0.0112032
706	0.0112034
707	0.0112026
708	0.0112011
709	0.0112009
710	0.0111925
711	0.0111907
712	0.011187
713	0.0111827
714	0.0111838
715	0.0111814
716	0.0111821
717	0.0111811
718	0.0111794
719	0.0111801
720	0.0111786
721	0.011179
722	0.0111774
723	0.011171
724	0.0111715
725	0.0111653
726	0.0111665
727	0.0111646
728	0.0111611
729	0.0111576
730	0.0111608
731	0.011159
732	0.0111578
733	0.011168
734	0.0111664
735	0.0111707
736	0.0111732
737	0.0111766
738	0.0111751
739	0.0111708
740	0.0111715
741	0.0111692
742	0.0111659
743	0.011166
744	0.0111615
745	0.0111607
746	0.0111665
747	0.0111581
748	0.0111602
749	0.0111591
750	0.0111587
751	0.0111603
752	0.0111658
753	0.0111673
754	0.0111676
755	0.0111682
756	0.0111662
757	0.0111749
758	0.0111741
759	0.011171
760	0.0111714
761	0.0111783
762	0.011183
763	0.0111814
764	0.0111873
765	0.0111846
766	0.0111834
767	0.0111848
768	0.0111829
769	0.0111816
770	0.0111821
771	0.0111787
772	0.0111798
773	0.0111849
774	0.0111929
775	0.0111937
776	0.0111951
777	0.0111937
778	0.0111944
779	0.0111972
780	0.0111938
781	0.0111893
782	0.0111875
783	0.0111896
784	0.0111943
785	0.0111935
786	0.0111934
787	0.0111928
788	0.0111873
789	0.0111899
790	0.0111867
791	0.0111928
792	0.0111859
793	0.011183
794	0.0111928
795	0.0111914
796	0.0111942
797	0.011194
798	0.0111918
799	0.0111878
800	0.0111881
801	0.0111911
802	0.0111883
803	0.0111886
804	0.0111864
805	0.011186
806	0.0111875
807	0.0111849
808	0.0111834
809	0.0111843
810	0.0111804
811	0.0111772
812	0.0111856
813	0.0111841
814	0.011182
815	0.01118
816	0.0111811
817	0.0111832
818	0.0111788
819	0.0111796
820	0.0111743
821	0.0111707
822	0.0111651
823	0.0111615
824	0.0111585
825	0.0111579
826	0.0111549
827	0.0111517
828	0.0111541
829	0.0111523
830	0.0111484
831	0.0111526
832	0.0111495
833	0.0111524
834	0.011159
835	0.0111564
836	0.011153
837	0.0111527
838	0.0111512
839	0.0111469
840	0.0111449
841	0.0111404
842	0.0111364
843	0.0111422
844	0.0111412
845	0.0111422
846	0.011139
847	0.011138
848	0.0111388
849	0.0111325
850	0.0111384
851	0.011134
852	0.0111343
853	0.0111329
854	0.0111296
855	0.0111294
856	0.0111347
857	0.0111319
858	0.0111291
859	0.0111288
860	0.011129
861	0.0111314
862	0.0111303
863	0.0111287
864	0.011129
865	0.0111296
866	0.0111347
867	0.0111379
868	0.0111387
869	0.0111441
870	0.0111447
871	0.0111469
872	0.0111456
873	0.0111474
874	0.0111484
875	0.0111464
876	0.0111478
877	0.0111449
878	0.0111517
879	0.011158
880	0.0111628
881	0.0111586
882	0.0111568
883	0.0111512
884	0.0111497
885	0.0111545
886	0.0111497
887	0.0111541
888	0.0111505
889	0.0111525
890	0.0111502
891	0.0111518
892	0.011148
893	0.01115
894	0.0111484
895	0.0111576
896	0.0111576
897	0.0111585
898	0.0111579
899	0.0111603
900	0.0111611
901	0.0111593
902	0.0111606
903	0.0111624
904	0.0111623
905	0.0111609
906	0.0111584
907	0.0111563
908	0.011158
909	0.0111615
910	0.0111622
911	0.0111611
912	0.0111657
913	0.011162
914	0.0111575
915	0.0111612
916	0.0111564
917	0.0111533
918	0.0111553
919	0.0111588
920	0.0111638
921	0.0111614
922	0.011156
923	0.0111535
924	0.0111559
925	0.0111579
926	0.0111535
927	0.0111508
928	0.0111502
929	0.0111501
930	0.0111484
931	0.0111488
932	0.0111428
933	0.0111429
934	0.0111403
935	0.0111375
936	0.0111402
937	0.0111413
938	0.0111406
939	0.0111413
940	0.0111452
941	0.0111458
942	0.0111425
943	0.0111414
944	0.0111471
945	0.0111446
946	0.0111443
947	0.0111473
948	0.011143
949	0.0111473
950	0.0111489
951	0.011143
952	0.0111431
953	0.0111411
954	0.0111406
955	0.0111345
956	0.0111379
957	0.0111381
958	0.0111426
959	0.0111387
960	0.0111381
961	0.0111386
962	0.0111441
963	0.0111511
964	0.0111517
965	0.0111512
966	0.011146
967	0.0111471
968	0.0111473
969	0.0111506
970	0.0111503
971	0.0111561
972	0.0111572
973	0.0111585
974	0.0111577
975	0.0111558
976	0.0111586
977	0.0111537
978	0.0111565
979	0.0111556
980	0.0111543
981	0.0111563
982	0.0111552
983	0.0111563
984	0.0111554
985	0.0111559
986	0.0111572
987	0.011158
988	0.0111583
989	0.0111564
990	0.0111545
991	0.0111522
992	0.0111542
993	0.0111542
994	0.0111545
995	0.0111569
996	0.0111547
997	0.0111515
998	0.0111504
999	0.0111544
