0	0.262453
1	0.202095
2	0.231056
3	0.228726
4	0.233931
5	0.248709
6	0.245035
7	0.244081
8	0.243066
9	0.238282
10	0.238671
11	0.243339
12	0.252442
13	0.263478
14	0.257732
15	0.259668
16	0.264184
17	0.263049
18	0.266983
19	0.261055
20	0.263387
21	0.266903
22	0.263458
23	0.267831
24	0.264
25	0.26238
26	0.26495
27	0.262552
28	0.265184
29	0.269886
30	0.271829
31	0.270114
32	0.267777
33	0.266879
34	0.263849
35	0.265091
36	0.26408
37	0.264523
38	0.263955
39	0.260674
40	0.262899
41	0.26111
42	0.259513
43	0.261132
44	0.261286
45	0.260784
46	0.264302
47	0.264166
48	0.266246
49	0.265676
50	0.265383
51	0.263954
52	0.26588
53	0.265269
54	0.263964
55	0.264126
56	0.263895
57	0.263486
58	0.261744
59	0.263315
60	0.262846
61	0.263785
62	0.264431
63	0.264798
64	0.265949
65	0.268209
66	0.267247
67	0.266082
68	0.265565
69	0.263836
70	0.264428
71	0.264648
72	0.263278
73	0.264029
74	0.262703
75	0.262136
76	0.262294
77	0.263968
78	0.262889
79	0.26241
80	0.263012
81	0.263165
82	0.261813
83	0.261778
84	0.261624
85	0.260554
86	0.25991
87	0.259236
88	0.2584
89	0.258083
90	0.258421
91	0.258374
92	0.258391
93	0.258336
94	0.258106
95	0.25773
96	0.257742
97	0.257706
98	0.257199
99	0.256303
100	0.255629
101	0.256361
102	0.256971
103	0.257068
104	0.255894
105	0.255673
106	0.255528
107	0.256562
108	0.256933
109	0.256427
110	0.255998
111	0.256903
112	0.256723
113	0.256843
114	0.257484
115	0.256998
116	0.257114
117	0.256562
118	0.255444
119	0.254134
120	0.254323
121	0.25391
122	0.253969
123	0.253999
124	0.254072
125	0.253817
126	0.25412
127	0.254383
128	0.254753
129	0.254405
130	0.25538
131	0.255104
132	0.256663
133	0.256272
134	0.255792
135	0.255774
136	0.255444
137	0.255003
138	0.25468
139	0.255276
140	0.254893
141	0.254701
142	0.254171
143	0.253938
144	0.253529
145	0.254317
146	0.253828
147	0.25406
148	0.25437
149	0.254572
150	0.254379
151	0.254557
152	0.253781
153	0.254408
154	0.254122
155	0.254342
156	0.253745
157	0.25366
158	0.253408
159	0.253337
160	0.252697
161	0.252793
162	0.253214
163	0.253276
164	0.25353
165	0.254099
166	0.253944
167	0.25321
168	0.252972
169	0.253255
170	0.253267
171	0.253177
172	0.252451
173	0.253007
174	0.253499
175	0.253734
176	0.253878
177	0.253943
178	0.255139
179	0.255246
180	0.2562
181	0.25635
182	0.256178
183	0.255961
184	0.255664
185	0.256106
186	0.256117
187	0.255662
188	0.255308
189	0.255167
190	0.255218
191	0.254851
192	0.255422
193	0.256679
194	0.256473
195	0.2563
196	0.256502
197	0.257066
198	0.257215
199	0.257647
200	0.257563
201	0.257443
202	0.257847
203	0.258569
204	0.258514
205	0.258546
206	0.258361
207	0.258822
208	0.259111
209	0.259926
210	0.260008
211	0.260246
212	0.2607
213	0.260725
214	0.260971
215	0.261005
216	0.260458
217	0.260464
218	0.260774
219	0.260679
220	0.260729
221	0.260798
222	0.260297
223	0.260634
224	0.260467
225	0.260278
226	0.260265
227	0.260092
228	0.26037
229	0.260074
230	0.259862
231	0.260178
232	0.259735
233	0.259958
234	0.259797
235	0.260055
236	0.259641
237	0.259496
238	0.25955
239	0.259291
240	0.259891
241	0.259631
242	0.259911
243	0.259757
244	0.259337
245	0.259429
246	0.259655
247	0.260663
248	0.260726
249	0.260725
250	0.260515
251	0.260169
252	0.260712
253	0.260386
254	0.261161
255	0.261443
256	0.261379
257	0.260966
258	0.260923
259	0.260982
260	0.261108
261	0.260953
262	0.260657
263	0.26063
264	0.260482
265	0.26085
266	0.261021
267	0.260728
268	0.260581
269	0.260791
270	0.260735
271	0.260914
272	0.261267
273	0.261161
274	0.261018
275	0.261054
276	0.261068
277	0.260803
278	0.260308
279	0.260313
280	0.260236
281	0.260413
282	0.260149
283	0.260256
284	0.26013
285	0.260524
286	0.26023
287	0.260237
288	0.260091
289	0.260064
290	0.260169
291	0.260458
292	0.260277
293	0.260764
294	0.26086
295	0.260521
296	0.260429
297	0.260654
298	0.26048
299	0.260266
300	0.259959
301	0.260021
302	0.260134
303	0.260045
304	0.259839
305	0.259743
306	0.26036
307	0.260441
308	0.260632
309	0.260809
310	0.260843
311	0.260599
312	0.26038
313	0.260449
314	0.260732
315	0.260591
316	0.260923
317	0.260714
318	0.260706
319	0.26074
320	0.260528
321	0.260631
322	0.260537
323	0.260645
324	0.260532
325	0.260239
326	0.260108
327	0.25991
328	0.259993
329	0.260633
330	0.260661
331	0.260876
332	0.260518
333	0.260395
334	0.259944
335	0.259527
336	0.260071
337	0.260059
338	0.260192
339	0.260433
340	0.26029
341	0.260434
342	0.260249
343	0.260081
344	0.259936
345	0.260013
346	0.260182
347	0.260306
348	0.260046
349	0.260268
350	0.260346
351	0.260617
352	0.260792
353	0.260748
354	0.260647
355	0.260489
356	0.260718
357	0.260645
358	0.260667
359	0.260943
360	0.260706
361	0.260793
362	0.261054
363	0.26139
364	0.261404
365	0.261414
366	0.261316
367	0.261412
368	0.261115
369	0.261115
370	0.260977
371	0.261027
372	0.260912
373	0.260871
374	0.260778
375	0.261099
376	0.26102
377	0.261033
378	0.26103
379	0.26097
380	0.261279
381	0.261155
382	0.261125
383	0.261239
384	0.261395
385	0.261442
386	0.261462
387	0.26143
388	0.261285
389	0.261582
390	0.261517
391	0.2614
392	0.261175
393	0.261067
394	0.260971
395	0.260745
396	0.260684
397	0.260411
398	0.260411
399	0.260353
400	0.260127
401	0.260074
402	0.260154
403	0.260058
404	0.260075
405	0.259945
406	0.25987
407	0.259892
408	0.259878
409	0.259942
410	0.259996
411	0.26014
412	0.260027
413	0.26006
414	0.260299
415	0.260115
416	0.259989
417	0.259948
418	0.260116
419	0.260261
420	0.260152
421	0.260035
422	0.259984
423	0.259747
424	0.259575
425	0.25958
426	0.259536
427	0.259287
428	0.259042
429	0.258999
430	0.259085
431	0.258886
432	0.258886
433	0.258884
434	0.258815
435	0.258662
436	0.258441
437	0.258424
438	0.258378
439	0.258161
440	0.257986
441	0.258035
442	0.258099
443	0.25786
444	0.25772
445	0.257944
446	0.257985
447	0.257831
448	0.257783
449	0.257685
450	0.257609
451	0.257463
452	0.257374
453	0.257174
454	0.257077
455	0.257016
456	0.256959
457	0.256901
458	0.256807
459	0.256673
460	0.256495
461	0.256629
462	0.256429
463	0.256235
464	0.256215
465	0.25612
466	0.25596
467	0.255765
468	0.255795
469	0.255682
470	0.255896
471	0.256137
472	0.256069
473	0.255944
474	0.256058
475	0.256099
476	0.255798
477	0.255733
478	0.255693
479	0.255681
480	0.255412
481	0.255235
482	0.255219
483	0.255231
484	0.255085
485	0.255085
486	0.255043
487	0.255325
488	0.255569
489	0.255691
490	0.255573
491	0.255555
492	0.255447
493	0.255517
494	0.255295
495	0.255159
496	0.255284
497	0.255429
498	0.25524
499	0.255215
