0	1.74952
1	3.98968
2	3.51147
3	2.93198
4	2.98657
5	2.81344
6	2.62579
7	2.55714
8	2.40486
9	2.25165
10	2.14674
11	2.14378
12	2.06473
13	2.04336
14	2.03279
15	2.20354
16	2.18757
17	2.16263
18	2.4436
19	2.37014
20	2.30484
21	2.30908
22	2.39174
23	2.42586
24	2.40091
25	2.36111
26	2.40956
27	2.36692
28	2.33631
29	2.28508
30	2.23887
31	2.21615
32	2.21353
33	2.19053
34	2.32612
35	2.30906
36	2.2901
37	2.24627
38	2.22699
39	2.20947
40	2.19831
41	2.18733
42	2.26451
43	2.23809
44	2.22712
45	2.20336
46	2.19517
47	2.17334
48	2.15265
49	2.16109
50	2.1541
51	2.15597
52	2.13224
53	2.15202
54	2.13686
55	2.12774
56	2.10377
57	2.0895
58	2.07461
59	2.07104
60	2.05445
61	2.05501
62	2.0344
63	2.02788
64	2.01541
65	2.01404
66	2.01002
67	1.99511
68	1.98375
69	1.99413
70	1.97928
71	1.98437
72	1.98426
73	1.96733
74	1.97123
75	1.95696
76	1.94178
77	1.96551
78	1.97698
79	1.96998
80	1.96473
81	1.95167
82	1.93582
83	1.92827
84	1.92484
85	1.91409
86	1.91352
87	1.90289
88	1.90233
89	1.89695
90	1.8839
91	1.87242
92	1.86334
93	1.87872
94	1.88139
95	1.87401
96	1.88276
97	1.87329
98	1.86774
99	1.88028
100	1.90589
101	1.89961
102	1.93756
103	1.93854
104	1.93449
105	1.9291
106	1.9773
107	1.97068
108	1.96913
109	1.96982
110	1.96313
111	1.956
112	1.95171
113	1.94999
114	1.94616
115	1.96358
116	1.96668
117	1.96431
118	1.95547
119	1.9452
120	1.93652
121	1.9367
122	1.93602
123	1.92588
124	1.92204
125	1.93377
126	1.93288
127	1.93596
128	1.92662
129	1.92427
130	1.93092
131	1.92489
132	1.92615
133	1.92385
134	1.91647
135	1.91206
136	1.91623
137	1.91769
138	1.9177
139	1.92183
140	1.92511
141	1.93579
142	1.94693
143	1.94102
144	1.93594
145	1.93315
146	1.93786
147	1.93235
148	1.9268
149	1.92295
150	1.91619
151	1.91067
152	1.90737
153	1.90391
154	1.90118
155	1.904
156	1.90155
157	1.8983
158	1.89647
159	1.89638
160	1.88934
161	1.88588
162	1.8781
163	1.87442
164	1.89491
165	1.89019
166	1.88909
167	1.88376
168	1.88361
169	1.88216
170	1.87754
171	1.87854
172	1.87408
173	1.88582
174	1.88643
175	1.88814
176	1.8967
177	1.90562
178	1.90914
179	1.90661
180	1.90537
181	1.90122
182	1.90358
183	1.90965
184	1.91057
185	1.91422
186	1.91295
187	1.93076
188	1.93078
189	1.93434
190	1.92981
191	1.92589
192	1.94358
193	1.94202
194	1.94531
195	1.94635
196	1.94226
197	1.94209
198	1.94255
199	1.93898
200	1.93605
201	1.93295
202	1.92722
203	1.92525
204	1.92364
205	1.92815
206	1.92368
207	1.93158
208	1.92781
209	1.92444
210	1.9414
211	1.95626
212	1.95296
213	1.95316
214	1.9578
215	1.95624
216	1.9524
217	1.94772
218	1.95119
219	1.94734
220	1.9513
221	1.95785
222	1.95648
223	1.95777
224	1.95958
225	1.95934
226	1.96329
227	1.96125
228	1.9616
229	1.95798
230	1.95634
231	1.954
232	1.95746
233	1.953
234	1.95388
235	1.95037
236	1.95051
237	1.94775
238	1.94313
239	1.93788
240	1.93765
241	1.9358
242	1.93354
243	1.93071
244	1.92612
245	1.92201
246	1.93189
247	1.92873
248	1.92869
249	1.93652
250	1.93323
251	1.93043
252	1.93273
253	1.93351
254	1.93031
255	1.92626
256	1.92225
257	1.92563
258	1.92982
259	1.93075
260	1.92687
261	1.92349
262	1.92127
263	1.93265
264	1.93382
265	1.92932
266	1.94727
267	1.94684
268	1.94365
269	1.94172
270	1.93762
271	1.94078
272	1.94313
273	1.94129
274	1.93733
275	1.93444
276	1.935
277	1.9331
278	1.92962
279	1.93018
280	1.92679
281	1.92668
282	1.92504
283	1.92085
284	1.92167
285	1.92859
286	1.93131
287	1.93211
288	1.93202
289	1.93427
290	1.93282
291	1.92978
292	1.92626
293	1.92685
294	1.92578
295	1.92231
296	1.92172
297	1.92042
298	1.91776
299	1.91473
300	1.91403
301	1.91129
302	1.9137
303	1.91314
304	1.91042
305	1.91674
306	1.91453
307	1.91436
308	1.91187
309	1.92791
310	1.92989
311	1.92736
312	1.92794
313	1.93012
314	1.9281
315	1.93035
316	1.93156
317	1.93885
318	1.93775
319	1.93804
320	1.93657
321	1.93834
322	1.93464
323	1.93078
324	1.92729
325	1.92589
326	1.92213
327	1.92148
328	1.91932
329	1.91652
330	1.9131
331	1.91366
332	1.91011
333	1.91058
334	1.90811
335	1.90482
336	1.90305
337	1.90112
338	1.90217
339	1.90088
340	1.9031
341	1.9029
342	1.90063
343	1.92819
344	1.92631
345	1.93513
346	1.93176
347	1.92868
348	1.92656
349	1.92339
350	1.92061
351	1.91791
352	1.9156
353	1.91444
354	1.91278
355	1.91565
356	1.91249
357	1.91033
358	1.90747
359	1.90704
360	1.90791
361	1.9055
362	1.90395
363	1.90438
364	1.9078
365	1.90621
366	1.90488
367	1.90375
368	1.90267
369	1.90109
370	1.9009
371	1.90101
372	1.90336
373	1.90027
374	1.8989
375	1.89619
376	1.89486
377	1.89325
378	1.89473
379	1.89119
380	1.8898
381	1.88739
382	1.88806
383	1.88933
384	1.88639
385	1.90021
386	1.89781
387	1.8966
388	1.89378
389	1.89217
390	1.89164
391	1.89491
392	1.89239
393	1.89014
394	1.89188
395	1.88973
396	1.89147
397	1.89036
398	1.88784
399	1.89
400	1.8872
401	1.88601
402	1.88387
403	1.88195
404	1.8801
405	1.88034
406	1.87897
407	1.87772
408	1.87563
409	1.87839
410	1.87566
411	1.87393
412	1.87548
413	1.87536
414	1.87315
415	1.87315
416	1.87104
417	1.87572
418	1.87434
419	1.8731
420	1.87591
421	1.8764
422	1.87768
423	1.8839
424	1.8836
425	1.8832
426	1.88437
427	1.88323
428	1.88364
429	1.88424
430	1.88158
431	1.88488
432	1.88299
433	1.88498
434	1.88373
435	1.88242
436	1.8821
437	1.88075
438	1.87946
439	1.8768
440	1.87787
441	1.8767
442	1.87584
443	1.87401
444	1.8723
445	1.87012
446	1.86837
447	1.87458
448	1.87283
449	1.87393
450	1.87233
451	1.87111
452	1.86934
453	1.8687
454	1.86871
455	1.867
456	1.86484
457	1.8632
458	1.86235
459	1.86364
460	1.86536
461	1.86916
462	1.86864
463	1.86795
464	1.86723
465	1.86639
466	1.86637
467	1.86491
468	1.86355
469	1.86195
470	1.86067
471	1.85887
472	1.85741
473	1.86037
474	1.86296
475	1.86144
476	1.86017
477	1.86214
478	1.86024
479	1.85997
480	1.85788
481	1.85548
482	1.86451
483	1.86283
484	1.8631
485	1.86202
486	1.86378
487	1.86742
488	1.86667
489	1.86828
490	1.86709
491	1.86964
492	1.87056
493	1.87298
494	1.87167
495	1.86936
496	1.86945
497	1.86842
498	1.86717
499	1.86818
