0	42.368
1	338.231
2	395.494
3	323.624
4	303.611
5	269.381
6	253.875
7	288.833
8	276.521
9	260.192
10	243.609
11	244.641
12	231.828
13	220.932
14	345.428
15	343.588
16	334.665
17	322.239
18	312.287
19	302.548
20	293.517
21	284.16
22	277.196
23	268.98
24	261.504
25	257.083
26	251.933
27	248.506
28	243.091
29	238.05
30	237.226
31	234.166
32	230.165
33	231.114
34	231.535
35	231.358
36	234.992
37	231.025
38	229.514
39	225.152
40	220.995
41	230.635
42	234.743
43	234.201
44	243.058
45	239.961
46	237.715
47	234.01
48	231.045
49	228.883
50	225.359
51	222.53
52	219.626
53	216.984
54	213.955
55	212.266
56	211.598
57	209.736
58	209.043
59	214.784
60	212.436
61	212.34
62	210.402
63	208.971
64	206.791
65	204.967
66	204.471
67	202.468
68	200.503
69	198.604
70	196.666
71	195.495
72	193.883
73	192.107
74	190.73
75	189.327
76	187.609
77	196.715
78	195.36
79	194.764
80	193.226
81	191.666
82	190.15
83	189.187
84	188.747
85	187.411
86	186.955
87	185.413
88	184.451
89	183.11
90	181.821
91	181.08
92	179.946
93	183.046
94	181.805
95	181.023
96	180.87
97	179.671
98	178.394
99	178.732
100	182.118
101	181.12
102	182.263
103	181.113
104	179.906
105	178.874
106	180.089
107	179.001
108	178.199
109	178.349
110	177.442
111	176.358
112	175.339
113	174.551
114	173.636
115	172.944
116	175.004
117	173.955
118	173.019
119	172.234
120	172.327
121	171.37
122	170.952
123	170.136
124	170.11
125	169.405
126	168.467
127	167.713
128	166.894
129	167.434
130	166.821
131	165.966
132	165.077
133	164.216
134	163.496
135	162.798
136	162.197
137	161.639
138	160.93
139	161.546
140	161.379
141	160.748
142	161.294
143	160.585
144	160.608
145	160.07
146	160.737
147	160.134
148	159.42
149	158.654
150	158.026
151	157.638
152	157.03
153	156.805
154	156.848
155	157.007
156	156.301
157	155.803
158	156.004
159	155.737
160	155.663
161	155.976
162	155.431
163	155.101
164	154.665
165	154.236
166	153.634
167	153.081
168	152.495
169	152.546
170	152.04
171	151.908
172	151.468
173	151.665
174	151.304
175	150.764
176	150.661
177	153.072
178	152.539
179	152.096
180	151.989
181	151.653
182	151.678
183	151.955
184	151.424
185	150.849
186	150.683
187	152.896
188	154.62
189	157.418
190	156.876
191	156.376
192	171.097
193	170.614
194	170.414
195	170.406
196	169.949
197	170.573
198	170.938
199	171.448
200	171.031
201	170.493
202	170.163
203	169.693
204	169.218
205	168.892
206	168.333
207	168.805
208	171.319
209	170.831
210	178.979
211	178.564
212	177.996
213	177.775
214	178.526
215	178.222
216	178.297
217	177.76
218	177.503
219	176.978
220	181.3
221	181.314
222	180.909
223	180.941
224	180.929
225	180.438
226	189.569
227	189.044
228	188.46
229	187.938
230	187.503
231	187.451
232	187.101
233	186.499
234	186.525
235	186.061
236	185.567
237	185.095
238	184.601
239	184.19
240	184.364
241	198.516
242	199.114
243	198.613
244	198.071
245	197.534
246	197.456
247	197.735
248	197.248
249	199.661
250	199.407
251	198.941
252	198.359
253	198.172
254	197.707
255	197.191
256	197.461
257	197.246
258	197.084
259	200.502
260	201.154
261	200.663
262	200.291
263	199.833
264	199.418
265	198.891
266	199.642
267	199.468
268	198.963
269	198.405
270	197.949
271	197.824
272	197.319
273	197.113
274	196.625
275	196.265
276	196.134
277	196.307
278	195.837
279	195.56
280	195.077
281	194.644
282	194.164
283	193.75
284	193.393
285	193.172
286	193.35
287	192.924
288	192.595
289	192.494
290	193.016
291	192.521
292	192.084
293	192.098
294	191.645
295	191.486
296	191.12
297	190.65
298	190.512
299	190.4
300	190.163
301	189.808
302	189.882
303	189.452
304	192.232
305	191.959
306	191.53
307	191.433
308	191.266
309	191.714
310	191.487
311	191.075
312	190.79
313	190.64
314	190.54
315	190.171
316	189.775
317	189.651
318	189.328
319	188.943
320	188.606
321	188.457
322	188.497
323	188.09
324	187.735
325	187.362
326	187.031
327	186.719
328	186.53
329	186.398
330	186.036
331	185.845
332	185.489
333	185.104
334	185.148
335	184.767
336	184.353
337	184.569
338	184.411
339	184.623
340	184.397
341	184.18
342	183.834
343	184.72
344	185.244
345	185.426
346	185.074
347	184.785
348	184.508
349	184.138
350	183.78
351	184.706
352	184.372
353	185.706
354	185.522
355	185.232
356	184.897
357	184.55
358	184.217
359	183.876
360	183.619
361	183.266
362	182.968
363	182.778
364	183.251
365	182.979
366	182.666
367	182.347
368	182.021
369	181.722
370	181.372
371	181.182
372	180.929
373	180.615
374	180.722
375	180.426
376	180.156
377	179.954
378	179.765
379	179.454
380	179.148
381	178.816
382	178.466
383	178.618
384	178.451
385	179.007
386	178.742
387	178.501
388	178.198
389	177.913
390	180.108
391	179.861
392	179.587
393	179.281
394	179.066
395	178.886
396	178.631
397	178.338
398	178.036
399	177.771
400	177.512
401	177.238
402	176.923
403	176.759
404	176.459
405	176.288
406	176.002
407	175.847
408	175.602
409	175.662
410	175.389
411	175.561
412	175.697
413	175.5
414	175.242
415	174.97
416	174.79
417	175.068
418	174.92
419	175.551
420	175.274
421	175.083
422	174.806
423	175.675
424	175.438
425	175.216
426	175.004
427	175.178
428	174.931
429	174.675
430	174.423
431	175.254
432	174.99
433	174.736
434	174.841
435	174.79
436	174.532
437	174.353
438	174.081
439	173.829
440	173.858
441	173.607
442	173.387
443	173.413
444	173.145
445	172.881
446	172.917
447	172.855
448	172.594
449	172.718
450	172.473
451	172.23
452	172.091
453	172.138
454	171.899
455	171.772
456	171.544
457	171.335
458	171.283
459	171.027
460	171.042
461	171.255
462	171.017
463	170.774
464	170.625
465	170.387
466	170.153
467	169.902
468	169.694
469	169.463
470	169.278
471	169.257
472	169.034
473	169.61
474	169.416
475	169.187
476	169.1
477	172.257
478	172.405
479	172.174
480	172.187
481	171.948
482	172.598
483	172.449
484	172.212
485	172.597
486	172.641
487	172.439
488	172.263
489	172.233
490	171.996
491	172.308
492	172.107
493	172.586
494	172.359
495	172.146
496	172.648
497	172.446
498	172.205
499	172.735
