0	2.58486
1	2.43613
2	2.33311
3	2.4473
4	2.38491
5	2.40848
6	2.42856
7	2.41681
8	2.41343
9	2.44327
10	2.41547
11	2.46673
12	2.53227
13	2.53089
14	2.49136
15	2.48575
16	2.49764
17	2.50833
18	2.4771
19	2.47381
20	2.46533
21	2.46897
22	2.44396
23	2.44065
24	2.44349
25	2.45002
26	2.47016
27	2.46465
28	2.46103
29	2.46297
30	2.45062
31	2.45938
32	2.47154
33	2.47228
34	2.46923
35	2.48552
36	2.47681
37	2.47675
38	2.48398
39	2.47982
40	2.46914
41	2.46431
42	2.45934
43	2.46597
44	2.45469
45	2.45569
46	2.45178
47	2.44477
48	2.44679
49	2.44999
50	2.44044
51	2.44747
52	2.45122
53	2.44797
54	2.44487
55	2.44433
56	2.44554
57	2.44852
58	2.45212
59	2.46076
60	2.4595
61	2.45436
62	2.45694
63	2.45724
64	2.46037
65	2.46114
66	2.4636
67	2.45778
68	2.45939
69	2.46129
70	2.46413
71	2.47063
72	2.47001
73	2.47041
74	2.47065
75	2.46785
76	2.47636
77	2.47113
78	2.47332
79	2.47077
80	2.47472
81	2.47786
82	2.47921
83	2.47474
84	2.47256
85	2.4662
86	2.46057
87	2.45747
88	2.4529
89	2.44855
90	2.45252
91	2.45738
92	2.4551
93	2.45317
94	2.45128
95	2.45282
96	2.44885
97	2.45172
98	2.4542
99	2.45401
100	2.45057
101	2.4499
102	2.45337
103	2.4499
104	2.45213
105	2.45066
106	2.45739
107	2.45546
108	2.45602
109	2.45323
110	2.45425
111	2.4517
112	2.45182
113	2.45395
114	2.45644
115	2.45444
116	2.45038
117	2.45212
118	2.45111
119	2.44954
120	2.45593
121	2.45643
122	2.45456
123	2.45718
124	2.46123
125	2.4603
126	2.45822
127	2.45905
128	2.46044
129	2.46169
130	2.45832
131	2.45834
132	2.46036
133	2.45856
134	2.45593
135	2.45696
136	2.4557
137	2.45472
138	2.45368
139	2.45903
140	2.46271
141	2.46068
142	2.45973
143	2.45613
144	2.45767
145	2.45651
146	2.45984
147	2.45821
148	2.45925
149	2.46119
150	2.46684
151	2.46771
152	2.46842
153	2.4672
154	2.46722
155	2.46686
156	2.46466
157	2.46491
158	2.46445
159	2.46939
160	2.46758
161	2.46515
162	2.4635
163	2.46205
164	2.46179
165	2.46002
166	2.45794
167	2.45967
168	2.45926
169	2.46026
170	2.45869
171	2.46048
172	2.45924
173	2.45728
174	2.45563
175	2.45447
176	2.45277
177	2.45091
178	2.45012
179	2.44969
180	2.44839
181	2.44888
182	2.44805
183	2.44697
184	2.44619
185	2.44729
186	2.45197
187	2.45074
188	2.44919
189	2.44889
190	2.44855
191	2.45175
192	2.45273
193	2.457
194	2.4589
195	2.45766
196	2.45681
197	2.45773
198	2.45682
199	2.4553
200	2.45673
201	2.45554
202	2.45606
203	2.4567
204	2.45575
205	2.45431
206	2.45499
207	2.4549
208	2.45429
209	2.45393
210	2.45368
211	2.45788
212	2.45956
213	2.45963
214	2.45878
215	2.45662
216	2.45833
217	2.45876
218	2.45761
219	2.4552
220	2.45375
221	2.45475
222	2.45307
223	2.45557
224	2.45369
225	2.45359
226	2.45314
227	2.45306
228	2.45329
229	2.45158
230	2.45031
231	2.4499
232	2.44871
233	2.4509
234	2.45236
235	2.45401
236	2.45424
237	2.45344
238	2.45334
239	2.45472
240	2.4542
241	2.4539
242	2.45432
243	2.45549
244	2.4558
245	2.45676
246	2.45706
247	2.45574
248	2.45737
249	2.45725
250	2.45711
251	2.45876
252	2.4578
253	2.4569
254	2.45674
255	2.4571
256	2.45582
257	2.45562
258	2.45571
259	2.45516
260	2.45416
261	2.45401
262	2.45454
263	2.4541
264	2.45407
265	2.4541
266	2.45456
267	2.45355
268	2.4562
269	2.45632
270	2.45567
271	2.45577
272	2.45531
273	2.45458
274	2.45462
275	2.45373
276	2.45503
277	2.45383
278	2.45343
279	2.45383
280	2.45793
281	2.45948
282	2.46101
283	2.46108
284	2.46043
285	2.45955
286	2.46115
287	2.45982
288	2.46128
289	2.46192
290	2.46123
291	2.46144
292	2.46144
293	2.46054
294	2.45976
295	2.45984
296	2.46028
297	2.45962
298	2.45777
299	2.45695
300	2.45771
301	2.45717
302	2.45674
303	2.45762
304	2.45799
305	2.45843
306	2.45964
307	2.46087
308	2.46077
309	2.4609
310	2.4606
311	2.46026
312	2.4616
313	2.4611
314	2.46149
315	2.46314
316	2.46469
317	2.46497
318	2.46352
319	2.46337
320	2.46273
321	2.46435
322	2.46453
323	2.46572
324	2.4666
325	2.46654
326	2.46581
327	2.4658
328	2.46704
329	2.46814
330	2.46753
331	2.4667
332	2.4657
333	2.46404
334	2.46578
335	2.46692
336	2.46743
337	2.46808
338	2.4693
339	2.4691
340	2.46897
341	2.46893
342	2.4683
343	2.46684
344	2.46542
345	2.46504
346	2.46498
347	2.46655
348	2.46687
349	2.46601
350	2.46504
351	2.46533
352	2.46394
353	2.46391
354	2.46358
355	2.46396
356	2.46415
357	2.46372
358	2.46268
359	2.46164
360	2.46207
361	2.46237
362	2.46325
363	2.46312
364	2.46226
365	2.46374
366	2.46309
367	2.46238
368	2.46235
369	2.46295
370	2.4631
371	2.4621
372	2.46208
373	2.46273
374	2.46231
375	2.46261
376	2.46256
377	2.46295
378	2.46302
379	2.46265
380	2.46407
381	2.46398
382	2.46307
383	2.46325
384	2.46377
385	2.46383
386	2.46412
387	2.46364
388	2.46488
389	2.46396
390	2.46468
391	2.46681
392	2.46808
393	2.46927
394	2.47001
395	2.4703
396	2.47025
397	2.47057
398	2.47069
399	2.47216
400	2.4733
401	2.47362
402	2.47277
403	2.4729
404	2.47364
405	2.47348
406	2.47297
407	2.47263
408	2.4739
409	2.47315
410	2.47427
411	2.47467
412	2.47487
413	2.47465
414	2.47426
415	2.47361
416	2.47319
417	2.47369
418	2.47377
419	2.47346
420	2.4736
421	2.47366
422	2.47326
423	2.47409
424	2.47386
425	2.47344
426	2.47451
427	2.475
428	2.47628
429	2.47727
430	2.4772
431	2.47788
432	2.47757
433	2.47736
434	2.47871
435	2.47854
436	2.47828
437	2.47761
438	2.47649
439	2.47615
440	2.4753
441	2.47612
442	2.47556
443	2.47513
444	2.47576
445	2.4763
446	2.47576
447	2.47582
448	2.47784
449	2.47758
450	2.47802
451	2.48056
452	2.48137
453	2.48015
454	2.47898
455	2.47916
456	2.47955
457	2.47973
458	2.47928
459	2.47876
460	2.4789
461	2.47954
462	2.47938
463	2.47849
464	2.47861
465	2.47859
466	2.47806
467	2.47902
468	2.48003
469	2.4817
470	2.48275
471	2.48308
472	2.48222
473	2.48183
474	2.48269
475	2.4822
476	2.48268
477	2.48218
478	2.48192
479	2.48155
480	2.48317
481	2.48358
482	2.48344
483	2.48332
484	2.48515
485	2.48607
486	2.48525
487	2.48528
488	2.48702
489	2.48769
490	2.48829
491	2.48819
492	2.48841
493	2.48873
494	2.48874
495	2.4883
496	2.48839
497	2.48879
498	2.48793
499	2.48826
500	2.48887
501	2.48917
502	2.48908
503	2.48922
504	2.48968
505	2.48996
506	2.48894
507	2.48882
508	2.48865
509	2.48893
510	2.48857
511	2.48987
512	2.49042
513	2.49033
514	2.48972
515	2.48898
516	2.4892
517	2.48822
518	2.48921
519	2.48907
520	2.4897
521	2.48979
522	2.49023
523	2.49038
524	2.49092
525	2.49126
526	2.49152
527	2.49164
528	2.49209
529	2.49261
530	2.4933
531	2.49318
532	2.49397
533	2.49382
534	2.49382
535	2.49292
536	2.49225
537	2.49253
538	2.49303
539	2.49369
540	2.49324
541	2.49239
542	2.49245
543	2.49209
544	2.49175
545	2.49145
546	2.49121
547	2.49084
548	2.49101
549	2.49211
550	2.49146
551	2.49149
552	2.49114
553	2.49074
554	2.49187
555	2.49204
556	2.49171
557	2.49144
558	2.49081
559	2.48988
560	2.48988
561	2.49055
562	2.49137
563	2.49062
564	2.49073
565	2.49054
566	2.49046
567	2.48996
568	2.48933
569	2.48902
570	2.49004
571	2.49048
572	2.49125
573	2.49066
574	2.49007
575	2.48995
576	2.49007
577	2.48949
578	2.48977
579	2.48938
580	2.48929
581	2.48895
582	2.48943
583	2.48932
584	2.48846
585	2.48801
586	2.48777
587	2.48746
588	2.48725
589	2.48704
590	2.48702
591	2.4862
592	2.48547
593	2.48488
594	2.48589
595	2.48593
596	2.48512
597	2.48559
598	2.48613
599	2.48728
600	2.48732
601	2.48649
602	2.48617
603	2.48684
604	2.48628
605	2.48695
606	2.48744
607	2.48742
608	2.48723
609	2.48749
610	2.48795
611	2.48716
612	2.48637
613	2.48658
614	2.48726
615	2.48701
616	2.48723
617	2.48709
618	2.48735
619	2.48802
620	2.48763
621	2.48748
622	2.48756
623	2.48764
624	2.48763
625	2.48894
626	2.48978
627	2.48962
628	2.48949
629	2.48902
630	2.48993
631	2.49048
632	2.48967
633	2.48987
634	2.49037
635	2.49046
636	2.49048
637	2.49046
638	2.49044
639	2.49075
640	2.49033
641	2.49056
642	2.49054
643	2.4902
644	2.49136
645	2.49131
646	2.49131
647	2.49189
648	2.49186
649	2.49163
650	2.49135
651	2.49092
652	2.49109
653	2.49093
654	2.49098
655	2.49115
656	2.49113
657	2.49116
658	2.49105
659	2.49177
660	2.4912
661	2.49057
662	2.49013
663	2.48979
664	2.48869
665	2.48924
666	2.48942
667	2.48991
668	2.48962
669	2.49018
670	2.49062
671	2.49037
672	2.49009
673	2.4905
674	2.48997
675	2.48977
676	2.48986
677	2.4896
678	2.48963
679	2.48957
680	2.48926
681	2.48915
682	2.48874
683	2.48922
684	2.4897
685	2.48944
686	2.48915
687	2.48864
688	2.48793
689	2.4877
690	2.48782
691	2.48779
692	2.48749
693	2.48745
694	2.48727
695	2.48698
696	2.48718
697	2.48743
698	2.4873
699	2.4873
700	2.48766
701	2.48866
702	2.48828
703	2.48881
704	2.48848
705	2.48822
706	2.48792
707	2.48791
708	2.48817
709	2.48856
710	2.48851
711	2.4884
712	2.48825
713	2.48816
714	2.48966
715	2.48906
716	2.48914
717	2.48932
718	2.48967
719	2.48979
720	2.49043
721	2.49085
722	2.49079
723	2.49101
724	2.49084
725	2.49202
726	2.49253
727	2.49255
728	2.49288
729	2.49229
730	2.49196
731	2.49122
732	2.49141
733	2.49182
734	2.49222
735	2.49252
736	2.49332
737	2.49339
738	2.49274
739	2.49261
740	2.49265
741	2.49295
742	2.49332
743	2.49347
744	2.49282
745	2.49264
746	2.49258
747	2.49237
748	2.49279
749	2.49248
750	2.49337
751	2.49363
752	2.49323
753	2.49308
754	2.49404
755	2.49418
756	2.49456
757	2.49447
758	2.49415
759	2.49431
760	2.494
761	2.4931
762	2.49353
763	2.49341
764	2.49333
765	2.49369
766	2.49387
767	2.49357
768	2.49372
769	2.49335
770	2.49344
771	2.49394
772	2.49456
773	2.49459
774	2.49501
775	2.49482
776	2.49413
777	2.4944
778	2.49449
779	2.49436
780	2.49389
781	2.49356
782	2.49419
783	2.49383
784	2.49381
785	2.49346
786	2.49352
787	2.49365
788	2.49372
789	2.49349
790	2.49314
791	2.49319
792	2.49363
793	2.49346
794	2.49316
795	2.49295
796	2.49314
797	2.49352
798	2.49324
799	2.49286
800	2.49278
801	2.49287
802	2.49302
803	2.4939
804	2.49381
805	2.49356
806	2.49326
807	2.49305
808	2.49278
809	2.49222
810	2.49212
811	2.49256
812	2.49287
813	2.4925
814	2.49295
815	2.49251
816	2.49329
817	2.49378
818	2.49332
819	2.49334
820	2.49348
821	2.49329
822	2.4929
823	2.49282
824	2.49299
825	2.49315
826	2.49339
827	2.49294
828	2.49333
829	2.49343
830	2.49268
831	2.49232
832	2.49232
833	2.49236
834	2.49196
835	2.49246
836	2.49178
837	2.49171
838	2.4923
839	2.49221
840	2.49273
841	2.49257
842	2.49195
843	2.49143
844	2.49167
845	2.49142
846	2.49128
847	2.49161
848	2.49144
849	2.49145
850	2.49107
851	2.49137
852	2.49154
853	2.49195
854	2.49201
855	2.49186
856	2.49175
857	2.49179
858	2.49163
859	2.49145
860	2.49182
861	2.49155
862	2.49166
863	2.4928
864	2.49273
865	2.49271
866	2.49261
867	2.49309
868	2.49317
869	2.49317
870	2.49295
871	2.49303
872	2.49265
873	2.49252
874	2.49304
875	2.49258
876	2.49298
877	2.49289
878	2.49266
879	2.49238
880	2.49229
881	2.493
882	2.49331
883	2.49312
884	2.49255
885	2.49264
886	2.49303
887	2.4923
888	2.49188
889	2.49241
890	2.49273
891	2.49263
892	2.49262
893	2.49277
894	2.49303
895	2.49306
896	2.49296
897	2.49282
898	2.49263
899	2.49305
900	2.4928
901	2.49252
902	2.4925
903	2.4924
904	2.49261
905	2.49284
906	2.49283
907	2.49312
908	2.49269
909	2.49259
910	2.49302
911	2.49301
912	2.49279
913	2.49315
914	2.49314
915	2.49283
916	2.49335
917	2.49324
918	2.49267
919	2.49246
920	2.49275
921	2.49221
922	2.49289
923	2.49277
924	2.49271
925	2.49287
926	2.49263
927	2.49269
928	2.4928
929	2.49331
930	2.49367
931	2.49359
932	2.4931
933	2.49333
934	2.49336
935	2.49344
936	2.49362
937	2.49294
938	2.49342
939	2.49334
940	2.49344
941	2.49284
942	2.49212
943	2.4918
944	2.4926
945	2.49214
946	2.49274
947	2.49236
948	2.49226
949	2.4923
950	2.49229
951	2.49243
952	2.49247
953	2.49207
954	2.49184
955	2.49144
956	2.4912
957	2.49093
958	2.4911
959	2.49113
960	2.49158
961	2.49164
962	2.49193
963	2.49168
964	2.49214
965	2.49211
966	2.49241
967	2.49225
968	2.492
969	2.49192
970	2.49174
971	2.49216
972	2.49188
973	2.49146
974	2.49147
975	2.49169
976	2.49171
977	2.49192
978	2.49221
979	2.49291
980	2.49267
981	2.4927
982	2.49256
983	2.49231
984	2.49193
985	2.49147
986	2.49128
987	2.49136
988	2.49133
989	2.49154
990	2.49136
991	2.49212
992	2.49225
993	2.49257
994	2.49285
995	2.49238
996	2.49237
997	2.49225
998	2.49191
999	2.49215
