0	0.309064
1	0.308569
2	0.26093
3	0.261195
4	0.254868
5	0.246037
6	0.239437
7	0.242398
8	0.244423
9	0.245488
10	0.238799
11	0.242064
12	0.240649
13	0.241551
14	0.238327
15	0.241151
16	0.240567
17	0.246788
18	0.242106
19	0.242547
20	0.239881
21	0.240724
22	0.237569
23	0.236625
24	0.237529
25	0.23943
26	0.239503
27	0.237481
28	0.238611
29	0.241379
30	0.240904
31	0.241642
32	0.241194
33	0.240486
34	0.239908
35	0.242507
36	0.24092
37	0.241057
38	0.241851
39	0.241603
40	0.240462
41	0.240195
42	0.240079
43	0.239352
44	0.238219
45	0.23886
46	0.238248
47	0.237017
48	0.237142
49	0.237269
50	0.237004
51	0.238008
52	0.238411
53	0.238314
54	0.236487
55	0.235417
56	0.23758
57	0.237029
58	0.236269
59	0.238415
60	0.237337
61	0.236836
62	0.236528
63	0.236454
64	0.236165
65	0.235727
66	0.235528
67	0.235591
68	0.236438
69	0.236878
70	0.237468
71	0.237924
72	0.238944
73	0.238585
74	0.238876
75	0.238471
76	0.239167
77	0.23831
78	0.238309
79	0.2393
80	0.239676
81	0.239783
82	0.239596
83	0.239229
84	0.238525
85	0.237186
86	0.236684
87	0.236902
88	0.236468
89	0.236013
90	0.235679
91	0.23594
92	0.236964
93	0.236804
94	0.236908
95	0.237212
96	0.236176
97	0.23631
98	0.236396
99	0.236771
100	0.236197
101	0.235906
102	0.236461
103	0.236074
104	0.236536
105	0.236067
106	0.237318
107	0.236861
108	0.237305
109	0.236959
110	0.237024
111	0.23658
112	0.236162
113	0.236484
114	0.236674
115	0.2363
116	0.236388
117	0.236378
118	0.236253
119	0.236438
120	0.237035
121	0.2371
122	0.237304
123	0.238723
124	0.239491
125	0.239137
126	0.239488
127	0.240194
128	0.240092
129	0.240697
130	0.240596
131	0.240118
132	0.240221
133	0.239631
134	0.239763
135	0.240321
136	0.24022
137	0.239765
138	0.239737
139	0.241072
140	0.241528
141	0.240806
142	0.240672
143	0.240303
144	0.240961
145	0.241158
146	0.242185
147	0.242301
148	0.24226
149	0.241749
150	0.241954
151	0.242388
152	0.242347
153	0.242293
154	0.242585
155	0.243033
156	0.24308
157	0.242966
158	0.242943
159	0.243091
160	0.242825
161	0.242533
162	0.242565
163	0.242813
164	0.242692
165	0.242389
166	0.242016
167	0.24213
168	0.241916
169	0.242036
170	0.241888
171	0.242105
172	0.241908
173	0.241874
174	0.241814
175	0.241301
176	0.241437
177	0.241337
178	0.240921
179	0.240982
180	0.240631
181	0.240784
182	0.240688
183	0.240605
184	0.240618
185	0.240482
186	0.240619
187	0.240849
188	0.240721
189	0.240582
190	0.240192
191	0.241074
192	0.241241
193	0.241285
194	0.241828
195	0.24178
196	0.241662
197	0.241843
198	0.241521
199	0.24139
200	0.241807
201	0.241657
202	0.241685
203	0.241706
204	0.241357
205	0.241034
206	0.241347
207	0.241211
208	0.240759
209	0.240691
210	0.240897
211	0.241553
212	0.241662
213	0.241347
214	0.241509
215	0.241605
216	0.241853
217	0.241769
218	0.241664
219	0.241306
220	0.241316
221	0.241161
222	0.241007
223	0.241084
224	0.240813
225	0.241068
226	0.241348
227	0.241568
228	0.241604
229	0.241552
230	0.241484
231	0.241535
232	0.241366
233	0.241757
234	0.241811
235	0.242017
236	0.241922
237	0.24162
238	0.241954
239	0.242195
240	0.241982
241	0.241786
242	0.24163
243	0.241785
244	0.242134
245	0.242599
246	0.242429
247	0.242181
248	0.2422
249	0.242658
250	0.242763
251	0.242774
252	0.242612
253	0.242616
254	0.242749
255	0.242816
256	0.242607
257	0.242506
258	0.242389
259	0.242306
260	0.242196
261	0.242121
262	0.242033
263	0.24184
264	0.241868
265	0.242035
266	0.242247
267	0.242036
268	0.242307
269	0.242475
270	0.242354
271	0.242155
272	0.242181
273	0.242155
274	0.242311
275	0.242305
276	0.242484
277	0.242252
278	0.242245
279	0.242176
280	0.242168
281	0.242223
282	0.242404
283	0.242455
284	0.242331
285	0.242185
286	0.242429
287	0.242244
288	0.242491
289	0.24268
290	0.242511
291	0.242443
292	0.242645
293	0.242351
294	0.24244
295	0.24276
296	0.242908
297	0.242798
298	0.242489
299	0.242339
300	0.242293
301	0.242075
302	0.242244
303	0.242305
304	0.242179
305	0.241974
306	0.242
307	0.242021
308	0.242116
309	0.242095
310	0.241971
311	0.242092
312	0.242158
313	0.242081
314	0.242191
315	0.242211
316	0.242416
317	0.242482
318	0.242577
319	0.24259
320	0.242603
321	0.242726
322	0.242936
323	0.242751
324	0.242841
325	0.243069
326	0.243252
327	0.243395
328	0.243443
329	0.243502
330	0.243274
331	0.2433
332	0.24327
333	0.24308
334	0.243692
335	0.24394
336	0.243904
337	0.243927
338	0.243829
339	0.243831
340	0.244016
341	0.243939
342	0.243901
343	0.243792
344	0.243834
345	0.243731
346	0.243636
347	0.244027
348	0.244031
349	0.244124
350	0.244041
351	0.244272
352	0.244397
353	0.244324
354	0.244278
355	0.244275
356	0.244361
357	0.24437
358	0.244225
359	0.244194
360	0.244252
361	0.24419
362	0.244152
363	0.244145
364	0.244079
365	0.244026
366	0.244021
367	0.244004
368	0.243865
369	0.24371
370	0.243711
371	0.243626
372	0.243535
373	0.243858
374	0.244119
375	0.244116
376	0.244256
377	0.244278
378	0.244396
379	0.244463
380	0.244774
381	0.244827
382	0.244708
383	0.24471
384	0.244784
385	0.244811
386	0.244938
387	0.244812
388	0.244938
389	0.244956
390	0.245145
391	0.245234
392	0.245308
393	0.245154
394	0.245095
395	0.244981
396	0.245243
397	0.245214
398	0.245294
399	0.245612
400	0.24569
401	0.245768
402	0.24559
403	0.24566
404	0.24596
405	0.245872
406	0.245795
407	0.246094
408	0.2462
409	0.246046
410	0.246088
411	0.246168
412	0.246226
413	0.246148
414	0.24621
415	0.24613
416	0.246016
417	0.246058
418	0.245874
419	0.245917
420	0.246084
421	0.246162
422	0.246427
423	0.246383
424	0.246208
425	0.246322
426	0.246388
427	0.246501
428	0.246444
429	0.24648
430	0.246619
431	0.246701
432	0.246575
433	0.246547
434	0.247073
435	0.247054
436	0.247208
437	0.247116
438	0.247033
439	0.247135
440	0.246992
441	0.247085
442	0.24701
443	0.246936
444	0.24707
445	0.247175
446	0.247068
447	0.247013
448	0.247075
449	0.247015
450	0.247135
451	0.247332
452	0.247291
453	0.247111
454	0.247063
455	0.24695
456	0.247052
457	0.247236
458	0.247253
459	0.247164
460	0.247128
461	0.247197
462	0.247075
463	0.246932
464	0.247085
465	0.247211
466	0.247235
467	0.247205
468	0.247416
469	0.247688
470	0.247736
471	0.247747
472	0.247736
473	0.247725
474	0.247775
475	0.247752
476	0.247726
477	0.247705
478	0.247506
479	0.247514
480	0.247699
481	0.247641
482	0.247754
483	0.247743
484	0.247825
485	0.24785
486	0.247757
487	0.247757
488	0.247871
489	0.247799
490	0.247796
491	0.247872
492	0.248033
493	0.248091
494	0.24806
495	0.247951
496	0.248069
497	0.248133
498	0.248101
499	0.248271
500	0.248256
501	0.248168
502	0.248184
503	0.248384
504	0.248353
505	0.24843
506	0.24825
507	0.248222
508	0.248314
509	0.248298
510	0.248349
511	0.248407
512	0.24849
513	0.248515
514	0.248459
515	0.248374
516	0.248376
517	0.248306
518	0.248391
519	0.248366
520	0.248262
521	0.248233
522	0.248294
523	0.248371
524	0.248405
525	0.248434
526	0.24855
527	0.248553
528	0.248565
529	0.24873
530	0.248782
531	0.248764
532	0.248862
533	0.248882
534	0.248885
535	0.248738
536	0.248654
537	0.248602
538	0.248505
539	0.248537
540	0.248512
541	0.248449
542	0.248387
543	0.248402
544	0.248388
545	0.248451
546	0.248406
547	0.248301
548	0.248228
549	0.248217
550	0.248201
551	0.248142
552	0.248013
553	0.247925
554	0.248199
555	0.248277
556	0.248152
557	0.248199
558	0.248149
559	0.248061
560	0.247996
561	0.248101
562	0.248071
563	0.248055
564	0.248241
565	0.248158
566	0.248151
567	0.248011
568	0.24798
569	0.247981
570	0.248039
571	0.248056
572	0.24813
573	0.248111
574	0.247986
575	0.247959
576	0.248025
577	0.247969
578	0.247883
579	0.247787
580	0.24779
581	0.247825
582	0.247899
583	0.247826
584	0.247662
585	0.247668
586	0.247538
587	0.247503
588	0.247476
589	0.247507
590	0.247407
591	0.24738
592	0.24734
593	0.247376
594	0.247599
595	0.247558
596	0.247428
597	0.247531
598	0.247735
599	0.247765
600	0.247867
601	0.247845
602	0.247779
603	0.247699
604	0.247613
605	0.247605
606	0.247512
607	0.247556
608	0.247497
609	0.247471
610	0.247483
611	0.247378
612	0.247236
613	0.247212
614	0.247174
615	0.247143
616	0.24717
617	0.24721
618	0.247169
619	0.247254
620	0.247262
621	0.247231
622	0.24729
623	0.24726
624	0.247242
625	0.247271
626	0.247451
627	0.247327
628	0.247345
629	0.247309
630	0.247397
631	0.247467
632	0.247399
633	0.24738
634	0.247467
635	0.247379
636	0.247367
637	0.247439
638	0.247423
639	0.24752
640	0.247525
641	0.247726
642	0.247831
643	0.247813
644	0.247906
645	0.247873
646	0.247811
647	0.247842
648	0.247717
649	0.247746
650	0.247696
651	0.247674
652	0.24783
653	0.247878
654	0.247832
655	0.24786
656	0.247786
657	0.247956
658	0.247877
659	0.247879
660	0.247796
661	0.247757
662	0.247835
663	0.247793
664	0.247688
665	0.247752
666	0.247802
667	0.247958
668	0.247862
669	0.247914
670	0.247972
671	0.247934
672	0.247886
673	0.247879
674	0.247811
675	0.247771
676	0.247808
677	0.247805
678	0.247728
679	0.247821
680	0.247697
681	0.247676
682	0.247716
683	0.24767
684	0.247745
685	0.247777
686	0.247704
687	0.247663
688	0.247542
689	0.24748
690	0.247488
691	0.247677
692	0.247599
693	0.247639
694	0.247674
695	0.247681
696	0.247765
697	0.247802
698	0.247747
699	0.247739
700	0.247864
701	0.248072
702	0.248068
703	0.248044
704	0.247976
705	0.247929
706	0.247889
707	0.247941
708	0.248006
709	0.248047
710	0.248061
711	0.248034
712	0.248038
713	0.248066
714	0.248015
715	0.247989
716	0.247955
717	0.248056
718	0.248124
719	0.24817
720	0.2482
721	0.248191
722	0.248245
723	0.248268
724	0.248257
725	0.248374
726	0.248333
727	0.248303
728	0.248336
729	0.248261
730	0.248223
731	0.248246
732	0.248382
733	0.248363
734	0.248403
735	0.248394
736	0.248515
737	0.248409
738	0.24832
739	0.248327
740	0.248423
741	0.248468
742	0.248423
743	0.248397
744	0.248376
745	0.248497
746	0.248504
747	0.248548
748	0.248615
749	0.248574
750	0.248589
751	0.248557
752	0.248573
753	0.248556
754	0.248683
755	0.248671
756	0.24888
757	0.248807
758	0.248712
759	0.248805
760	0.248813
761	0.248744
762	0.248841
763	0.248954
764	0.248886
765	0.249006
766	0.248994
767	0.248999
768	0.249017
769	0.249044
770	0.249193
771	0.249313
772	0.249324
773	0.249272
774	0.249374
775	0.249397
776	0.249347
777	0.249412
778	0.249366
779	0.24942
780	0.249335
781	0.249288
782	0.249414
783	0.249396
784	0.249434
785	0.249345
786	0.249347
787	0.249369
788	0.249285
789	0.249259
790	0.249174
791	0.249213
792	0.249241
793	0.24923
794	0.24921
795	0.249227
796	0.249223
797	0.249287
798	0.249224
799	0.249231
800	0.249291
801	0.249307
802	0.249311
803	0.249241
804	0.24926
805	0.24923
806	0.249228
807	0.249144
808	0.24908
809	0.249005
810	0.249024
811	0.249088
812	0.249082
813	0.249111
814	0.249146
815	0.249106
816	0.249184
817	0.249274
818	0.249218
819	0.249193
820	0.249155
821	0.249127
822	0.249107
823	0.249045
824	0.249107
825	0.249103
826	0.249193
827	0.249206
828	0.249214
829	0.249253
830	0.249268
831	0.24918
832	0.249245
833	0.249139
834	0.249134
835	0.249126
836	0.249024
837	0.248972
838	0.249067
839	0.249058
840	0.249059
841	0.249103
842	0.248984
843	0.248935
844	0.249002
845	0.249051
846	0.249176
847	0.249178
848	0.249213
849	0.249183
850	0.249147
851	0.24915
852	0.249192
853	0.249158
854	0.249131
855	0.249176
856	0.249172
857	0.249259
858	0.249224
859	0.249296
860	0.249301
861	0.249272
862	0.249182
863	0.249423
864	0.249478
865	0.249503
866	0.249496
867	0.249478
868	0.24945
869	0.249345
870	0.249222
871	0.249286
872	0.249235
873	0.249206
874	0.249365
875	0.249266
876	0.249306
877	0.249304
878	0.249204
879	0.249243
880	0.249249
881	0.249206
882	0.24937
883	0.249282
884	0.249244
885	0.249267
886	0.24933
887	0.249214
888	0.249197
889	0.249389
890	0.24936
891	0.249331
892	0.249413
893	0.249443
894	0.249461
895	0.249472
896	0.249484
897	0.24946
898	0.249417
899	0.249442
900	0.249464
901	0.24947
902	0.249505
903	0.249501
904	0.249495
905	0.249516
906	0.249498
907	0.249508
908	0.249487
909	0.249426
910	0.249479
911	0.249508
912	0.249463
913	0.249612
914	0.249627
915	0.249634
916	0.249711
917	0.24968
918	0.249617
919	0.249524
920	0.249502
921	0.249488
922	0.249626
923	0.249621
924	0.249585
925	0.249551
926	0.249481
927	0.249435
928	0.249511
929	0.24959
930	0.249616
931	0.249617
932	0.249519
933	0.24959
934	0.249596
935	0.249582
936	0.249736
937	0.249662
938	0.249775
939	0.249726
940	0.249748
941	0.249636
942	0.249576
943	0.249479
944	0.2496
945	0.249567
946	0.249657
947	0.249605
948	0.249605
949	0.249686
950	0.249644
951	0.249622
952	0.249564
953	0.249462
954	0.249464
955	0.249401
956	0.24937
957	0.24932
958	0.249423
959	0.249372
960	0.249427
961	0.24948
962	0.249456
963	0.249466
964	0.249474
965	0.249418
966	0.249401
967	0.249337
968	0.249299
969	0.249299
970	0.249284
971	0.249271
972	0.24927
973	0.24924
974	0.249168
975	0.249174
976	0.249142
977	0.249198
978	0.24921
979	0.249305
980	0.249275
981	0.249253
982	0.249227
983	0.249147
984	0.249139
985	0.249096
986	0.249013
987	0.249037
988	0.249014
989	0.249001
990	0.248965
991	0.24901
992	0.249054
993	0.249034
994	0.249142
995	0.249078
996	0.249096
997	0.249076
998	0.249033
999	0.248991
