0	0.113234
1	0.116158
2	0.120768
3	0.119102
4	0.117778
5	0.11576
6	0.115348
7	0.116738
8	0.116397
9	0.115719
10	0.115709
11	0.115213
12	0.115482
13	0.114462
14	0.114581
15	0.114612
16	0.114684
17	0.115203
18	0.115127
19	0.115382
20	0.11621
21	0.115922
22	0.116236
23	0.116034
24	0.115801
25	0.115016
26	0.115122
27	0.114804
28	0.114472
29	0.11404
30	0.114058
31	0.114224
32	0.114299
33	0.114223
34	0.114285
35	0.114119
36	0.114298
37	0.114151
38	0.114256
39	0.114486
40	0.114309
41	0.114294
42	0.114123
43	0.113967
44	0.11374
45	0.113873
46	0.114168
47	0.113803
48	0.113691
49	0.113761
50	0.113764
51	0.114041
52	0.113703
53	0.11349
54	0.113442
55	0.113303
56	0.113408
57	0.113359
58	0.113174
59	0.113066
60	0.113306
61	0.113122
62	0.11298
63	0.112823
64	0.11259
65	0.112544
66	0.112354
67	0.112455
68	0.11248
69	0.112449
70	0.112266
71	0.112084
72	0.111937
73	0.112095
74	0.111988
75	0.11206
76	0.11198
77	0.111934
78	0.111805
79	0.111746
80	0.111768
81	0.111681
82	0.111566
83	0.111621
84	0.111744
85	0.111865
86	0.111727
87	0.111717
88	0.111632
89	0.111539
90	0.111578
91	0.11148
92	0.111407
93	0.111491
94	0.111474
95	0.111533
96	0.111584
97	0.111716
98	0.111844
99	0.111801
100	0.111755
101	0.111812
102	0.111708
103	0.111568
104	0.111595
105	0.111615
106	0.111555
107	0.111515
108	0.111676
109	0.111657
110	0.111683
111	0.111663
112	0.111634
113	0.111672
114	0.11161
115	0.111638
116	0.111655
117	0.111678
118	0.111606
119	0.111617
120	0.111706
121	0.111856
122	0.111723
123	0.111772
124	0.111737
125	0.111745
126	0.111751
127	0.111741
128	0.111764
129	0.111828
130	0.111885
131	0.11185
132	0.111806
133	0.111819
134	0.111802
135	0.111822
136	0.111833
137	0.111885
138	0.111981
139	0.112072
140	0.112151
141	0.112069
142	0.112025
143	0.112056
144	0.112014
145	0.112085
146	0.112037
147	0.111929
148	0.111988
149	0.111956
150	0.111965
151	0.111966
152	0.11194
153	0.111927
154	0.111923
155	0.111907
156	0.111836
157	0.111882
158	0.111863
159	0.111954
160	0.111929
161	0.111889
162	0.111919
163	0.111908
164	0.111902
165	0.111834
166	0.111777
167	0.111834
168	0.111827
169	0.111817
170	0.111852
171	0.111833
172	0.111832
173	0.111787
174	0.111761
175	0.111747
176	0.111695
177	0.111654
178	0.111634
179	0.111683
180	0.111695
181	0.111673
182	0.111554
183	0.111563
184	0.111584
185	0.111597
186	0.111609
187	0.111629
188	0.111642
189	0.111642
190	0.111683
191	0.111668
192	0.111718
193	0.111715
194	0.111652
195	0.111635
196	0.111648
197	0.111702
198	0.111725
199	0.111704
200	0.111731
201	0.11171
202	0.111715
203	0.111715
204	0.11171
205	0.111657
206	0.111621
207	0.111567
208	0.111543
209	0.111513
210	0.111487
211	0.11148
212	0.111467
213	0.111516
214	0.111508
215	0.111491
216	0.111514
217	0.111482
218	0.111429
219	0.111368
220	0.111371
221	0.111398
222	0.111382
223	0.111375
224	0.111387
225	0.111387
226	0.111372
227	0.111349
228	0.111338
229	0.111381
230	0.111399
231	0.111392
232	0.111407
233	0.111397
234	0.111363
235	0.111325
236	0.11129
237	0.11127
238	0.111252
239	0.11128
240	0.111284
241	0.111315
242	0.111318
243	0.111313
244	0.111331
245	0.111273
246	0.111316
247	0.111258
248	0.111304
249	0.111318
250	0.111358
251	0.111392
252	0.111397
253	0.111419
254	0.111445
255	0.111485
256	0.111528
257	0.111595
258	0.111664
259	0.111711
260	0.111765
261	0.111727
262	0.111725
263	0.111761
264	0.111759
265	0.111743
266	0.111718
267	0.111695
268	0.111742
269	0.11173
270	0.11173
271	0.111691
272	0.111667
273	0.111645
274	0.111678
275	0.111669
276	0.111734
277	0.111708
278	0.111718
279	0.111692
280	0.11165
281	0.111648
282	0.111654
283	0.111687
284	0.111671
285	0.111648
286	0.111626
287	0.111641
288	0.111696
289	0.111688
290	0.111663
291	0.111603
292	0.111609
293	0.111597
294	0.111627
295	0.111563
296	0.111566
297	0.111598
298	0.111589
299	0.111591
300	0.111624
301	0.111676
302	0.111696
303	0.111743
304	0.111737
305	0.111737
306	0.111669
307	0.11171
308	0.111729
309	0.111748
310	0.111784
311	0.111773
312	0.111786
313	0.111767
314	0.11178
315	0.111796
316	0.11178
317	0.111759
318	0.111719
319	0.111673
320	0.11168
321	0.111686
322	0.111701
323	0.111708
324	0.111716
325	0.111675
326	0.111669
327	0.111636
328	0.11165
329	0.11166
330	0.111685
331	0.111678
332	0.111658
333	0.111601
334	0.111605
335	0.111584
336	0.111603
337	0.11164
338	0.111637
339	0.111598
340	0.111586
341	0.111604
342	0.11159
343	0.111583
344	0.111588
345	0.111592
346	0.111591
347	0.11155
348	0.111525
349	0.111512
350	0.111525
351	0.111534
352	0.11155
353	0.111548
354	0.111509
355	0.111509
356	0.111499
357	0.111518
358	0.111499
359	0.111508
360	0.111505
361	0.111494
362	0.11147
363	0.111499
364	0.111481
365	0.111452
366	0.111429
367	0.11147
368	0.111438
369	0.111421
370	0.111393
371	0.111383
372	0.11139
373	0.111357
374	0.111361
375	0.111404
376	0.111403
377	0.111364
378	0.111405
379	0.111446
380	0.111446
381	0.111425
382	0.11142
383	0.111418
384	0.11139
385	0.111372
386	0.111416
387	0.111458
388	0.111428
389	0.111455
390	0.111459
391	0.111497
392	0.111505
393	0.111501
394	0.111506
395	0.111517
396	0.111487
397	0.111472
398	0.111476
399	0.111488
400	0.111455
401	0.111434
402	0.11142
403	0.111403
404	0.111368
405	0.111352
406	0.111377
407	0.11139
408	0.111399
409	0.111402
410	0.111386
411	0.111369
412	0.111356
413	0.111335
414	0.11132
415	0.111316
416	0.111283
417	0.111299
418	0.111293
419	0.111323
420	0.111332
421	0.111322
422	0.111341
423	0.111312
424	0.111309
425	0.111289
426	0.1113
427	0.111269
428	0.111258
429	0.11123
430	0.111238
431	0.111194
432	0.111161
433	0.111184
434	0.111196
435	0.111219
436	0.111199
437	0.111207
438	0.111209
439	0.11121
440	0.111179
441	0.111176
442	0.111196
443	0.111185
444	0.111169
445	0.111156
446	0.111159
447	0.111177
448	0.111196
449	0.11118
450	0.111167
451	0.111159
452	0.111163
453	0.111184
454	0.111187
455	0.111163
456	0.111149
457	0.111177
458	0.111148
459	0.111143
460	0.111136
461	0.111125
462	0.111143
463	0.111104
464	0.111086
465	0.111056
466	0.11104
467	0.111047
468	0.111051
469	0.111056
470	0.111061
471	0.111043
472	0.111035
473	0.111015
474	0.111028
475	0.111051
476	0.111061
477	0.111056
478	0.111043
479	0.111027
480	0.111041
481	0.111061
482	0.111053
483	0.111089
484	0.111064
485	0.111075
486	0.111092
487	0.111105
488	0.111094
489	0.111107
490	0.111094
491	0.111133
492	0.111109
493	0.111109
494	0.11112
495	0.111118
496	0.111128
497	0.111142
498	0.111124
499	0.111135
500	0.111162
501	0.11118
502	0.111161
503	0.111148
504	0.111168
505	0.111164
506	0.111192
507	0.111189
508	0.111168
509	0.111176
510	0.111172
511	0.11117
512	0.111166
513	0.111173
514	0.111136
515	0.111162
516	0.111169
517	0.111176
518	0.111176
519	0.111163
520	0.111148
521	0.111164
522	0.11115
523	0.111138
524	0.111141
525	0.111151
526	0.111131
527	0.111131
528	0.111152
529	0.111124
530	0.111124
531	0.111089
532	0.111072
533	0.111058
534	0.11109
535	0.11109
536	0.111104
537	0.111097
538	0.111118
539	0.111105
540	0.11109
541	0.111105
542	0.111089
543	0.111094
544	0.111079
545	0.111067
546	0.11107
547	0.111085
548	0.111106
549	0.11113
550	0.111118
551	0.111132
552	0.111147
553	0.111138
554	0.111118
555	0.111108
556	0.111102
557	0.111071
558	0.111075
559	0.111055
560	0.111056
561	0.111055
562	0.11109
563	0.111115
564	0.111083
565	0.11109
566	0.111081
567	0.111099
568	0.11109
569	0.111071
570	0.111065
571	0.11108
572	0.111084
573	0.111102
574	0.111101
575	0.111079
576	0.11109
577	0.111083
578	0.111109
579	0.111117
580	0.111106
581	0.111108
582	0.111122
583	0.111128
584	0.111106
585	0.111112
586	0.111097
587	0.111097
588	0.111126
589	0.111103
590	0.111113
591	0.111111
592	0.111103
593	0.111102
594	0.111119
595	0.111103
596	0.111096
597	0.111107
598	0.111131
599	0.111099
600	0.111093
601	0.111059
602	0.11103
603	0.111033
604	0.11103
605	0.111012
606	0.11101
607	0.111022
608	0.111019
609	0.111025
610	0.111022
611	0.111025
612	0.111031
613	0.111023
614	0.111021
615	0.111041
616	0.111054
617	0.111048
618	0.111072
619	0.111084
620	0.111068
621	0.111085
622	0.111085
623	0.111083
624	0.111071
625	0.111075
626	0.111091
627	0.111118
628	0.111131
629	0.111117
630	0.11109
631	0.111101
632	0.111098
633	0.111098
634	0.111101
635	0.111088
636	0.111077
637	0.111076
638	0.111067
639	0.111063
640	0.111079
641	0.111056
642	0.111048
643	0.111039
644	0.111046
645	0.111039
646	0.111043
647	0.111037
648	0.111029
649	0.111023
650	0.111015
651	0.111003
652	0.111028
653	0.111033
654	0.111041
655	0.111036
656	0.111043
657	0.111029
658	0.111033
659	0.111022
660	0.111004
661	0.110995
662	0.111019
663	0.111016
664	0.111001
665	0.111007
666	0.110995
667	0.111006
668	0.110995
669	0.110974
670	0.110968
671	0.110974
672	0.110982
673	0.110987
674	0.110993
675	0.110988
676	0.110989
677	0.110992
678	0.110998
679	0.110967
680	0.110952
681	0.110973
682	0.110963
683	0.110986
684	0.110993
685	0.110996
686	0.111001
687	0.111017
688	0.111015
689	0.111003
690	0.111006
691	0.111015
692	0.111003
693	0.111001
694	0.111004
695	0.111004
696	0.111005
697	0.110996
698	0.110988
699	0.110981
700	0.110983
701	0.110971
702	0.110972
703	0.110991
704	0.111012
705	0.111001
706	0.110998
707	0.111004
708	0.111006
709	0.111017
710	0.111015
711	0.111021
712	0.111011
713	0.110989
714	0.110975
715	0.110973
716	0.110965
717	0.110968
718	0.110968
719	0.110949
720	0.110954
721	0.11094
722	0.110928
723	0.110931
724	0.110946
725	0.110926
726	0.110919
727	0.110925
728	0.110904
729	0.110905
730	0.110905
731	0.1109
732	0.110891
733	0.110891
734	0.110903
735	0.110892
736	0.110887
737	0.110879
738	0.110888
739	0.110892
740	0.110896
741	0.110883
742	0.110882
743	0.110883
744	0.110898
745	0.110911
746	0.110903
747	0.110919
748	0.110913
749	0.1109
750	0.110913
751	0.11092
752	0.110916
753	0.110906
754	0.110898
755	0.110879
756	0.110877
757	0.110885
758	0.110874
759	0.11088
760	0.110892
761	0.110886
762	0.110895
763	0.110896
764	0.11091
765	0.110895
766	0.110907
767	0.110904
768	0.110902
769	0.110911
770	0.110921
771	0.110928
772	0.11092
773	0.110922
774	0.110905
775	0.110904
776	0.110906
777	0.110897
778	0.110884
779	0.110871
780	0.110863
781	0.110869
782	0.110856
783	0.11087
784	0.110866
785	0.110885
786	0.110891
787	0.110913
788	0.110908
789	0.110905
790	0.110898
791	0.110896
792	0.110894
793	0.1109
794	0.110895
795	0.110907
796	0.110923
797	0.110927
798	0.110941
799	0.110945
800	0.11094
801	0.110956
802	0.110951
803	0.110945
804	0.110954
805	0.110965
806	0.110962
807	0.110974
808	0.110974
809	0.110976
810	0.110967
811	0.110979
812	0.110973
813	0.110969
814	0.110959
815	0.110974
816	0.11098
817	0.11098
818	0.110961
819	0.110956
820	0.110951
821	0.11095
822	0.110946
823	0.110949
824	0.110956
825	0.110948
826	0.11093
827	0.11094
828	0.110934
829	0.110923
830	0.110926
831	0.110935
832	0.110952
833	0.110956
834	0.110947
835	0.11096
836	0.110963
837	0.110949
838	0.110952
839	0.110943
840	0.110933
841	0.110939
842	0.110932
843	0.110931
844	0.110929
845	0.110929
846	0.110926
847	0.110939
848	0.110941
849	0.110934
850	0.110954
851	0.110956
852	0.110943
853	0.110935
854	0.110937
855	0.110953
856	0.110947
857	0.110951
858	0.110942
859	0.11096
860	0.110957
861	0.110954
862	0.110958
863	0.110947
864	0.110966
865	0.110975
866	0.110976
867	0.110976
868	0.110996
869	0.110984
870	0.110982
871	0.11096
872	0.110947
873	0.110945
874	0.110949
875	0.110945
876	0.110945
877	0.110945
878	0.110955
879	0.110956
880	0.110962
881	0.110973
882	0.110965
883	0.110961
884	0.110963
885	0.110943
886	0.110939
887	0.110923
888	0.110924
889	0.110924
890	0.110926
891	0.110921
892	0.110923
893	0.110916
894	0.110908
895	0.110904
896	0.110899
897	0.110893
898	0.11089
899	0.11089
900	0.110882
901	0.110884
902	0.110885
903	0.110882
904	0.110887
905	0.110887
906	0.110886
907	0.110879
908	0.110889
909	0.110872
910	0.11086
911	0.110864
912	0.11085
913	0.110837
914	0.110833
915	0.110833
916	0.110833
917	0.110829
918	0.110838
919	0.110847
920	0.110837
921	0.110837
922	0.110855
923	0.110866
924	0.110864
925	0.110861
926	0.110848
927	0.11084
928	0.110839
929	0.110834
930	0.110845
931	0.110838
932	0.110833
933	0.110829
934	0.110834
935	0.110823
936	0.11083
937	0.110827
938	0.110812
939	0.110817
940	0.110812
941	0.110799
942	0.110814
943	0.110819
944	0.11082
945	0.110811
946	0.110807
947	0.110803
948	0.110794
949	0.110795
950	0.110798
951	0.110799
952	0.110789
953	0.11079
954	0.110799
955	0.110796
956	0.110787
957	0.110793
958	0.110801
959	0.110797
960	0.110791
961	0.110785
962	0.110796
963	0.110802
964	0.110801
965	0.11081
966	0.110796
967	0.110807
968	0.11081
969	0.110803
970	0.110808
971	0.110796
972	0.11081
973	0.110818
974	0.110823
975	0.110823
976	0.110829
977	0.110817
978	0.110809
979	0.110835
980	0.110842
981	0.110847
982	0.110842
983	0.11084
984	0.110835
985	0.110841
986	0.110849
987	0.11084
988	0.110852
989	0.110849
990	0.110859
991	0.110861
992	0.110848
993	0.110855
994	0.110857
995	0.110846
996	0.110849
997	0.110858
998	0.110864
999	0.110863
