0	0.00973234
1	0.0121872
2	0.0128674
3	0.0124869
4	0.0123225
5	0.0117023
6	0.0115106
7	0.0117344
8	0.0116252
9	0.0114771
10	0.0112314
11	0.0111184
12	0.0110024
13	0.0107555
14	0.0106927
15	0.0106336
16	0.0106754
17	0.0108884
18	0.0107682
19	0.01096
20	0.0112583
21	0.0113894
22	0.0114718
23	0.0114768
24	0.0113898
25	0.0112077
26	0.0112485
27	0.0112245
28	0.0111643
29	0.0111204
30	0.0111618
31	0.0112132
32	0.0112641
33	0.0112333
34	0.011237
35	0.0111998
36	0.0112151
37	0.0112771
38	0.0113212
39	0.0113714
40	0.011342
41	0.0112503
42	0.0111982
43	0.0111323
44	0.0110901
45	0.0111783
46	0.011284
47	0.0112046
48	0.0111744
49	0.0111968
50	0.0111927
51	0.0112729
52	0.0111494
53	0.0111084
54	0.011083
55	0.0110403
56	0.0111675
57	0.0111342
58	0.0110874
59	0.0110764
60	0.0112025
61	0.0111295
62	0.011098
63	0.0110226
64	0.0109617
65	0.0109261
66	0.0108546
67	0.0108916
68	0.0109119
69	0.01095
70	0.0108801
71	0.0108591
72	0.0108063
73	0.0109071
74	0.0109079
75	0.0109287
76	0.0109465
77	0.0109735
78	0.010932
79	0.0109113
80	0.0109716
81	0.010934
82	0.0109153
83	0.0109445
84	0.0109592
85	0.0110338
86	0.0109893
87	0.0110173
88	0.0109887
89	0.0109618
90	0.010953
91	0.0109495
92	0.0109288
93	0.0109706
94	0.0109775
95	0.011003
96	0.0110078
97	0.0110556
98	0.0110935
99	0.0110788
100	0.0110763
101	0.0110677
102	0.0110138
103	0.0110026
104	0.0110579
105	0.0110503
106	0.0110206
107	0.0110069
108	0.0110412
109	0.0110291
110	0.0110422
111	0.0110583
112	0.0110572
113	0.01106
114	0.0110583
115	0.0110421
116	0.0110509
117	0.011082
118	0.0110689
119	0.0110715
120	0.0111158
121	0.0112216
122	0.0111844
123	0.0111927
124	0.0111563
125	0.0111528
126	0.0111834
127	0.0111594
128	0.0111675
129	0.0111775
130	0.0112112
131	0.0111735
132	0.011142
133	0.0111497
134	0.0111377
135	0.0111235
136	0.0111471
137	0.0111485
138	0.0111697
139	0.0111779
140	0.0111874
141	0.0111675
142	0.0111608
143	0.0111716
144	0.0111662
145	0.0111722
146	0.0111717
147	0.011166
148	0.0112044
149	0.0111919
150	0.0112173
151	0.0112068
152	0.0112066
153	0.0111998
154	0.0111856
155	0.011178
156	0.0111766
157	0.0111752
158	0.0111714
159	0.0111826
160	0.0112023
161	0.0111916
162	0.0111893
163	0.0111858
164	0.0111917
165	0.0111694
166	0.0111666
167	0.01119
168	0.0111593
169	0.0111731
170	0.0111708
171	0.0111705
172	0.011186
173	0.0111782
174	0.0111747
175	0.011178
176	0.0111636
177	0.011151
178	0.0111556
179	0.0111593
180	0.0111403
181	0.011141
182	0.0111141
183	0.0111249
184	0.0111423
185	0.0111364
186	0.0111345
187	0.0111271
188	0.011131
189	0.011135
190	0.011154
191	0.0111514
192	0.011163
193	0.0111519
194	0.0111415
195	0.0111223
196	0.0111207
197	0.0111328
198	0.0111329
199	0.0111328
200	0.0111429
201	0.0111313
202	0.0111325
203	0.0111447
204	0.0111361
205	0.0111336
206	0.011117
207	0.0111073
208	0.0111039
209	0.0110956
210	0.0110902
211	0.0110991
212	0.0110911
213	0.0111042
214	0.0110939
215	0.0110862
216	0.011085
217	0.0110648
218	0.0110503
219	0.0110251
220	0.0110105
221	0.0110008
222	0.0109984
223	0.0109963
224	0.0110158
225	0.0110385
226	0.0110351
227	0.0110394
228	0.0110468
229	0.0110715
230	0.0110827
231	0.0110806
232	0.011093
233	0.0110902
234	0.0110814
235	0.0110828
236	0.0110707
237	0.0110704
238	0.0110578
239	0.0110648
240	0.0110533
241	0.0110631
242	0.0110591
243	0.0110413
244	0.0110561
245	0.011046
246	0.0110447
247	0.0110225
248	0.0110368
249	0.0110466
250	0.0110471
251	0.0110441
252	0.0110546
253	0.0110637
254	0.0110835
255	0.0110846
256	0.0111078
257	0.011128
258	0.0111384
259	0.0111549
260	0.0111612
261	0.0111625
262	0.0111513
263	0.0111568
264	0.0111493
265	0.0111374
266	0.0111348
267	0.0111325
268	0.0111602
269	0.011157
270	0.0111537
271	0.0111475
272	0.0111455
273	0.011141
274	0.0111512
275	0.0111448
276	0.0111601
277	0.0111487
278	0.0111485
279	0.0111423
280	0.0111329
281	0.0111394
282	0.0111301
283	0.0111546
284	0.0111545
285	0.0111463
286	0.0111491
287	0.0111454
288	0.0111631
289	0.0111605
290	0.0111553
291	0.0111384
292	0.0111345
293	0.0111304
294	0.0111381
295	0.0111282
296	0.0111229
297	0.0111443
298	0.0111408
299	0.0111394
300	0.0111496
301	0.0111625
302	0.0111677
303	0.0111813
304	0.01118
305	0.0111712
306	0.0111553
307	0.0111659
308	0.0111809
309	0.0111807
310	0.0111935
311	0.0111903
312	0.0111916
313	0.0111835
314	0.0111782
315	0.0111964
316	0.0111974
317	0.0112071
318	0.0112016
319	0.0111936
320	0.011197
321	0.011203
322	0.0112052
323	0.0112048
324	0.0112093
325	0.0112037
326	0.0112069
327	0.0112074
328	0.0112122
329	0.011216
330	0.0112035
331	0.0111978
332	0.0111946
333	0.0111835
334	0.0111865
335	0.011182
336	0.0111837
337	0.0111864
338	0.0111801
339	0.0111667
340	0.0111677
341	0.0111761
342	0.0111707
343	0.0111685
344	0.0111747
345	0.0111712
346	0.0111645
347	0.0111636
348	0.011159
349	0.0111557
350	0.011158
351	0.0111629
352	0.0111727
353	0.0111647
354	0.0111631
355	0.0111605
356	0.0111625
357	0.0111555
358	0.0111503
359	0.0111573
360	0.0111637
361	0.011164
362	0.0111553
363	0.0111728
364	0.011169
365	0.0111589
366	0.0111639
367	0.0111772
368	0.0111739
369	0.0111635
370	0.0111604
371	0.0111515
372	0.0111468
373	0.0111495
374	0.0111467
375	0.0111624
376	0.0111646
377	0.0111655
378	0.0111751
379	0.0111891
380	0.0111908
381	0.0111858
382	0.0111876
383	0.0111759
384	0.0111712
385	0.0111686
386	0.0111875
387	0.0111987
388	0.0111846
389	0.011188
390	0.0111854
391	0.0111991
392	0.0112169
393	0.0112163
394	0.0112156
395	0.0112208
396	0.0112155
397	0.0112163
398	0.0112139
399	0.0112188
400	0.0112116
401	0.0112074
402	0.0112059
403	0.0111993
404	0.0111907
405	0.0111808
406	0.0111891
407	0.0111901
408	0.011186
409	0.0111872
410	0.0111862
411	0.0111894
412	0.0111892
413	0.0111839
414	0.0111768
415	0.0111708
416	0.0111671
417	0.0111745
418	0.0111752
419	0.0111778
420	0.0111772
421	0.0111737
422	0.0111717
423	0.0111613
424	0.011162
425	0.0111539
426	0.0111559
427	0.0111496
428	0.0111404
429	0.0111303
430	0.0111363
431	0.0111244
432	0.0111134
433	0.0111215
434	0.0111291
435	0.0111369
436	0.0111304
437	0.0111306
438	0.011127
439	0.0111252
440	0.0111272
441	0.0111226
442	0.0111371
443	0.0111315
444	0.0111271
445	0.0111237
446	0.0111109
447	0.011118
448	0.0111185
449	0.0111131
450	0.0111065
451	0.0110969
452	0.0110986
453	0.0110997
454	0.0111034
455	0.0110966
456	0.0110891
457	0.0110936
458	0.0110821
459	0.0110816
460	0.0110744
461	0.0110706
462	0.0110727
463	0.0110687
464	0.0110649
465	0.0110619
466	0.0110554
467	0.0110584
468	0.0110601
469	0.0110623
470	0.0110628
471	0.01106
472	0.0110509
473	0.0110401
474	0.011047
475	0.0110503
476	0.0110508
477	0.0110575
478	0.0110491
479	0.0110501
480	0.0110588
481	0.0110696
482	0.0110741
483	0.0110971
484	0.0110896
485	0.0110855
486	0.0110836
487	0.0110883
488	0.0110923
489	0.0110924
490	0.0110906
491	0.0111067
492	0.0111003
493	0.0110989
494	0.0110999
495	0.0110928
496	0.0110988
497	0.0110999
498	0.0110896
499	0.0110916
500	0.0110999
501	0.0111044
502	0.0110983
503	0.0110902
504	0.0111006
505	0.0111049
506	0.01111
507	0.0111095
508	0.0111072
509	0.0111075
510	0.0111071
511	0.0111006
512	0.0110899
513	0.0110902
514	0.0110842
515	0.0110857
516	0.0110949
517	0.0110917
518	0.011093
519	0.0110893
520	0.0110868
521	0.0110929
522	0.0110871
523	0.0110797
524	0.0110806
525	0.0110805
526	0.011074
527	0.0110735
528	0.0110763
529	0.0110662
530	0.011069
531	0.0110627
532	0.0110584
533	0.0110602
534	0.01107
535	0.0110672
536	0.0110711
537	0.0110712
538	0.0110852
539	0.0110796
540	0.0110739
541	0.0110759
542	0.0110721
543	0.0110692
544	0.0110635
545	0.011064
546	0.0110593
547	0.0110596
548	0.0110649
549	0.01107
550	0.0110713
551	0.0110782
552	0.011086
553	0.0110869
554	0.0110792
555	0.0110809
556	0.0110725
557	0.0110695
558	0.0110693
559	0.0110628
560	0.0110651
561	0.0110627
562	0.0110688
563	0.011079
564	0.0110731
565	0.0110757
566	0.011074
567	0.0110763
568	0.011073
569	0.011067
570	0.0110613
571	0.0110569
572	0.0110576
573	0.0110686
574	0.0110704
575	0.0110644
576	0.011073
577	0.0110699
578	0.0110757
579	0.0110768
580	0.011075
581	0.0110721
582	0.0110725
583	0.0110762
584	0.011068
585	0.0110617
586	0.0110526
587	0.011053
588	0.0110666
589	0.0110572
590	0.0110596
591	0.0110588
592	0.0110599
593	0.0110607
594	0.0110635
595	0.0110607
596	0.0110555
597	0.0110535
598	0.0110577
599	0.0110564
600	0.0110555
601	0.0110465
602	0.0110361
603	0.011037
604	0.0110365
605	0.0110311
606	0.0110299
607	0.0110338
608	0.0110278
609	0.0110286
610	0.0110243
611	0.0110273
612	0.0110338
613	0.0110291
614	0.0110294
615	0.0110348
616	0.0110391
617	0.011037
618	0.0110466
619	0.0110517
620	0.0110501
621	0.0110505
622	0.0110509
623	0.0110457
624	0.0110437
625	0.011037
626	0.0110454
627	0.0110589
628	0.011061
629	0.0110555
630	0.0110464
631	0.011047
632	0.0110492
633	0.0110442
634	0.0110418
635	0.0110385
636	0.0110368
637	0.0110371
638	0.0110336
639	0.0110325
640	0.0110376
641	0.0110333
642	0.0110361
643	0.0110374
644	0.0110384
645	0.0110343
646	0.0110327
647	0.0110257
648	0.0110275
649	0.011027
650	0.0110268
651	0.0110245
652	0.011025
653	0.0110229
654	0.0110276
655	0.0110225
656	0.0110238
657	0.0110191
658	0.0110177
659	0.0110109
660	0.0110066
661	0.0110085
662	0.0110139
663	0.0110135
664	0.0110059
665	0.0110069
666	0.0110033
667	0.0110061
668	0.0110025
669	0.0109955
670	0.0109939
671	0.010997
672	0.0109983
673	0.0110003
674	0.0110051
675	0.0110018
676	0.0109997
677	0.0110017
678	0.0110027
679	0.0109944
680	0.0109858
681	0.0109933
682	0.0109932
683	0.0110039
684	0.0110033
685	0.0110053
686	0.0110066
687	0.0110111
688	0.0110111
689	0.0110068
690	0.0110051
691	0.0110106
692	0.0110091
693	0.0110055
694	0.0110079
695	0.0110128
696	0.0110137
697	0.0110096
698	0.0110042
699	0.0109971
700	0.0109966
701	0.0109934
702	0.0109935
703	0.0109992
704	0.0110073
705	0.0110017
706	0.010997
707	0.0109997
708	0.0110028
709	0.0110087
710	0.0110074
711	0.0110094
712	0.011009
713	0.011003
714	0.010999
715	0.0109948
716	0.0109897
717	0.0109898
718	0.0109909
719	0.0109874
720	0.0109858
721	0.0109805
722	0.0109775
723	0.0109769
724	0.0109783
725	0.0109738
726	0.0109727
727	0.0109727
728	0.01097
729	0.0109736
730	0.0109739
731	0.0109737
732	0.0109711
733	0.0109691
734	0.0109697
735	0.0109647
736	0.0109621
737	0.0109598
738	0.0109587
739	0.010956
740	0.0109606
741	0.0109544
742	0.0109538
743	0.0109542
744	0.0109593
745	0.0109646
746	0.0109629
747	0.0109681
748	0.0109629
749	0.0109593
750	0.0109605
751	0.0109621
752	0.0109593
753	0.0109587
754	0.0109567
755	0.0109488
756	0.0109491
757	0.0109528
758	0.0109479
759	0.0109513
760	0.0109598
761	0.010958
762	0.0109643
763	0.0109642
764	0.0109702
765	0.0109683
766	0.0109688
767	0.0109677
768	0.0109688
769	0.01097
770	0.0109719
771	0.0109757
772	0.0109729
773	0.0109681
774	0.0109663
775	0.0109635
776	0.0109619
777	0.0109582
778	0.0109511
779	0.0109499
780	0.0109485
781	0.0109502
782	0.0109455
783	0.0109449
784	0.0109392
785	0.0109441
786	0.0109454
787	0.0109459
788	0.0109422
789	0.0109412
790	0.0109396
791	0.010941
792	0.0109391
793	0.0109375
794	0.0109373
795	0.0109364
796	0.0109374
797	0.0109365
798	0.0109397
799	0.0109405
800	0.0109409
801	0.0109452
802	0.0109396
803	0.0109403
804	0.0109421
805	0.0109453
806	0.0109429
807	0.010952
808	0.0109504
809	0.0109496
810	0.0109464
811	0.0109514
812	0.0109457
813	0.0109466
814	0.0109464
815	0.0109497
816	0.0109458
817	0.0109442
818	0.0109391
819	0.0109417
820	0.0109391
821	0.0109422
822	0.0109365
823	0.0109386
824	0.01094
825	0.0109374
826	0.0109342
827	0.0109417
828	0.0109397
829	0.0109367
830	0.0109383
831	0.0109377
832	0.0109385
833	0.010938
834	0.0109329
835	0.0109377
836	0.0109387
837	0.0109326
838	0.0109313
839	0.0109292
840	0.0109277
841	0.0109336
842	0.010931
843	0.0109376
844	0.0109357
845	0.0109382
846	0.0109371
847	0.0109393
848	0.0109402
849	0.010937
850	0.0109496
851	0.0109477
852	0.0109423
853	0.010941
854	0.0109394
855	0.0109486
856	0.010944
857	0.0109462
858	0.0109436
859	0.0109477
860	0.0109488
861	0.0109493
862	0.0109491
863	0.0109472
864	0.0109594
865	0.0109642
866	0.0109643
867	0.0109634
868	0.0109716
869	0.0109703
870	0.0109688
871	0.0109627
872	0.0109553
873	0.0109566
874	0.0109552
875	0.0109562
876	0.010957
877	0.0109564
878	0.01096
879	0.0109602
880	0.0109603
881	0.0109648
882	0.010965
883	0.0109679
884	0.0109661
885	0.0109641
886	0.0109636
887	0.0109616
888	0.0109629
889	0.0109631
890	0.0109639
891	0.0109615
892	0.0109614
893	0.0109571
894	0.0109553
895	0.0109569
896	0.0109533
897	0.0109543
898	0.0109521
899	0.0109511
900	0.0109539
901	0.0109544
902	0.010955
903	0.0109542
904	0.0109526
905	0.0109509
906	0.0109511
907	0.0109508
908	0.0109562
909	0.0109528
910	0.0109483
911	0.0109483
912	0.0109443
913	0.0109427
914	0.0109435
915	0.0109412
916	0.0109425
917	0.0109414
918	0.01094
919	0.0109394
920	0.010936
921	0.0109366
922	0.0109384
923	0.0109384
924	0.0109352
925	0.0109349
926	0.0109318
927	0.0109313
928	0.0109327
929	0.0109334
930	0.010937
931	0.0109375
932	0.0109322
933	0.0109298
934	0.0109325
935	0.0109342
936	0.0109307
937	0.0109308
938	0.0109301
939	0.0109329
940	0.0109331
941	0.0109313
942	0.0109382
943	0.0109419
944	0.010943
945	0.0109398
946	0.0109406
947	0.0109407
948	0.0109372
949	0.0109391
950	0.0109377
951	0.0109368
952	0.0109337
953	0.0109365
954	0.0109395
955	0.0109365
956	0.0109343
957	0.0109392
958	0.0109415
959	0.0109377
960	0.0109398
961	0.0109397
962	0.0109434
963	0.0109481
964	0.0109479
965	0.0109504
966	0.0109462
967	0.0109494
968	0.0109516
969	0.0109505
970	0.0109484
971	0.0109448
972	0.0109497
973	0.0109504
974	0.010947
975	0.0109498
976	0.0109494
977	0.0109458
978	0.0109435
979	0.0109528
980	0.0109531
981	0.0109542
982	0.0109532
983	0.010957
984	0.0109579
985	0.0109618
986	0.0109677
987	0.0109659
988	0.0109694
989	0.0109699
990	0.0109721
991	0.01097
992	0.0109697
993	0.0109794
994	0.0109826
995	0.01098
996	0.0109794
997	0.0109834
998	0.0109851
999	0.0109838
