0	1.11791
1	1.1267
2	1.14672
3	1.14482
4	1.14492
5	1.12726
6	1.13131
7	1.13697
8	1.13812
9	1.13673
10	1.13526
11	1.13596
12	1.13745
13	1.12944
14	1.13377
15	1.1315
16	1.12794
17	1.13058
18	1.12874
19	1.13079
20	1.13457
21	1.13215
22	1.13606
23	1.13561
24	1.13142
25	1.12898
26	1.12921
27	1.12882
28	1.12841
29	1.12643
30	1.12665
31	1.12627
32	1.12782
33	1.12488
34	1.12328
35	1.12306
36	1.12268
37	1.12169
38	1.12376
39	1.12713
40	1.12607
41	1.12744
42	1.12684
43	1.12525
44	1.12439
45	1.12606
46	1.12919
47	1.12739
48	1.12633
49	1.12701
50	1.12642
51	1.12855
52	1.12558
53	1.12558
54	1.12606
55	1.12504
56	1.12686
57	1.12748
58	1.1263
59	1.12471
60	1.12709
61	1.126
62	1.12405
63	1.1228
64	1.12158
65	1.12158
66	1.12001
67	1.12019
68	1.11973
69	1.12056
70	1.11973
71	1.11857
72	1.1175
73	1.11872
74	1.11866
75	1.11834
76	1.11893
77	1.11795
78	1.11731
79	1.11654
80	1.11707
81	1.11616
82	1.11528
83	1.11572
84	1.11639
85	1.11687
86	1.11554
87	1.11615
88	1.11498
89	1.11543
90	1.11545
91	1.11555
92	1.11476
93	1.11577
94	1.11606
95	1.11642
96	1.11621
97	1.11757
98	1.11838
99	1.11772
100	1.11768
101	1.11783
102	1.11727
103	1.11643
104	1.11649
105	1.11622
106	1.11622
107	1.11595
108	1.1168
109	1.11643
110	1.11681
111	1.1173
112	1.11702
113	1.11742
114	1.11708
115	1.1176
116	1.11767
117	1.11813
118	1.11717
119	1.11733
120	1.11761
121	1.11851
122	1.11822
123	1.11835
124	1.11845
125	1.11866
126	1.11874
127	1.1182
128	1.11895
129	1.11927
130	1.11979
131	1.11926
132	1.11865
133	1.11859
134	1.11811
135	1.11814
136	1.11803
137	1.11823
138	1.11826
139	1.11918
140	1.11974
141	1.11906
142	1.11872
143	1.11909
144	1.11905
145	1.11963
146	1.11914
147	1.11847
148	1.11887
149	1.11894
150	1.11904
151	1.11869
152	1.11886
153	1.11862
154	1.11846
155	1.11838
156	1.11796
157	1.11808
158	1.11793
159	1.11803
160	1.11773
161	1.11758
162	1.11734
163	1.11753
164	1.11726
165	1.11622
166	1.11573
167	1.11618
168	1.11611
169	1.1164
170	1.11662
171	1.11629
172	1.11639
173	1.11572
174	1.11553
175	1.11563
176	1.1156
177	1.11523
178	1.11509
179	1.11514
180	1.11468
181	1.11492
182	1.11419
183	1.11416
184	1.11396
185	1.11389
186	1.1137
187	1.11401
188	1.11406
189	1.11392
190	1.11409
191	1.11371
192	1.11409
193	1.11438
194	1.1139
195	1.11352
196	1.11336
197	1.11339
198	1.11345
199	1.11357
200	1.1137
201	1.11358
202	1.1132
203	1.11324
204	1.11343
205	1.11339
206	1.11331
207	1.11273
208	1.11259
209	1.1123
210	1.11234
211	1.11255
212	1.11256
213	1.11286
214	1.11263
215	1.11253
216	1.11253
217	1.11199
218	1.11166
219	1.11159
220	1.1113
221	1.11126
222	1.11114
223	1.11101
224	1.11131
225	1.11148
226	1.11167
227	1.11138
228	1.11129
229	1.11166
230	1.11201
231	1.1122
232	1.1123
233	1.11242
234	1.11227
235	1.11228
236	1.11202
237	1.11175
238	1.11139
239	1.11156
240	1.11155
241	1.11168
242	1.11159
243	1.11162
244	1.11171
245	1.11116
246	1.11134
247	1.11089
248	1.11125
249	1.11147
250	1.11192
251	1.11183
252	1.11195
253	1.11215
254	1.11249
255	1.11271
256	1.11312
257	1.11359
258	1.11383
259	1.11405
260	1.11419
261	1.11408
262	1.11412
263	1.1142
264	1.11431
265	1.11422
266	1.11413
267	1.11418
268	1.11455
269	1.11456
270	1.11452
271	1.11423
272	1.11405
273	1.11385
274	1.11407
275	1.11393
276	1.11411
277	1.11399
278	1.11414
279	1.11414
280	1.11387
281	1.11378
282	1.11408
283	1.11427
284	1.1141
285	1.11384
286	1.1136
287	1.11364
288	1.11385
289	1.11391
290	1.11359
291	1.11329
292	1.1132
293	1.1132
294	1.11341
295	1.11313
296	1.11328
297	1.11355
298	1.1135
299	1.11356
300	1.11379
301	1.11407
302	1.11398
303	1.11439
304	1.11423
305	1.11408
306	1.11373
307	1.11394
308	1.11412
309	1.11424
310	1.11453
311	1.11443
312	1.11443
313	1.11428
314	1.11429
315	1.11447
316	1.11451
317	1.11457
318	1.11411
319	1.11393
320	1.11406
321	1.11424
322	1.11428
323	1.11418
324	1.11441
325	1.11409
326	1.1143
327	1.11441
328	1.11437
329	1.11431
330	1.11455
331	1.11435
332	1.1143
333	1.11407
334	1.11408
335	1.11402
336	1.11423
337	1.11444
338	1.11449
339	1.11425
340	1.1142
341	1.11422
342	1.11406
343	1.11418
344	1.11406
345	1.1141
346	1.11417
347	1.11405
348	1.11396
349	1.11368
350	1.11366
351	1.11356
352	1.11382
353	1.11399
354	1.11401
355	1.11403
356	1.11399
357	1.11373
358	1.11347
359	1.11373
360	1.11375
361	1.11381
362	1.11378
363	1.114
364	1.11393
365	1.11374
366	1.11369
367	1.1139
368	1.11385
369	1.11361
370	1.1133
371	1.11313
372	1.11312
373	1.11311
374	1.11313
375	1.11347
376	1.11363
377	1.11347
378	1.11373
379	1.1139
380	1.1138
381	1.11371
382	1.11363
383	1.11359
384	1.11348
385	1.11345
386	1.11384
387	1.11402
388	1.11375
389	1.11386
390	1.11372
391	1.11393
392	1.11409
393	1.11391
394	1.11385
395	1.11389
396	1.11368
397	1.11375
398	1.11372
399	1.11382
400	1.11357
401	1.1134
402	1.11319
403	1.11302
404	1.11284
405	1.11271
406	1.11285
407	1.1128
408	1.11275
409	1.11273
410	1.11267
411	1.11266
412	1.11258
413	1.11264
414	1.11242
415	1.11219
416	1.11209
417	1.11214
418	1.11223
419	1.11244
420	1.11237
421	1.11228
422	1.11231
423	1.11197
424	1.11173
425	1.11169
426	1.11164
427	1.11143
428	1.1114
429	1.1112
430	1.11126
431	1.11108
432	1.11079
433	1.11104
434	1.11103
435	1.11121
436	1.11108
437	1.11119
438	1.11113
439	1.11104
440	1.11088
441	1.11084
442	1.11104
443	1.11097
444	1.11084
445	1.11068
446	1.11065
447	1.11071
448	1.11083
449	1.11068
450	1.11045
451	1.11036
452	1.1104
453	1.11055
454	1.11065
455	1.11056
456	1.11041
457	1.11069
458	1.11054
459	1.11051
460	1.11038
461	1.11019
462	1.11034
463	1.11014
464	1.11009
465	1.11001
466	1.10981
467	1.10989
468	1.10985
469	1.10975
470	1.10979
471	1.1097
472	1.10957
473	1.10964
474	1.10968
475	1.10995
476	1.11007
477	1.11
478	1.10994
479	1.10984
480	1.11002
481	1.11008
482	1.10995
483	1.1102
484	1.11009
485	1.11019
486	1.11026
487	1.11035
488	1.11041
489	1.11047
490	1.11024
491	1.11054
492	1.11037
493	1.11032
494	1.11044
495	1.1105
496	1.11063
497	1.11075
498	1.1107
499	1.11081
500	1.11092
501	1.11101
502	1.11092
503	1.11082
504	1.11101
505	1.11109
506	1.11125
507	1.11125
508	1.11115
509	1.11112
510	1.11107
511	1.11107
512	1.11098
513	1.11095
514	1.11079
515	1.11088
516	1.11098
517	1.11086
518	1.11094
519	1.1108
520	1.11067
521	1.11075
522	1.11058
523	1.1104
524	1.11036
525	1.11035
526	1.11023
527	1.11017
528	1.11021
529	1.11013
530	1.11001
531	1.10975
532	1.10961
533	1.10959
534	1.10982
535	1.10986
536	1.10991
537	1.10995
538	1.11021
539	1.11011
540	1.10991
541	1.10997
542	1.10984
543	1.11
544	1.1099
545	1.10982
546	1.10988
547	1.10992
548	1.10999
549	1.11013
550	1.11015
551	1.11015
552	1.1102
553	1.11027
554	1.11016
555	1.11015
556	1.11007
557	1.10993
558	1.10993
559	1.10983
560	1.10994
561	1.10981
562	1.10996
563	1.11006
564	1.10997
565	1.11001
566	1.11003
567	1.1101
568	1.11006
569	1.10986
570	1.10981
571	1.10987
572	1.10993
573	1.11004
574	1.11009
575	1.10994
576	1.10994
577	1.10991
578	1.11007
579	1.11016
580	1.11013
581	1.11022
582	1.11025
583	1.11037
584	1.11023
585	1.11015
586	1.11002
587	1.10999
588	1.11018
589	1.10997
590	1.11
591	1.11009
592	1.11019
593	1.11021
594	1.11032
595	1.11026
596	1.11021
597	1.11021
598	1.11037
599	1.11032
600	1.1102
601	1.10994
602	1.10974
603	1.10976
604	1.10976
605	1.10969
606	1.10969
607	1.10974
608	1.10969
609	1.10968
610	1.10958
611	1.10967
612	1.1098
613	1.10978
614	1.1098
615	1.10989
616	1.10994
617	1.1099
618	1.11008
619	1.1102
620	1.11009
621	1.11018
622	1.11011
623	1.11006
624	1.11012
625	1.11016
626	1.11026
627	1.11048
628	1.11051
629	1.1105
630	1.11021
631	1.11028
632	1.1103
633	1.11031
634	1.11029
635	1.1102
636	1.10999
637	1.11002
638	1.11
639	1.11004
640	1.11016
641	1.10999
642	1.11005
643	1.10995
644	1.10995
645	1.10988
646	1.10997
647	1.10995
648	1.10983
649	1.10975
650	1.10982
651	1.1098
652	1.10981
653	1.10986
654	1.11
655	1.10987
656	1.11
657	1.10995
658	1.10991
659	1.10979
660	1.10964
661	1.10956
662	1.10974
663	1.10962
664	1.1095
665	1.1096
666	1.10951
667	1.10955
668	1.10942
669	1.10929
670	1.10935
671	1.10941
672	1.10948
673	1.10952
674	1.10962
675	1.10962
676	1.10968
677	1.10974
678	1.10976
679	1.10961
680	1.10943
681	1.10959
682	1.10959
683	1.10971
684	1.10985
685	1.10981
686	1.10986
687	1.10997
688	1.10999
689	1.10991
690	1.11002
691	1.11015
692	1.11007
693	1.11
694	1.10995
695	1.10993
696	1.10994
697	1.10993
698	1.10984
699	1.10969
700	1.10972
701	1.10964
702	1.10963
703	1.10959
704	1.10973
705	1.10975
706	1.10962
707	1.10971
708	1.10971
709	1.10976
710	1.10978
711	1.10979
712	1.10982
713	1.10969
714	1.10956
715	1.1096
716	1.10943
717	1.10951
718	1.1095
719	1.10939
720	1.10926
721	1.1092
722	1.10902
723	1.10907
724	1.10914
725	1.10902
726	1.10901
727	1.10898
728	1.10889
729	1.10887
730	1.10889
731	1.10878
732	1.10871
733	1.10871
734	1.10879
735	1.10872
736	1.10869
737	1.1086
738	1.10863
739	1.10871
740	1.1088
741	1.10869
742	1.10865
743	1.10864
744	1.10879
745	1.10884
746	1.10883
747	1.10892
748	1.10883
749	1.10873
750	1.10877
751	1.10877
752	1.10869
753	1.10853
754	1.1085
755	1.10831
756	1.10837
757	1.10837
758	1.10829
759	1.1083
760	1.10841
761	1.10839
762	1.10844
763	1.10844
764	1.10857
765	1.10846
766	1.10854
767	1.10854
768	1.10862
769	1.10862
770	1.10873
771	1.10876
772	1.10871
773	1.10872
774	1.10862
775	1.1086
776	1.10857
777	1.10851
778	1.10843
779	1.1084
780	1.10839
781	1.10838
782	1.10837
783	1.10838
784	1.10831
785	1.10846
786	1.10842
787	1.10853
788	1.10861
789	1.10857
790	1.10849
791	1.10849
792	1.10849
793	1.10862
794	1.10864
795	1.10864
796	1.1087
797	1.10875
798	1.10891
799	1.10893
800	1.10888
801	1.10897
802	1.10886
803	1.10885
804	1.10896
805	1.109
806	1.10899
807	1.10909
808	1.10905
809	1.10902
810	1.10895
811	1.10904
812	1.10891
813	1.10898
814	1.10892
815	1.10898
816	1.10904
817	1.10893
818	1.10887
819	1.10894
820	1.1089
821	1.10886
822	1.1088
823	1.10884
824	1.10894
825	1.10883
826	1.10873
827	1.10881
828	1.10875
829	1.10864
830	1.10864
831	1.10864
832	1.10865
833	1.10863
834	1.10854
835	1.10856
836	1.10856
837	1.10842
838	1.10835
839	1.10825
840	1.10822
841	1.10836
842	1.10836
843	1.10836
844	1.10826
845	1.10825
846	1.10817
847	1.10821
848	1.10821
849	1.10815
850	1.10833
851	1.1083
852	1.10819
853	1.10812
854	1.10813
855	1.1082
856	1.10815
857	1.10825
858	1.10821
859	1.10837
860	1.10838
861	1.10846
862	1.10846
863	1.1085
864	1.10862
865	1.10863
866	1.10873
867	1.10871
868	1.10882
869	1.10867
870	1.10864
871	1.10851
872	1.1084
873	1.10839
874	1.10838
875	1.10837
876	1.10838
877	1.10839
878	1.10846
879	1.10851
880	1.10852
881	1.10863
882	1.10867
883	1.10863
884	1.10862
885	1.10848
886	1.10849
887	1.10839
888	1.10841
889	1.10842
890	1.10848
891	1.10847
892	1.1085
893	1.10844
894	1.10843
895	1.10839
896	1.10834
897	1.10833
898	1.10832
899	1.1083
900	1.10827
901	1.1083
902	1.10834
903	1.10837
904	1.1084
905	1.10845
906	1.10844
907	1.10839
908	1.10842
909	1.10832
910	1.10819
911	1.10821
912	1.10815
913	1.10805
914	1.1081
915	1.10807
916	1.10809
917	1.10805
918	1.10805
919	1.10814
920	1.10804
921	1.10809
922	1.10822
923	1.10832
924	1.10831
925	1.10829
926	1.10823
927	1.10814
928	1.10814
929	1.1081
930	1.10819
931	1.10819
932	1.10825
933	1.10822
934	1.10828
935	1.10827
936	1.1083
937	1.10831
938	1.10828
939	1.10837
940	1.1084
941	1.10836
942	1.10847
943	1.10856
944	1.10858
945	1.10851
946	1.10852
947	1.10847
948	1.10848
949	1.10846
950	1.1085
951	1.10852
952	1.10847
953	1.1085
954	1.10855
955	1.10858
956	1.10859
957	1.10864
958	1.10863
959	1.10857
960	1.10859
961	1.10861
962	1.10868
963	1.10874
964	1.10877
965	1.10879
966	1.10872
967	1.10878
968	1.10879
969	1.10871
970	1.10868
971	1.10853
972	1.10869
973	1.10872
974	1.10876
975	1.10876
976	1.10877
977	1.10874
978	1.10871
979	1.10889
980	1.10892
981	1.10889
982	1.10884
983	1.1089
984	1.10887
985	1.10896
986	1.10907
987	1.109
988	1.10904
989	1.10909
990	1.10914
991	1.10911
992	1.10911
993	1.10924
994	1.10926
995	1.10918
996	1.10927
997	1.10934
998	1.10935
999	1.1093
