0	0.400125
1	0.401675
2	0.426082
3	0.434591
4	0.43636
5	0.471935
6	0.48112
7	0.503256
8	0.505387
9	0.508665
10	0.505412
11	0.50165
12	0.502048
13	0.500857
14	0.505428
15	0.494971
16	0.492948
17	0.495653
18	0.496316
19	0.491785
20	0.493317
21	0.496427
22	0.500692
23	0.499248
24	0.499493
25	0.501326
26	0.500948
27	0.503646
28	0.507187
29	0.508108
30	0.505424
31	0.502205
32	0.500803
33	0.500233
34	0.497933
35	0.495747
36	0.494642
37	0.493521
38	0.495108
39	0.493808
40	0.496168
41	0.496338
42	0.497311
43	0.495107
44	0.49689
45	0.496914
46	0.495112
47	0.494922
48	0.495322
49	0.497265
50	0.496203
51	0.496318
52	0.493371
53	0.492266
54	0.492509
55	0.49385
56	0.493656
57	0.492742
58	0.493374
59	0.492906
60	0.493197
61	0.492469
62	0.493106
63	0.492781
64	0.494719
65	0.493813
66	0.497111
67	0.496949
68	0.497457
69	0.498606
70	0.499022
71	0.499337
72	0.499941
73	0.500141
74	0.498898
75	0.498465
76	0.498739
77	0.498916
78	0.500055
79	0.500883
80	0.501055
81	0.500654
82	0.502276
83	0.501329
84	0.499608
85	0.500991
86	0.499862
87	0.500239
88	0.50015
89	0.499708
90	0.499792
91	0.497916
92	0.497423
93	0.497228
94	0.497202
95	0.498405
96	0.497933
97	0.49933
98	0.499829
99	0.499158
100	0.498876
101	0.49911
102	0.499862
103	0.498905
104	0.499719
105	0.501367
106	0.50066
107	0.500014
108	0.500931
109	0.501424
110	0.501891
111	0.501955
112	0.501158
113	0.501081
114	0.500746
115	0.50023
116	0.500203
117	0.500702
118	0.499664
119	0.49956
120	0.500076
121	0.499462
122	0.499226
123	0.500273
124	0.500317
125	0.500075
126	0.499297
127	0.499332
128	0.499916
129	0.500542
130	0.501145
131	0.501451
132	0.501681
133	0.501465
134	0.500957
135	0.501176
136	0.503305
137	0.505044
138	0.504675
139	0.504013
140	0.504949
141	0.505577
142	0.50561
143	0.50519
144	0.50513
145	0.505118
146	0.504717
147	0.504565
148	0.505125
149	0.504935
150	0.50465
151	0.504422
152	0.503974
153	0.505084
154	0.505323
155	0.505101
156	0.504673
157	0.504205
158	0.503985
159	0.504288
160	0.503994
161	0.505549
162	0.505846
163	0.505954
164	0.505294
165	0.505267
166	0.505105
167	0.505024
168	0.504737
169	0.50474
170	0.504498
171	0.504949
172	0.505225
173	0.50555
174	0.505464
175	0.505842
176	0.506487
177	0.506178
178	0.50716
179	0.506901
180	0.506836
181	0.506756
182	0.506824
183	0.506661
184	0.50679
185	0.507298
186	0.506671
187	0.506852
188	0.506395
189	0.506768
190	0.50619
191	0.506695
192	0.506791
193	0.506966
194	0.506767
195	0.506952
196	0.50713
197	0.507389
198	0.50786
199	0.507536
200	0.507753
201	0.507478
202	0.50762
203	0.507711
204	0.507423
205	0.507243
206	0.50703
207	0.506944
208	0.506932
209	0.507275
210	0.50712
211	0.506884
212	0.506823
213	0.507013
214	0.507125
215	0.507303
216	0.507301
217	0.507003
218	0.507102
219	0.506495
220	0.506497
221	0.506547
222	0.506743
223	0.507141
224	0.506905
225	0.506632
226	0.505957
227	0.506183
228	0.506363
229	0.506339
230	0.506821
231	0.50657
232	0.507066
233	0.506869
234	0.506674
235	0.50698
236	0.506979
237	0.506485
238	0.506524
239	0.506507
240	0.506587
241	0.506717
242	0.506654
243	0.506789
244	0.506878
245	0.506579
246	0.506543
247	0.506439
248	0.506416
249	0.506163
250	0.506502
251	0.506287
252	0.506596
253	0.506869
254	0.506857
255	0.506798
256	0.506592
257	0.506688
258	0.506845
259	0.506833
260	0.506784
261	0.506422
262	0.506142
263	0.506311
264	0.506317
265	0.506099
266	0.505963
267	0.505836
268	0.505739
269	0.506063
270	0.506045
271	0.506092
272	0.505883
273	0.505656
274	0.505515
275	0.505399
276	0.50507
277	0.504795
278	0.50446
279	0.504495
280	0.504205
281	0.504263
282	0.504757
283	0.5048
284	0.504652
285	0.505263
286	0.505421
287	0.505347
288	0.505012
289	0.505026
290	0.50544
291	0.505583
292	0.505446
293	0.505629
294	0.505806
295	0.505622
296	0.505772
297	0.505574
298	0.506262
299	0.505789
300	0.505584
301	0.505418
302	0.505369
303	0.505401
304	0.505419
305	0.50564
306	0.50574
307	0.505705
308	0.505619
309	0.505474
310	0.505073
311	0.505173
312	0.505102
313	0.504564
314	0.50482
315	0.504599
316	0.50518
317	0.505441
318	0.505294
319	0.505344
320	0.505153
321	0.504984
322	0.504994
323	0.505
324	0.504858
325	0.504812
326	0.504727
327	0.504812
328	0.504928
329	0.505212
330	0.504925
331	0.504836
332	0.504642
333	0.504732
334	0.504754
335	0.504726
336	0.504963
337	0.505053
338	0.505209
339	0.50511
340	0.505357
341	0.50524
342	0.505137
343	0.505428
344	0.505493
345	0.505599
346	0.506019
347	0.505859
348	0.505755
349	0.505522
350	0.505314
351	0.505323
352	0.505726
353	0.505663
354	0.505559
355	0.50548
356	0.505462
357	0.505406
358	0.505424
359	0.505537
360	0.505646
361	0.505577
362	0.505617
363	0.505405
364	0.505175
365	0.504951
366	0.505557
367	0.50553
368	0.506188
369	0.506147
370	0.505917
371	0.505876
372	0.505736
373	0.505611
374	0.505664
375	0.505643
376	0.505582
377	0.505388
378	0.505249
379	0.505495
380	0.505582
381	0.505585
382	0.505474
383	0.505624
384	0.505587
385	0.505604
386	0.505143
387	0.504911
388	0.505037
389	0.505183
390	0.505008
391	0.505254
392	0.504964
393	0.505191
394	0.505368
395	0.505602
396	0.50555
397	0.505393
398	0.50568
399	0.506301
400	0.50605
401	0.505887
402	0.505813
403	0.505689
404	0.505676
405	0.505954
406	0.505976
407	0.506054
408	0.506207
409	0.506463
410	0.506385
411	0.506393
412	0.506274
413	0.506089
414	0.505984
415	0.505787
416	0.505899
417	0.505831
418	0.505872
419	0.505872
420	0.505675
421	0.505604
422	0.505694
423	0.505436
424	0.505313
425	0.505237
426	0.504901
427	0.50505
428	0.505238
429	0.505169
430	0.505188
431	0.505327
432	0.505276
433	0.505188
434	0.504917
435	0.504794
436	0.504637
437	0.504764
438	0.504743
439	0.504613
440	0.504601
441	0.504555
442	0.504342
443	0.504204
444	0.504252
445	0.504363
446	0.504079
447	0.503902
448	0.503591
449	0.503443
450	0.503478
451	0.503643
452	0.503553
453	0.503724
454	0.503688
455	0.504112
456	0.503986
457	0.503869
458	0.503796
459	0.503669
460	0.503747
461	0.503761
462	0.503837
463	0.50384
464	0.50388
465	0.503718
466	0.503751
467	0.503809
468	0.503891
469	0.503931
470	0.503899
471	0.50409
472	0.504189
473	0.504359
474	0.504506
475	0.504444
476	0.504214
477	0.504428
478	0.504648
479	0.504861
480	0.504818
481	0.5048
482	0.50475
483	0.504487
484	0.504438
485	0.504861
486	0.50485
487	0.504771
488	0.504878
489	0.504983
490	0.504877
491	0.50488
492	0.504954
493	0.505221
494	0.505063
495	0.504997
496	0.504962
497	0.504949
498	0.505244
499	0.505369
500	0.505239
501	0.505297
502	0.505236
503	0.505187
504	0.505229
505	0.505299
506	0.505129
507	0.505139
508	0.505081
509	0.505053
510	0.505006
511	0.504918
512	0.504708
513	0.504667
514	0.504631
515	0.504507
516	0.504284
517	0.504081
518	0.504243
519	0.504447
520	0.504549
521	0.504626
522	0.504564
523	0.504443
524	0.50446
525	0.504383
526	0.504315
527	0.504229
528	0.504355
529	0.504366
530	0.504185
531	0.504037
532	0.504217
533	0.50434
534	0.504487
535	0.504471
536	0.504377
537	0.504289
538	0.504223
539	0.504129
540	0.504028
541	0.50442
542	0.504397
543	0.504383
544	0.504312
545	0.504301
546	0.504288
547	0.504315
548	0.504302
549	0.504367
550	0.504102
551	0.503935
552	0.503906
553	0.503839
554	0.503839
555	0.503742
556	0.503742
557	0.503708
558	0.50379
559	0.503844
560	0.503805
561	0.5039
562	0.503942
563	0.503808
564	0.503691
565	0.503859
566	0.503809
567	0.503516
568	0.503709
569	0.503586
570	0.503441
571	0.503419
572	0.503331
573	0.503347
574	0.503307
575	0.503191
576	0.503169
577	0.503226
578	0.503311
579	0.503564
580	0.50365
581	0.503783
582	0.503735
583	0.503902
584	0.504052
585	0.504044
586	0.503994
587	0.504273
588	0.504412
589	0.504639
590	0.504712
591	0.505088
592	0.505133
593	0.505112
594	0.505135
595	0.50522
596	0.505169
597	0.505079
598	0.505063
599	0.505027
600	0.505005
601	0.505101
602	0.505042
603	0.505057
604	0.505015
605	0.504908
606	0.504876
607	0.505013
608	0.505213
609	0.505176
610	0.505421
611	0.505491
612	0.505516
613	0.505417
614	0.505199
615	0.505154
616	0.505234
617	0.505364
618	0.505491
619	0.505453
620	0.50543
621	0.505322
622	0.505134
623	0.505351
624	0.505243
625	0.505296
626	0.505098
627	0.505015
628	0.504854
629	0.504859
630	0.504711
631	0.504566
632	0.50435
633	0.504623
634	0.504778
635	0.504782
636	0.504646
637	0.504588
638	0.504496
639	0.504328
640	0.504323
641	0.504248
642	0.504258
643	0.504255
644	0.504183
645	0.504283
646	0.504515
647	0.50449
648	0.50461
649	0.504421
650	0.504394
651	0.504197
652	0.504217
653	0.504067
654	0.504076
655	0.504154
656	0.50405
657	0.503962
658	0.503894
659	0.503803
660	0.503745
661	0.503605
662	0.503693
663	0.503889
664	0.503833
665	0.503909
666	0.503766
667	0.503924
668	0.503921
669	0.503842
670	0.503964
671	0.50389
672	0.503852
673	0.504096
674	0.504089
675	0.50397
676	0.504115
677	0.504092
678	0.504109
679	0.504013
680	0.504063
681	0.504223
682	0.504345
683	0.504299
684	0.504254
685	0.504108
686	0.504041
687	0.504068
688	0.503957
689	0.504151
690	0.50409
691	0.503998
692	0.503899
693	0.503822
694	0.503768
695	0.503565
696	0.503424
697	0.503517
698	0.503568
699	0.503427
700	0.503318
701	0.503188
702	0.503246
703	0.503183
704	0.503173
705	0.503189
706	0.503133
707	0.503109
708	0.503034
709	0.502937
710	0.502865
711	0.502857
712	0.502834
713	0.502889
714	0.502786
715	0.502861
716	0.502737
717	0.502712
718	0.502696
719	0.502619
720	0.50264
721	0.502766
722	0.502862
723	0.502971
724	0.503123
725	0.503095
726	0.503086
727	0.502953
728	0.502923
729	0.503064
730	0.502966
731	0.502973
732	0.502957
733	0.502746
734	0.502737
735	0.502752
736	0.502743
737	0.502738
738	0.50269
739	0.502756
740	0.502773
741	0.502647
742	0.502692
743	0.502681
744	0.502672
745	0.502718
746	0.502798
747	0.502697
748	0.502455
749	0.502419
750	0.502322
751	0.502244
752	0.502095
753	0.502169
754	0.502271
755	0.502264
756	0.502224
757	0.502239
758	0.502217
759	0.502295
760	0.50228
761	0.502259
762	0.502306
763	0.50228
764	0.502276
765	0.502135
766	0.502029
767	0.502035
768	0.501925
769	0.501894
770	0.50198
771	0.50195
772	0.501817
773	0.501851
774	0.501775
775	0.501975
776	0.50187
777	0.502055
778	0.502119
779	0.502153
780	0.502221
781	0.502326
782	0.502662
783	0.502641
784	0.50265
785	0.50267
786	0.502717
787	0.502685
788	0.502601
789	0.50257
790	0.502351
791	0.502348
792	0.502237
793	0.502173
794	0.502225
795	0.502238
796	0.50235
797	0.502442
798	0.502357
799	0.502454
800	0.502537
801	0.502546
802	0.502565
803	0.502439
804	0.502324
805	0.502306
806	0.502271
807	0.502177
808	0.502115
809	0.502179
810	0.50227
811	0.502138
812	0.502118
813	0.502131
814	0.502092
815	0.502074
816	0.502056
817	0.502145
818	0.501901
819	0.5019
820	0.501806
821	0.501826
822	0.501833
823	0.501821
824	0.501785
825	0.501928
826	0.501957
827	0.502032
828	0.502234
829	0.502204
830	0.502111
831	0.502053
832	0.501917
833	0.502128
834	0.502226
835	0.502207
836	0.502279
837	0.502331
838	0.502181
839	0.502118
840	0.502079
841	0.502183
842	0.502147
843	0.502372
844	0.502387
845	0.502514
846	0.502421
847	0.502322
848	0.502191
849	0.502209
850	0.502305
851	0.502547
852	0.502374
853	0.502511
854	0.502551
855	0.502462
856	0.502467
857	0.502542
858	0.502566
859	0.502579
860	0.502503
861	0.502516
862	0.502576
863	0.502506
864	0.502363
865	0.502439
866	0.502483
867	0.502481
868	0.502483
869	0.502466
870	0.50246
871	0.502545
872	0.502506
873	0.502669
874	0.50287
875	0.502831
876	0.502675
877	0.502786
878	0.502756
879	0.502684
880	0.502668
881	0.502853
882	0.502887
883	0.502862
884	0.502885
885	0.502862
886	0.502953
887	0.502976
888	0.50303
889	0.503179
890	0.503125
891	0.503199
892	0.503132
893	0.503212
894	0.503235
895	0.503271
896	0.503355
897	0.503442
898	0.503399
899	0.503365
900	0.503316
901	0.503236
902	0.503207
903	0.503283
904	0.503345
905	0.50333
906	0.503291
907	0.503273
908	0.503173
909	0.503195
910	0.503155
911	0.503204
912	0.503268
913	0.503342
914	0.503358
915	0.503242
916	0.503171
917	0.503207
918	0.503228
919	0.503239
920	0.503219
921	0.503445
922	0.503593
923	0.503607
924	0.503496
925	0.503406
926	0.503411
927	0.503357
928	0.503271
929	0.503315
930	0.503284
931	0.503364
932	0.50331
933	0.503215
934	0.503202
935	0.503114
936	0.503031
937	0.503085
938	0.50316
939	0.503248
940	0.50345
941	0.50351
942	0.503505
943	0.503384
944	0.503444
945	0.503401
946	0.503394
947	0.503407
948	0.50343
949	0.503569
950	0.503583
951	0.503516
952	0.503473
953	0.503391
954	0.503329
955	0.503196
956	0.503108
957	0.503054
958	0.503107
959	0.503339
960	0.503396
961	0.503407
962	0.503453
963	0.503436
964	0.503479
965	0.503441
966	0.503462
967	0.503672
968	0.503665
969	0.503724
970	0.503699
971	0.503693
972	0.503651
973	0.503762
974	0.50374
975	0.503701
976	0.503771
977	0.503693
978	0.503581
979	0.503602
980	0.503614
981	0.503548
982	0.503461
983	0.503422
984	0.503545
985	0.503574
986	0.503566
987	0.50349
988	0.503472
989	0.503446
990	0.503423
991	0.503499
992	0.503476
993	0.503469
994	0.503395
995	0.5035
996	0.503639
997	0.503687
998	0.503873
999	0.503858
