0	0.156064
1	0.157859
2	0.163672
3	0.15964
4	0.159689
5	0.159045
6	0.158064
7	0.159228
8	0.15962
9	0.15872
10	0.15634
11	0.154626
12	0.154766
13	0.154627
14	0.154368
15	0.154755
16	0.156002
17	0.156006
18	0.155581
19	0.155091
20	0.155925
21	0.156666
22	0.157482
23	0.157567
24	0.157344
25	0.156682
26	0.157232
27	0.157068
28	0.156382
29	0.15597
30	0.155709
31	0.155956
32	0.156191
33	0.157178
34	0.157656
35	0.157621
36	0.158538
37	0.158655
38	0.158524
39	0.158617
40	0.158703
41	0.158029
42	0.157289
43	0.156927
44	0.156916
45	0.156712
46	0.156778
47	0.156448
48	0.15614
49	0.156019
50	0.156119
51	0.156878
52	0.156581
53	0.156215
54	0.156377
55	0.156668
56	0.1568
57	0.156267
58	0.15608
59	0.156745
60	0.156857
61	0.15644
62	0.156407
63	0.15625
64	0.156452
65	0.156272
66	0.156138
67	0.156632
68	0.157153
69	0.156953
70	0.156723
71	0.156321
72	0.1564
73	0.156736
74	0.156499
75	0.156536
76	0.156356
77	0.156178
78	0.156027
79	0.156046
80	0.156229
81	0.155921
82	0.155606
83	0.15588
84	0.156061
85	0.156112
86	0.155944
87	0.155828
88	0.156046
89	0.155755
90	0.155964
91	0.155583
92	0.155478
93	0.155559
94	0.155303
95	0.155524
96	0.155601
97	0.155582
98	0.155722
99	0.155915
100	0.155867
101	0.155721
102	0.155555
103	0.155481
104	0.155564
105	0.155568
106	0.155355
107	0.155342
108	0.155351
109	0.155318
110	0.155338
111	0.15536
112	0.155466
113	0.15541
114	0.155254
115	0.155343
116	0.155558
117	0.155631
118	0.155504
119	0.155541
120	0.155749
121	0.156005
122	0.155786
123	0.155894
124	0.155774
125	0.155787
126	0.155826
127	0.155862
128	0.155877
129	0.155916
130	0.155895
131	0.155861
132	0.155837
133	0.155936
134	0.155915
135	0.155815
136	0.15591
137	0.156016
138	0.156115
139	0.155992
140	0.156109
141	0.156074
142	0.155991
143	0.155957
144	0.155774
145	0.155896
146	0.15586
147	0.15576
148	0.155982
149	0.155911
150	0.156053
151	0.156088
152	0.156079
153	0.156047
154	0.155916
155	0.155858
156	0.155806
157	0.155926
158	0.155875
159	0.155915
160	0.155866
161	0.155762
162	0.155848
163	0.155689
164	0.15578
165	0.155764
166	0.155757
167	0.155691
168	0.155637
169	0.155519
170	0.155447
171	0.155469
172	0.155428
173	0.155319
174	0.155367
175	0.15527
176	0.155115
177	0.155116
178	0.155172
179	0.155344
180	0.155408
181	0.155278
182	0.155114
183	0.155171
184	0.15526
185	0.155294
186	0.15534
187	0.15531
188	0.155283
189	0.155287
190	0.155354
191	0.155256
192	0.1553
193	0.155211
194	0.155248
195	0.155266
196	0.155314
197	0.1556
198	0.155635
199	0.155552
200	0.155603
201	0.155523
202	0.155613
203	0.155687
204	0.155618
205	0.155608
206	0.155486
207	0.155454
208	0.155381
209	0.155373
210	0.155354
211	0.155287
212	0.155208
213	0.155199
214	0.155248
215	0.155291
216	0.155346
217	0.1553
218	0.155254
219	0.15513
220	0.155151
221	0.155184
222	0.15511
223	0.15506
224	0.154987
225	0.1549
226	0.154961
227	0.154962
228	0.154944
229	0.154975
230	0.15501
231	0.15499
232	0.15509
233	0.155048
234	0.15495
235	0.154888
236	0.154876
237	0.154825
238	0.154834
239	0.154809
240	0.154878
241	0.154891
242	0.154925
243	0.154901
244	0.154943
245	0.154887
246	0.154951
247	0.154935
248	0.154962
249	0.154976
250	0.154997
251	0.155011
252	0.154932
253	0.154936
254	0.154948
255	0.15493
256	0.154969
257	0.155015
258	0.15515
259	0.155244
260	0.155301
261	0.155227
262	0.155146
263	0.155186
264	0.155173
265	0.155113
266	0.155101
267	0.155036
268	0.155079
269	0.155118
270	0.155135
271	0.155046
272	0.155074
273	0.155106
274	0.155086
275	0.155094
276	0.155191
277	0.155232
278	0.155195
279	0.155128
280	0.15505
281	0.155045
282	0.154969
283	0.155016
284	0.155035
285	0.154977
286	0.154953
287	0.154939
288	0.155009
289	0.154969
290	0.154969
291	0.154861
292	0.154866
293	0.154871
294	0.154876
295	0.154743
296	0.154736
297	0.154746
298	0.154688
299	0.154666
300	0.154719
301	0.154822
302	0.154878
303	0.154916
304	0.154958
305	0.154925
306	0.154806
307	0.154884
308	0.154914
309	0.154915
310	0.154969
311	0.154943
312	0.154934
313	0.154898
314	0.154916
315	0.154874
316	0.154779
317	0.154773
318	0.154738
319	0.154694
320	0.154702
321	0.154697
322	0.154688
323	0.154741
324	0.154756
325	0.154744
326	0.154705
327	0.154628
328	0.154718
329	0.15471
330	0.154714
331	0.154737
332	0.154687
333	0.154632
334	0.154593
335	0.154556
336	0.154544
337	0.154637
338	0.154607
339	0.154538
340	0.15449
341	0.154493
342	0.154473
343	0.154418
344	0.154438
345	0.154451
346	0.154424
347	0.154394
348	0.154397
349	0.154373
350	0.154431
351	0.154459
352	0.154405
353	0.154336
354	0.15423
355	0.154203
356	0.154184
357	0.154214
358	0.154204
359	0.154199
360	0.154222
361	0.154175
362	0.154116
363	0.154181
364	0.154158
365	0.154114
366	0.154104
367	0.15416
368	0.154129
369	0.154147
370	0.154177
371	0.154163
372	0.154102
373	0.154044
374	0.15404
375	0.154073
376	0.154073
377	0.154043
378	0.154069
379	0.154093
380	0.154078
381	0.154024
382	0.15402
383	0.154026
384	0.153936
385	0.153915
386	0.153951
387	0.154032
388	0.154036
389	0.154061
390	0.154105
391	0.154134
392	0.15423
393	0.15424
394	0.154235
395	0.154247
396	0.154209
397	0.154144
398	0.154176
399	0.154194
400	0.15417
401	0.154149
402	0.154125
403	0.154119
404	0.154034
405	0.154023
406	0.154087
407	0.154134
408	0.154167
409	0.154193
410	0.154125
411	0.154115
412	0.154124
413	0.154037
414	0.154018
415	0.154052
416	0.153981
417	0.153992
418	0.153958
419	0.153974
420	0.15396
421	0.153956
422	0.154019
423	0.153997
424	0.15402
425	0.153947
426	0.15399
427	0.153926
428	0.153883
429	0.153869
430	0.153859
431	0.153776
432	0.153733
433	0.1537
434	0.153757
435	0.153759
436	0.153735
437	0.153721
438	0.15374
439	0.153769
440	0.153788
441	0.153786
442	0.153807
443	0.153793
444	0.153772
445	0.153749
446	0.153734
447	0.153764
448	0.153796
449	0.1538
450	0.153795
451	0.153769
452	0.153742
453	0.153739
454	0.153709
455	0.153696
456	0.153691
457	0.153732
458	0.153693
459	0.153695
460	0.153702
461	0.15371
462	0.153705
463	0.15366
464	0.153624
465	0.153592
466	0.153567
467	0.153566
468	0.153609
469	0.153617
470	0.153616
471	0.153604
472	0.153582
473	0.153517
474	0.153525
475	0.153503
476	0.153519
477	0.153554
478	0.15353
479	0.153476
480	0.153487
481	0.153517
482	0.153534
483	0.153593
484	0.153554
485	0.153562
486	0.153558
487	0.153582
488	0.153548
489	0.153557
490	0.153554
491	0.153634
492	0.153617
493	0.153597
494	0.153592
495	0.153585
496	0.153563
497	0.153582
498	0.15356
499	0.153572
500	0.153632
501	0.153662
502	0.153641
503	0.153614
504	0.153645
505	0.153595
506	0.153645
507	0.153623
508	0.153629
509	0.153665
510	0.153645
511	0.153634
512	0.153615
513	0.153651
514	0.153636
515	0.153681
516	0.153668
517	0.153672
518	0.153672
519	0.153638
520	0.153624
521	0.153624
522	0.153633
523	0.15362
524	0.153604
525	0.153631
526	0.153611
527	0.153606
528	0.153648
529	0.153595
530	0.15361
531	0.15357
532	0.153563
533	0.153512
534	0.153529
535	0.153529
536	0.153525
537	0.153502
538	0.153505
539	0.153484
540	0.153494
541	0.153506
542	0.153506
543	0.153504
544	0.153479
545	0.153445
546	0.153427
547	0.153409
548	0.153429
549	0.153481
550	0.153464
551	0.153501
552	0.153555
553	0.153544
554	0.153519
555	0.153531
556	0.153516
557	0.15346
558	0.153451
559	0.153419
560	0.153436
561	0.153422
562	0.153458
563	0.153483
564	0.153427
565	0.153453
566	0.153431
567	0.153466
568	0.153458
569	0.153442
570	0.153437
571	0.153444
572	0.153441
573	0.153454
574	0.153455
575	0.153402
576	0.153447
577	0.153415
578	0.153485
579	0.153476
580	0.15349
581	0.153452
582	0.153494
583	0.153481
584	0.153477
585	0.15349
586	0.15349
587	0.153495
588	0.153572
589	0.153525
590	0.153518
591	0.153481
592	0.153426
593	0.153418
594	0.153428
595	0.153401
596	0.153394
597	0.153407
598	0.153474
599	0.15343
600	0.153449
601	0.153438
602	0.153401
603	0.153407
604	0.153427
605	0.153397
606	0.153391
607	0.153402
608	0.153376
609	0.153363
610	0.153355
611	0.153332
612	0.153334
613	0.153319
614	0.153298
615	0.153364
616	0.153373
617	0.153353
618	0.153371
619	0.153368
620	0.153335
621	0.153329
622	0.153346
623	0.153328
624	0.153344
625	0.153344
626	0.153364
627	0.153408
628	0.153436
629	0.15343
630	0.153396
631	0.153421
632	0.153426
633	0.153424
634	0.1534
635	0.153408
636	0.153409
637	0.15339
638	0.153386
639	0.153366
640	0.153367
641	0.153337
642	0.153343
643	0.153351
644	0.153373
645	0.153386
646	0.153412
647	0.153414
648	0.153421
649	0.153411
650	0.153382
651	0.153344
652	0.153394
653	0.153388
654	0.153402
655	0.15338
656	0.153382
657	0.153356
658	0.153355
659	0.153354
660	0.153343
661	0.153342
662	0.153391
663	0.153367
664	0.153369
665	0.153346
666	0.153343
667	0.153383
668	0.153369
669	0.153338
670	0.153312
671	0.153323
672	0.153322
673	0.153318
674	0.15332
675	0.153287
676	0.153278
677	0.15327
678	0.153277
679	0.153242
680	0.15323
681	0.153273
682	0.153254
683	0.153291
684	0.153277
685	0.153297
686	0.153296
687	0.153296
688	0.153282
689	0.153272
690	0.153249
691	0.153255
692	0.153251
693	0.153251
694	0.153254
695	0.153274
696	0.153273
697	0.153274
698	0.153281
699	0.153282
700	0.153305
701	0.153284
702	0.153298
703	0.153357
704	0.153377
705	0.153332
706	0.153357
707	0.153381
708	0.153368
709	0.15338
710	0.153389
711	0.153387
712	0.153372
713	0.153347
714	0.153349
715	0.153336
716	0.15334
717	0.153323
718	0.153341
719	0.153308
720	0.15332
721	0.153302
722	0.153313
723	0.153333
724	0.153357
725	0.153321
726	0.153294
727	0.153298
728	0.153271
729	0.153283
730	0.153261
731	0.153258
732	0.153256
733	0.153251
734	0.153243
735	0.153225
736	0.153202
737	0.153181
738	0.153175
739	0.153148
740	0.153158
741	0.153135
742	0.15313
743	0.15311
744	0.153102
745	0.153116
746	0.153095
747	0.153095
748	0.153075
749	0.15307
750	0.153095
751	0.153094
752	0.153091
753	0.153091
754	0.153091
755	0.153075
756	0.153059
757	0.153064
758	0.153041
759	0.153031
760	0.153026
761	0.152996
762	0.153023
763	0.153015
764	0.153009
765	0.152977
766	0.152982
767	0.152983
768	0.152966
769	0.152985
770	0.152963
771	0.152967
772	0.152944
773	0.152931
774	0.152915
775	0.152899
776	0.152886
777	0.152856
778	0.15283
779	0.152795
780	0.152768
781	0.152776
782	0.152758
783	0.15278
784	0.152778
785	0.15276
786	0.152786
787	0.152815
788	0.15277
789	0.152771
790	0.152755
791	0.152745
792	0.152737
793	0.152721
794	0.152703
795	0.152719
796	0.152736
797	0.152719
798	0.152723
799	0.152742
800	0.152739
801	0.152754
802	0.152745
803	0.152746
804	0.152743
805	0.152748
806	0.152751
807	0.152766
808	0.152769
809	0.152797
810	0.152784
811	0.152819
812	0.152803
813	0.152764
814	0.152751
815	0.152762
816	0.152762
817	0.15276
818	0.152726
819	0.152709
820	0.152696
821	0.152715
822	0.152683
823	0.15269
824	0.152695
825	0.152696
826	0.152675
827	0.152679
828	0.152677
829	0.152675
830	0.152689
831	0.152705
832	0.15273
833	0.15274
834	0.152721
835	0.152757
836	0.152762
837	0.152745
838	0.152756
839	0.152761
840	0.152739
841	0.152745
842	0.152714
843	0.152749
844	0.152754
845	0.152754
846	0.15275
847	0.152795
848	0.152834
849	0.15283
850	0.152832
851	0.152814
852	0.15278
853	0.152808
854	0.152815
855	0.152819
856	0.152811
857	0.152814
858	0.152799
859	0.152828
860	0.152821
861	0.152801
862	0.152791
863	0.15277
864	0.152782
865	0.152821
866	0.152817
867	0.152821
868	0.15286
869	0.152863
870	0.152858
871	0.152841
872	0.152827
873	0.152847
874	0.152857
875	0.152837
876	0.152817
877	0.15281
878	0.152851
879	0.152856
880	0.152871
881	0.152894
882	0.152856
883	0.152844
884	0.152852
885	0.152869
886	0.152879
887	0.152857
888	0.152885
889	0.152877
890	0.152875
891	0.152867
892	0.15288
893	0.152875
894	0.152886
895	0.15289
896	0.152893
897	0.152888
898	0.152874
899	0.15287
900	0.152854
901	0.152858
902	0.152856
903	0.152855
904	0.152857
905	0.152843
906	0.152832
907	0.152823
908	0.152843
909	0.152833
910	0.152828
911	0.152848
912	0.152811
913	0.152792
914	0.152791
915	0.152786
916	0.152792
917	0.152779
918	0.152781
919	0.152772
920	0.152773
921	0.152787
922	0.152809
923	0.152811
924	0.152795
925	0.152799
926	0.152798
927	0.152782
928	0.152789
929	0.152757
930	0.15278
931	0.152778
932	0.152744
933	0.152735
934	0.152732
935	0.152725
936	0.152729
937	0.152724
938	0.152695
939	0.152698
940	0.152683
941	0.152666
942	0.152679
943	0.15268
944	0.152687
945	0.152675
946	0.152668
947	0.152663
948	0.152661
949	0.152653
950	0.152661
951	0.152657
952	0.152628
953	0.152609
954	0.152607
955	0.152586
956	0.152557
957	0.152574
958	0.152598
959	0.152591
960	0.152579
961	0.152581
962	0.152592
963	0.152591
964	0.152571
965	0.152572
966	0.152542
967	0.15258
968	0.152586
969	0.152581
970	0.152595
971	0.152599
972	0.152596
973	0.152601
974	0.152602
975	0.152597
976	0.152599
977	0.152567
978	0.152564
979	0.152573
980	0.15258
981	0.152599
982	0.152598
983	0.152597
984	0.152593
985	0.152605
986	0.152611
987	0.152598
988	0.152609
989	0.15259
990	0.152626
991	0.15262
992	0.152586
993	0.152625
994	0.152636
995	0.15261
996	0.152621
997	0.152625
998	0.152632
999	0.152625
