0	0.584771
1	0.909139
2	0.865682
3	0.788688
4	0.841307
5	0.840095
6	0.802238
7	0.787176
8	0.770343
9	0.737907
10	0.721128
11	0.719262
12	0.704532
13	0.712222
14	0.720741
15	0.736839
16	0.741329
17	0.736728
18	0.769987
19	0.756219
20	0.745445
21	0.748904
22	0.752165
23	0.760339
24	0.751629
25	0.749044
26	0.760165
27	0.754828
28	0.748913
29	0.735786
30	0.726561
31	0.725986
32	0.727719
33	0.72799
34	0.73791
35	0.735683
36	0.736668
37	0.725743
38	0.719908
39	0.717458
40	0.718241
41	0.718394
42	0.730318
43	0.725523
44	0.726248
45	0.719845
46	0.721349
47	0.717921
48	0.713593
49	0.716167
50	0.718191
51	0.716933
52	0.7125
53	0.718751
54	0.718913
55	0.71874
56	0.713397
57	0.711888
58	0.710041
59	0.710572
60	0.70923
61	0.709912
62	0.704855
63	0.703921
64	0.7004
65	0.699314
66	0.700313
67	0.697129
68	0.694369
69	0.696395
70	0.694588
71	0.698233
72	0.69828
73	0.693664
74	0.69291
75	0.690471
76	0.686298
77	0.689456
78	0.689827
79	0.689942
80	0.688417
81	0.685851
82	0.682849
83	0.6817
84	0.681764
85	0.679574
86	0.680097
87	0.678693
88	0.678625
89	0.677342
90	0.674159
91	0.672326
92	0.670538
93	0.673586
94	0.674013
95	0.672145
96	0.673533
97	0.670836
98	0.671243
99	0.673306
100	0.677315
101	0.676732
102	0.679455
103	0.680336
104	0.679741
105	0.679964
106	0.68587
107	0.683884
108	0.684409
109	0.6841
110	0.682353
111	0.680859
112	0.680962
113	0.681192
114	0.680198
115	0.682743
116	0.684308
117	0.684517
118	0.682734
119	0.679892
120	0.678192
121	0.67882
122	0.679438
123	0.676377
124	0.676462
125	0.678724
126	0.678293
127	0.679327
128	0.677179
129	0.676912
130	0.676925
131	0.675284
132	0.675501
133	0.675485
134	0.673779
135	0.673115
136	0.674306
137	0.674309
138	0.674796
139	0.67503
140	0.67693
141	0.677373
142	0.679439
143	0.678945
144	0.67823
145	0.67818
146	0.679382
147	0.677696
148	0.676505
149	0.67543
150	0.674756
151	0.67362
152	0.672985
153	0.673612
154	0.673232
155	0.674253
156	0.674646
157	0.674872
158	0.67532
159	0.675767
160	0.674293
161	0.674196
162	0.672147
163	0.671735
164	0.67538
165	0.674697
166	0.675054
167	0.674024
168	0.674249
169	0.674601
170	0.673937
171	0.674514
172	0.673662
173	0.67521
174	0.675101
175	0.675969
176	0.678195
177	0.679555
178	0.680757
179	0.680886
180	0.680717
181	0.680091
182	0.680433
183	0.68058
184	0.680861
185	0.681387
186	0.681724
187	0.685384
188	0.684971
189	0.685261
190	0.684458
191	0.683265
192	0.686742
193	0.686835
194	0.687013
195	0.687217
196	0.686488
197	0.686672
198	0.686448
199	0.686316
200	0.685945
201	0.685274
202	0.684118
203	0.6844
204	0.684002
205	0.6847
206	0.68388
207	0.685985
208	0.68533
209	0.684753
210	0.686627
211	0.687382
212	0.68672
213	0.686964
214	0.688291
215	0.68864
216	0.687952
217	0.686898
218	0.687084
219	0.68649
220	0.687997
221	0.689683
222	0.689514
223	0.690358
224	0.6908
225	0.690686
226	0.691609
227	0.691194
228	0.691182
229	0.690593
230	0.690722
231	0.690505
232	0.691131
233	0.690054
234	0.690645
235	0.689956
236	0.689945
237	0.689087
238	0.688047
239	0.687123
240	0.687471
241	0.687551
242	0.687385
243	0.687003
244	0.686139
245	0.685014
246	0.68605
247	0.685787
248	0.685772
249	0.687416
250	0.686687
251	0.68627
252	0.686896
253	0.687622
254	0.687342
255	0.68649
256	0.685768
257	0.686656
258	0.687846
259	0.688197
260	0.687354
261	0.686725
262	0.686572
263	0.687888
264	0.68815
265	0.687214
266	0.688497
267	0.688553
268	0.688112
269	0.688017
270	0.687262
271	0.687562
272	0.688001
273	0.688254
274	0.687334
275	0.686735
276	0.687167
277	0.686733
278	0.685973
279	0.686503
280	0.68587
281	0.685813
282	0.685604
283	0.684451
284	0.684372
285	0.685669
286	0.686758
287	0.687149
288	0.686897
289	0.687559
290	0.687692
291	0.686935
292	0.686415
293	0.686884
294	0.686635
295	0.68572
296	0.686044
297	0.685953
298	0.685555
299	0.684787
300	0.68488
301	0.684204
302	0.684616
303	0.684754
304	0.684344
305	0.685313
306	0.685145
307	0.685267
308	0.684822
309	0.687027
310	0.687557
311	0.687567
312	0.687587
313	0.68833
314	0.688278
315	0.68894
316	0.689396
317	0.690067
318	0.690186
319	0.690176
320	0.690316
321	0.690366
322	0.689327
323	0.688268
324	0.687356
325	0.68705
326	0.68589
327	0.685795
328	0.685319
329	0.684818
330	0.683911
331	0.683726
332	0.682778
333	0.682891
334	0.682551
335	0.681874
336	0.68182
337	0.681592
338	0.681865
339	0.681935
340	0.682249
341	0.682164
342	0.681843
343	0.684493
344	0.684535
345	0.686174
346	0.685341
347	0.684819
348	0.684531
349	0.683688
350	0.683289
351	0.682875
352	0.682432
353	0.682465
354	0.68218
355	0.682943
356	0.682101
357	0.681552
358	0.680804
359	0.680987
360	0.6813
361	0.680901
362	0.680599
363	0.680869
364	0.681825
365	0.681652
366	0.68135
367	0.681086
368	0.680988
369	0.680648
370	0.680659
371	0.680835
372	0.680864
373	0.680115
374	0.679942
375	0.679356
376	0.6789
377	0.678535
378	0.678789
379	0.677973
380	0.677544
381	0.677119
382	0.677395
383	0.677643
384	0.676993
385	0.679319
386	0.678889
387	0.678721
388	0.67805
389	0.678035
390	0.678448
391	0.679097
392	0.678353
393	0.677946
394	0.67816
395	0.677895
396	0.67821
397	0.678012
398	0.677301
399	0.677638
400	0.677123
401	0.676926
402	0.676614
403	0.676247
404	0.676037
405	0.676147
406	0.675846
407	0.675671
408	0.675206
409	0.675863
410	0.675272
411	0.674976
412	0.675701
413	0.675754
414	0.675197
415	0.674889
416	0.674631
417	0.675509
418	0.675311
419	0.675347
420	0.675587
421	0.675592
422	0.675789
423	0.676956
424	0.676979
425	0.677078
426	0.676984
427	0.677
428	0.677173
429	0.677103
430	0.676551
431	0.67741
432	0.677083
433	0.677543
434	0.677437
435	0.677244
436	0.677096
437	0.677176
438	0.676875
439	0.676252
440	0.676417
441	0.676302
442	0.676185
443	0.675876
444	0.67558
445	0.675289
446	0.675039
447	0.675553
448	0.675213
449	0.675521
450	0.675268
451	0.675188
452	0.675005
453	0.675014
454	0.675209
455	0.674944
456	0.674421
457	0.674085
458	0.674047
459	0.674479
460	0.675023
461	0.675892
462	0.675887
463	0.675689
464	0.675763
465	0.675555
466	0.675224
467	0.67491
468	0.674702
469	0.674311
470	0.674229
471	0.673795
472	0.673682
473	0.674177
474	0.674348
475	0.674082
476	0.673815
477	0.6745
478	0.673948
479	0.67402
480	0.67362
481	0.673017
482	0.674109
483	0.673781
484	0.673875
485	0.673637
486	0.673862
487	0.674675
488	0.6747
489	0.674878
490	0.674746
491	0.675138
492	0.675155
493	0.675513
494	0.675243
495	0.674722
496	0.674745
497	0.674654
498	0.674345
499	0.674812
