0	8.23805
1	9.19986
2	19.3772
3	20.0197
4	19.6511
5	18.9105
6	18.5966
7	19.444
8	19.0097
9	18.8126
10	19.5172
11	19.3185
12	20.2616
13	19.9879
14	19.4095
15	20.2761
16	24.1776
17	25.2386
18	25.0549
19	25.8337
20	25.1228
21	24.9243
22	24.742
23	24.1835
24	25.1362
25	25.4335
26	24.9434
27	25.6865
28	25.6999
29	25.0818
30	24.6647
31	24.8257
32	24.3807
33	24.1458
34	23.7807
35	24.9363
36	24.5518
37	24.6802
38	24.8418
39	24.4429
40	24.1611
41	23.8243
42	23.4727
43	23.2621
44	22.9569
45	22.9846
46	23.0189
47	22.8276
48	23.3634
49	23.2045
50	23.0378
51	23.7055
52	23.6368
53	23.4874
54	23.8918
55	24.032
56	24.421
57	24.3751
58	24.2767
59	24.4088
60	24.1858
61	24.256
62	24.2028
63	24.4403
64	24.4619
65	24.3946
66	24.1915
67	24.1706
68	24.2195
69	24.4635
70	24.941
71	25.1308
72	25.0097
73	24.9262
74	24.776
75	24.6411
76	24.6197
77	24.4857
78	24.3133
79	24.2749
80	24.3277
81	24.1338
82	24.1646
83	24.0082
84	23.9054
85	24.0966
86	24.6223
87	24.608
88	24.4564
89	24.3488
90	24.6781
91	24.8258
92	24.6732
93	24.6731
94	24.5282
95	24.4327
96	24.2953
97	24.1996
98	24.5067
99	24.5306
100	24.5186
101	24.7077
102	24.7029
103	24.5805
104	24.6015
105	24.63
106	24.6029
107	24.8017
108	24.8263
109	24.8376
110	24.9005
111	24.8042
112	24.6531
113	24.6747
114	24.5756
115	24.4822
116	24.4342
117	24.825
118	25.0033
119	25.0636
120	24.9604
121	25.0361
122	25.1098
123	25.0849
124	25.1502
125	25.1286
126	25.0587
127	24.9739
128	25.3058
129	25.5677
130	25.4808
131	25.4072
132	25.5087
133	25.671
134	25.879
135	25.8313
136	25.7174
137	25.8316
138	25.7816
139	25.773
140	25.9893
141	25.9029
142	25.8523
143	25.7475
144	25.6902
145	25.5883
146	25.7252
147	25.6199
148	25.5171
149	25.4007
150	25.3232
151	25.2805
152	25.2943
153	25.2701
154	25.2911
155	25.536
156	25.4678
157	25.3941
158	25.371
159	25.3889
160	25.7517
161	25.8605
162	25.9851
163	25.8924
164	25.8978
165	25.8541
166	26.0723
167	26.0431
168	25.9671
169	25.9585
170	25.8798
171	25.9887
172	25.9666
173	26.0586
174	26.1265
175	26.0536
176	26.1731
177	26.1561
178	26.2547
179	26.1831
180	26.1845
181	26.1041
182	26.0679
183	26.1739
184	26.1076
185	26.1048
186	26.185
187	26.1648
188	26.0732
189	26.0872
190	26.3788
191	26.6458
192	26.5636
193	26.6915
194	26.7826
195	26.677
196	26.5851
197	26.6491
198	26.6569
199	26.6301
200	26.5837
201	26.5887
202	26.523
203	26.5012
204	26.4976
205	26.4298
206	26.3942
207	26.3286
208	26.5247
209	26.6031
210	26.8238
211	26.8056
212	26.7287
213	26.7779
214	27.4493
215	27.8507
216	27.7754
217	27.9868
218	28.3894
219	28.3621
220	28.2678
221	28.1835
222	28.2026
223	28.1328
224	28.0952
225	28.1158
226	28.0431
227	27.9551
228	28.2424
229	28.3924
230	28.4306
231	28.3742
232	28.2921
233	28.2641
234	28.2269
235	28.1758
236	28.1122
237	28.0676
238	28.1589
239	28.1336
240	28.1655
241	28.0966
242	28.027
243	28.0229
244	28.0828
245	28.0673
246	28.045
247	28.1144
248	28.0658
249	28.0828
250	28.0887
251	28.0995
252	28.0517
253	28.0007
254	27.9745
255	28.007
256	28.09
257	28.0602
258	28.0766
259	27.9989
260	27.9192
261	27.8687
262	27.8254
263	27.8683
264	27.8109
265	27.7687
266	27.7105
267	27.6749
268	27.7009
269	27.7324
270	27.6721
271	27.6849
272	27.6815
273	27.641
274	27.6061
275	27.6912
276	27.7905
277	27.933
278	27.9401
279	27.9281
280	27.9263
281	27.9078
282	27.8712
283	27.8143
284	27.8206
285	27.7664
286	27.7921
287	27.8206
288	27.7718
289	27.7913
290	27.7221
291	27.6738
292	27.631
293	27.649
294	27.5993
295	27.5532
296	27.5468
297	27.5056
298	27.6035
299	27.5853
300	27.5533
301	27.5111
302	27.4647
303	27.4436
304	27.4318
305	27.3722
306	27.3134
307	27.3038
308	27.3584
309	27.6297
310	27.7333
311	27.6694
312	27.6441
313	27.6046
314	27.5774
315	27.5398
316	27.4779
317	27.4525
318	27.4742
319	27.5029
320	27.4915
321	27.4975
322	27.4396
323	27.4183
324	27.4181
325	27.3982
326	27.402
327	27.4416
328	27.3772
329	27.3431
330	27.3083
331	27.3204
332	27.2733
333	27.2344
334	27.2046
335	27.1516
336	27.1422
337	27.1118
338	27.0532
339	27.0122
340	26.9847
341	26.9685
342	26.9312
343	26.8972
344	26.8821
345	26.8214
346	26.7884
347	26.8225
348	26.8045
349	26.7735
350	26.7139
351	26.7012
352	26.6657
353	26.6558
354	26.6144
355	26.6029
356	26.6481
357	26.6074
358	26.6032
359	26.5756
360	26.575
361	26.5701
362	26.5454
363	26.4941
364	26.5422
365	26.6769
366	26.6974
367	26.6757
368	26.6394
369	26.6164
370	26.5867
371	26.6483
372	26.6535
373	26.6078
374	26.6177
375	26.5723
376	26.5642
377	26.5381
378	26.5143
379	26.4724
380	26.4473
381	26.4131
382	26.3814
383	26.3671
384	26.3575
385	26.3242
386	26.3482
387	26.5209
388	26.4931
389	26.4714
390	26.4546
391	26.421
392	26.4275
393	26.4064
394	26.3973
395	26.4287
396	26.3993
397	26.3936
398	26.3596
399	26.3158
400	26.2836
401	26.2497
402	26.258
403	26.2573
404	26.2213
405	26.2057
406	26.1676
407	26.1265
408	26.1076
409	26.0973
410	26.0551
411	26.1099
412	26.1147
413	26.1212
414	26.2429
415	26.2287
416	26.2346
417	26.1918
418	26.1457
419	26.1231
420	26.084
421	26.0485
422	26.0387
423	26.0783
424	26.064
425	26.0261
426	26.0088
427	26.0114
428	26.0359
429	26.0828
430	26.056
431	26.138
432	26.2549
433	26.2465
434	26.2297
435	26.2675
436	26.2348
437	26.2165
438	26.1975
439	26.1611
440	26.2513
441	26.2379
442	26.2451
443	26.2649
444	26.2856
445	26.2948
446	26.389
447	26.3697
448	26.4328
449	26.4339
450	26.435
451	26.4516
452	26.4281
453	26.489
454	26.471
455	26.4271
456	26.3869
457	26.4303
458	26.4786
459	26.4396
460	26.4057
461	26.3818
462	26.379
463	26.3426
464	26.3386
465	26.316
466	26.3027
467	26.3045
468	26.3042
469	26.4232
470	26.4501
471	26.4118
472	26.4287
473	26.4133
474	26.3855
475	26.3587
476	26.4585
477	26.5072
478	26.4984
479	26.4773
480	26.47
481	26.4799
482	26.4704
483	26.5779
484	26.5535
485	26.6084
486	26.5955
487	26.6052
488	26.5997
489	26.6
490	26.5653
491	26.5352
492	26.5361
493	26.6537
494	26.6326
495	26.6016
496	26.588
497	26.5606
498	26.592
499	26.5645
500	26.5395
501	26.5135
502	26.5051
503	26.4943
504	26.5006
505	26.506
506	26.4849
507	26.4627
508	26.4305
509	26.4586
510	26.4657
511	26.4371
512	26.4149
513	26.3837
514	26.3652
515	26.4181
516	26.3847
517	26.3563
518	26.3425
519	26.4035
520	26.3742
521	26.3491
522	26.351
523	26.3192
524	26.3703
525	26.4639
526	26.4595
527	26.5514
528	26.5831
529	26.5641
530	26.5305
531	26.5057
532	26.5186
533	26.5127
534	26.4762
535	26.4494
536	26.4194
537	26.4106
538	26.3834
539	26.3646
540	26.3464
541	26.3377
542	26.3111
543	26.299
544	26.2779
545	26.2851
546	26.2531
547	26.2255
548	26.1959
549	26.1704
550	26.1603
551	26.1483
552	26.1401
553	26.124
554	26.1002
555	26.0679
556	26.0701
557	26.069
558	26.1026
559	26.1454
560	26.2312
561	26.2561
562	26.2607
563	26.2558
564	26.244
565	26.2204
566	26.2006
567	26.1727
568	26.2095
569	26.1958
570	26.1825
571	26.1554
572	26.1602
573	26.209
574	26.2682
575	26.258
576	26.2609
577	26.2649
578	26.2359
579	26.2232
580	26.225
581	26.2403
582	26.2707
583	26.2718
584	26.2435
585	26.2246
586	26.237
587	26.2203
588	26.217
589	26.1883
590	26.1593
591	26.1509
592	26.1428
593	26.1295
594	26.129
595	26.1629
596	26.1379
597	26.1143
598	26.0865
599	26.109
600	26.0875
601	26.0894
602	26.0844
603	26.0657
604	26.0439
605	26.0285
606	26.058
607	26.123
608	26.1706
609	26.1632
610	26.1474
611	26.1198
612	26.1285
613	26.1428
614	26.1409
615	26.1428
616	26.1421
617	26.1258
618	26.1492
619	26.1278
620	26.1556
621	26.2165
622	26.2053
623	26.2077
624	26.2511
625	26.2578
626	26.2712
627	26.2778
628	26.2648
629	26.243
630	26.2334
631	26.2118
632	26.1935
633	26.2054
634	26.1923
635	26.1681
636	26.186
637	26.1685
638	26.1441
639	26.1219
640	26.119
641	26.0993
642	26.0891
643	26.1632
644	26.2022
645	26.2191
646	26.3051
647	26.3885
648	26.3798
649	26.3731
650	26.3587
651	26.3402
652	26.3743
653	26.3692
654	26.3449
655	26.3224
656	26.3124
657	26.2964
658	26.3053
659	26.2877
660	26.2613
661	26.2567
662	26.2483
663	26.2179
664	26.1891
665	26.1641
666	26.1429
667	26.167
668	26.173
669	26.1499
670	26.1217
671	26.1212
672	26.1071
673	26.102
674	26.1859
675	26.2026
676	26.1958
677	26.1761
678	26.1615
679	26.1467
680	26.1597
681	26.1431
682	26.1895
683	26.1775
684	26.1711
685	26.1555
686	26.1914
687	26.2655
688	26.3292
689	26.3133
690	26.314
691	26.317
692	26.3219
693	26.3108
694	26.2917
695	26.2994
696	26.3836
697	26.3703
698	26.39
699	26.3681
700	26.3679
701	26.3587
702	26.3364
703	26.3315
704	26.3233
705	26.3421
706	26.3302
707	26.3079
708	26.2982
709	26.2906
710	26.2836
711	26.2597
712	26.2431
713	26.2277
714	26.2044
715	26.1846
716	26.186
717	26.1646
718	26.1784
719	26.1707
720	26.1494
721	26.1354
722	26.1297
723	26.1125
724	26.1092
725	26.2764
726	26.3415
727	26.3548
728	26.3612
729	26.4166
730	26.3946
731	26.3861
732	26.3765
733	26.3788
734	26.4471
735	26.5197
736	26.5144
737	26.4893
738	26.4782
739	26.5049
740	26.4923
741	26.4866
742	26.4777
743	26.46
744	26.4463
745	26.4269
746	26.4092
747	26.3898
748	26.3708
749	26.3764
750	26.4206
751	26.5388
752	26.5169
753	26.4978
754	26.482
755	26.5221
756	26.5807
757	26.5787
758	26.5546
759	26.5411
760	26.5465
761	26.5341
762	26.5554
763	26.5519
764	26.5522
765	26.5282
766	26.5063
767	26.4888
768	26.4742
769	26.4675
770	26.4504
771	26.4276
772	26.4153
773	26.399
774	26.3841
775	26.3751
776	26.3572
777	26.3412
778	26.3233
779	26.3064
780	26.2979
781	26.2897
782	26.298
783	26.296
784	26.3214
785	26.3236
786	26.3073
787	26.2984
788	26.2852
789	26.2703
790	26.2548
791	26.2708
792	26.2564
793	26.2789
794	26.309
795	26.3002
796	26.2801
797	26.2609
798	26.2516
799	26.2432
800	26.2311
801	26.224
802	26.2027
803	26.1845
804	26.1976
805	26.1932
806	26.1706
807	26.1529
808	26.1457
809	26.1375
810	26.118
811	26.1125
812	26.1008
813	26.0917
814	26.0808
815	26.0847
816	26.0943
817	26.1053
818	26.0989
819	26.137
820	26.1945
821	26.1813
822	26.1815
823	26.1746
824	26.1594
825	26.1424
826	26.168
827	26.164
828	26.1508
829	26.141
830	26.1351
831	26.1277
832	26.1341
833	26.2055
834	26.2452
835	26.2368
836	26.2325
837	26.2298
838	26.2085
839	26.2074
840	26.1944
841	26.1803
842	26.2043
843	26.1908
844	26.1752
845	26.1969
846	26.1816
847	26.1735
848	26.1567
849	26.1389
850	26.1225
851	26.1121
852	26.1188
853	26.0976
854	26.1012
855	26.0894
856	26.0756
857	26.0783
858	26.0716
859	26.0569
860	26.0606
861	26.046
862	26.0299
863	26.0223
864	26.0204
865	26.0136
866	26.0045
867	26.0433
868	26.0405
869	26.0377
870	26.05
871	26.0368
872	26.0145
873	26.0063
874	25.9977
875	26.0059
876	25.9978
877	25.9818
878	25.9667
879	25.9583
880	26.0542
881	26.0395
882	26.0225
883	26.1445
884	26.1343
885	26.1329
886	26.1225
887	26.1452
888	26.2005
889	26.2195
890	26.2414
891	26.2302
892	26.2184
893	26.2181
894	26.2086
895	26.1966
896	26.1813
897	26.1706
898	26.1579
899	26.1616
900	26.1464
901	26.1255
902	26.1106
903	26.094
904	26.0767
905	26.0696
906	26.0684
907	26.0834
908	26.0705
909	26.0636
910	26.0621
911	26.0911
912	26.0935
913	26.0975
914	26.0825
915	26.1351
916	26.2076
917	26.2674
918	26.2557
919	26.2707
920	26.262
921	26.2449
922	26.2439
923	26.2347
924	26.2203
925	26.2149
926	26.2405
927	26.2293
928	26.2189
929	26.2021
930	26.1998
931	26.1962
932	26.1878
933	26.1802
934	26.1749
935	26.1636
936	26.1476
937	26.1294
938	26.1252
939	26.1142
940	26.1209
941	26.1096
942	26.0936
943	26.0909
944	26.0746
945	26.0753
946	26.0677
947	26.0888
948	26.0868
949	26.0962
950	26.0902
951	26.0762
952	26.0603
953	26.0532
954	26.0552
955	26.072
956	26.0769
957	26.0736
958	26.0742
959	26.0705
960	26.1274
961	26.1172
962	26.1105
963	26.0945
964	26.0966
965	26.125
966	26.1634
967	26.16
968	26.1481
969	26.1411
970	26.1296
971	26.1588
972	26.1494
973	26.1385
974	26.1209
975	26.1137
976	26.1018
977	26.0921
978	26.0839
979	26.0692
980	26.0605
981	26.0515
982	26.0352
983	26.0252
984	26.0214
985	26.0324
986	26.0372
987	26.0242
988	26.0101
989	26.0426
990	26.1198
991	26.2431
992	26.2623
993	26.2531
994	26.2381
995	26.2264
996	26.2148
997	26.2289
998	26.2511
999	26.2338
