0	0.503033
1	0.60746
2	0.753289
3	0.798657
4	0.831806
5	0.803344
6	0.820416
7	0.85253
8	0.855558
9	0.822531
10	0.826563
11	0.804892
12	0.802977
13	0.787618
14	0.799776
15	0.822166
16	0.839482
17	0.842519
18	0.840971
19	0.849916
20	0.842996
21	0.841164
22	0.834881
23	0.820838
24	0.836576
25	0.828623
26	0.819523
27	0.815243
28	0.810624
29	0.804652
30	0.810666
31	0.826633
32	0.817854
33	0.812322
34	0.803844
35	0.816119
36	0.814029
37	0.816613
38	0.819345
39	0.809926
40	0.809912
41	0.805049
42	0.799195
43	0.80441
44	0.794041
45	0.798421
46	0.795738
47	0.795626
48	0.801249
49	0.8018
50	0.801475
51	0.80431
52	0.799712
53	0.800191
54	0.801949
55	0.799282
56	0.797782
57	0.79581
58	0.796923
59	0.798911
60	0.795058
61	0.794618
62	0.800573
63	0.805056
64	0.807254
65	0.803789
66	0.800566
67	0.80014
68	0.805822
69	0.805521
70	0.805356
71	0.808932
72	0.805317
73	0.806857
74	0.806992
75	0.811098
76	0.806693
77	0.807528
78	0.804563
79	0.809854
80	0.812823
81	0.812419
82	0.810448
83	0.808172
84	0.807878
85	0.813405
86	0.81012
87	0.809285
88	0.805513
89	0.804248
90	0.810645
91	0.813704
92	0.815625
93	0.819464
94	0.819152
95	0.817161
96	0.814393
97	0.815767
98	0.825131
99	0.828252
100	0.827099
101	0.827103
102	0.824074
103	0.82576
104	0.826743
105	0.826282
106	0.827456
107	0.830534
108	0.830657
109	0.831092
110	0.830648
111	0.830424
112	0.827524
113	0.836754
114	0.835082
115	0.834626
116	0.840739
117	0.84041
118	0.840424
119	0.843957
120	0.843742
121	0.849478
122	0.848128
123	0.848377
124	0.848114
125	0.848143
126	0.846209
127	0.84578
128	0.851675
129	0.850501
130	0.849955
131	0.849611
132	0.851362
133	0.849759
134	0.84858
135	0.851574
136	0.850605
137	0.849904
138	0.848745
139	0.852504
140	0.851612
141	0.850158
142	0.851129
143	0.848752
144	0.84775
145	0.847836
146	0.849382
147	0.846712
148	0.844899
149	0.843425
150	0.843472
151	0.84564
152	0.844921
153	0.844088
154	0.843672
155	0.843443
156	0.84387
157	0.844878
158	0.843999
159	0.846043
160	0.844757
161	0.848154
162	0.84588
163	0.844967
164	0.848061
165	0.846886
166	0.848913
167	0.847767
168	0.845886
169	0.846244
170	0.843974
171	0.843786
172	0.844019
173	0.843715
174	0.843006
175	0.841647
176	0.841275
177	0.840743
178	0.840229
179	0.839922
180	0.839417
181	0.838655
182	0.837258
183	0.836105
184	0.83867
185	0.837869
186	0.839499
187	0.838517
188	0.836257
189	0.836148
190	0.837141
191	0.837173
192	0.836177
193	0.841367
194	0.842501
195	0.840219
196	0.838757
197	0.839557
198	0.840592
199	0.840226
200	0.839243
201	0.840567
202	0.839965
203	0.841574
204	0.840499
205	0.839938
206	0.839657
207	0.83933
208	0.842146
209	0.841141
210	0.843436
211	0.843448
212	0.843034
213	0.843128
214	0.842658
215	0.84215
216	0.841207
217	0.842734
218	0.841826
219	0.841195
220	0.839763
221	0.838038
222	0.839083
223	0.837665
224	0.837757
225	0.837861
226	0.837342
227	0.835867
228	0.838486
229	0.838505
230	0.838825
231	0.839196
232	0.838022
233	0.837543
234	0.837979
235	0.837793
236	0.83856
237	0.8384
238	0.839732
239	0.839955
240	0.839151
241	0.837459
242	0.836542
243	0.836034
244	0.836244
245	0.836715
246	0.83771
247	0.838103
248	0.837986
249	0.838077
250	0.837391
251	0.837344
252	0.837959
253	0.839514
254	0.838624
255	0.840583
256	0.839957
257	0.84152
258	0.842542
259	0.841512
260	0.840917
261	0.841019
262	0.840913
263	0.842343
264	0.841572
265	0.840759
266	0.840626
267	0.840614
268	0.841094
269	0.839902
270	0.839848
271	0.840304
272	0.839853
273	0.839395
274	0.838741
275	0.838614
276	0.840259
277	0.84055
278	0.839465
279	0.838382
280	0.8381
281	0.838958
282	0.838959
283	0.839682
284	0.839058
285	0.838589
286	0.838959
287	0.839179
288	0.839949
289	0.840605
290	0.84007
291	0.839786
292	0.839704
293	0.841026
294	0.840028
295	0.840089
296	0.84024
297	0.84041
298	0.840829
299	0.840066
300	0.838877
301	0.839242
302	0.838621
303	0.838619
304	0.838874
305	0.838783
306	0.838043
307	0.837416
308	0.838019
309	0.838878
310	0.838104
311	0.837479
312	0.838329
313	0.837963
314	0.838106
315	0.837865
316	0.836632
317	0.837362
318	0.837866
319	0.838633
320	0.839981
321	0.840604
322	0.840048
323	0.839591
324	0.839898
325	0.840332
326	0.841116
327	0.841395
328	0.840472
329	0.840021
330	0.839538
331	0.839861
332	0.839417
333	0.838352
334	0.839336
335	0.838732
336	0.83807
337	0.837151
338	0.836791
339	0.836485
340	0.836908
341	0.836436
342	0.835769
343	0.835732
344	0.83619
345	0.835078
346	0.834378
347	0.836174
348	0.836246
349	0.836266
350	0.835077
351	0.834236
352	0.834
353	0.833819
354	0.833029
355	0.832691
356	0.832428
357	0.831562
358	0.830826
359	0.830782
360	0.830757
361	0.830754
362	0.830713
363	0.830614
364	0.831193
365	0.831963
366	0.831157
367	0.830539
368	0.831014
369	0.830417
370	0.830696
371	0.830759
372	0.830726
373	0.830336
374	0.830721
375	0.83109
376	0.831527
377	0.830801
378	0.830667
379	0.830266
380	0.829979
381	0.829926
382	0.829518
383	0.829122
384	0.828829
385	0.828705
386	0.829337
387	0.82911
388	0.828999
389	0.828763
390	0.828693
391	0.82824
392	0.828541
393	0.828385
394	0.827995
395	0.828329
396	0.828082
397	0.828042
398	0.827998
399	0.827494
400	0.827085
401	0.827322
402	0.82744
403	0.827965
404	0.827624
405	0.827685
406	0.82724
407	0.82735
408	0.827099
409	0.827378
410	0.826711
411	0.827127
412	0.827113
413	0.827347
414	0.827277
415	0.827433
416	0.826849
417	0.82642
418	0.826195
419	0.826618
420	0.826045
421	0.825521
422	0.825335
423	0.826238
424	0.825941
425	0.825027
426	0.825134
427	0.825843
428	0.826271
429	0.825802
430	0.825511
431	0.826058
432	0.826566
433	0.826041
434	0.825497
435	0.824906
436	0.824681
437	0.824585
438	0.824074
439	0.823873
440	0.824576
441	0.824801
442	0.825296
443	0.826356
444	0.828238
445	0.827674
446	0.828212
447	0.827581
448	0.827294
449	0.827076
450	0.826881
451	0.826859
452	0.827107
453	0.827072
454	0.82737
455	0.826493
456	0.826882
457	0.827022
458	0.827394
459	0.8266
460	0.826273
461	0.826421
462	0.825855
463	0.825055
464	0.824404
465	0.824573
466	0.82427
467	0.824348
468	0.82459
469	0.825325
470	0.824579
471	0.823721
472	0.824194
473	0.82349
474	0.823438
475	0.823773
476	0.825153
477	0.824881
478	0.825202
479	0.825064
480	0.824283
481	0.824659
482	0.826267
483	0.825949
484	0.826233
485	0.827071
486	0.826901
487	0.82659
488	0.827138
489	0.827849
490	0.827378
491	0.827414
492	0.827171
493	0.828056
494	0.827823
495	0.828107
496	0.828089
497	0.827674
498	0.828355
499	0.827989
500	0.82776
501	0.82832
502	0.827714
503	0.827469
504	0.827825
505	0.828692
506	0.828281
507	0.828094
508	0.827395
509	0.827622
510	0.827486
511	0.826992
512	0.826619
513	0.826338
514	0.826789
515	0.827258
516	0.827195
517	0.82776
518	0.828291
519	0.828033
520	0.827751
521	0.828251
522	0.828263
523	0.827926
524	0.827491
525	0.827348
526	0.82718
527	0.827515
528	0.827004
529	0.827724
530	0.826992
531	0.826885
532	0.827013
533	0.826863
534	0.826853
535	0.826571
536	0.82642
537	0.82594
538	0.825908
539	0.825477
540	0.825006
541	0.824916
542	0.824708
543	0.824991
544	0.82462
545	0.825826
546	0.825428
547	0.825083
548	0.824572
549	0.824765
550	0.824318
551	0.824043
552	0.823492
553	0.823287
554	0.823435
555	0.823176
556	0.823185
557	0.824004
558	0.823915
559	0.824216
560	0.82428
561	0.823928
562	0.823587
563	0.823402
564	0.82323
565	0.822869
566	0.822407
567	0.822304
568	0.822459
569	0.822628
570	0.822154
571	0.821576
572	0.821707
573	0.821668
574	0.821551
575	0.821537
576	0.821545
577	0.821915
578	0.821543
579	0.82102
580	0.821263
581	0.821063
582	0.821223
583	0.821131
584	0.82088
585	0.820578
586	0.820315
587	0.821386
588	0.820981
589	0.820588
590	0.820536
591	0.820633
592	0.820514
593	0.81996
594	0.820655
595	0.820993
596	0.820863
597	0.820475
598	0.819919
599	0.82064
600	0.820458
601	0.820217
602	0.820539
603	0.820481
604	0.820299
605	0.820361
606	0.820451
607	0.820553
608	0.820861
609	0.820534
610	0.820424
611	0.820314
612	0.820286
613	0.820355
614	0.820555
615	0.821061
616	0.821705
617	0.82155
618	0.821473
619	0.821241
620	0.821198
621	0.821067
622	0.82145
623	0.821611
624	0.821778
625	0.821421
626	0.821567
627	0.821662
628	0.821745
629	0.821485
630	0.821686
631	0.82152
632	0.821294
633	0.821221
634	0.820812
635	0.820713
636	0.82039
637	0.820109
638	0.819888
639	0.819805
640	0.819859
641	0.819509
642	0.819359
643	0.820979
644	0.820857
645	0.820523
646	0.821535
647	0.821226
648	0.821772
649	0.821407
650	0.820951
651	0.820579
652	0.820773
653	0.820643
654	0.820381
655	0.820381
656	0.82073
657	0.820423
658	0.820256
659	0.820344
660	0.819905
661	0.820068
662	0.82008
663	0.819503
664	0.818962
665	0.818427
666	0.818391
667	0.818524
668	0.818825
669	0.818374
670	0.817932
671	0.817843
672	0.818041
673	0.817901
674	0.818363
675	0.818144
676	0.818222
677	0.818223
678	0.81871
679	0.818608
680	0.818898
681	0.81855
682	0.819369
683	0.819356
684	0.819377
685	0.819442
686	0.819543
687	0.819911
688	0.819621
689	0.81972
690	0.819647
691	0.81971
692	0.819687
693	0.819231
694	0.819066
695	0.819213
696	0.819782
697	0.819643
698	0.819935
699	0.819949
700	0.81993
701	0.819647
702	0.819299
703	0.819442
704	0.819568
705	0.819383
706	0.81926
707	0.81922
708	0.81906
709	0.819719
710	0.819422
711	0.819307
712	0.819091
713	0.819127
714	0.818941
715	0.818883
716	0.818562
717	0.818388
718	0.818504
719	0.818209
720	0.818009
721	0.818239
722	0.8181
723	0.818041
724	0.818273
725	0.8185
726	0.818503
727	0.818133
728	0.81825
729	0.818313
730	0.81817
731	0.818577
732	0.818997
733	0.819024
734	0.819327
735	0.819409
736	0.818998
737	0.818377
738	0.818217
739	0.818306
740	0.818505
741	0.818156
742	0.818252
743	0.817815
744	0.81791
745	0.817915
746	0.817615
747	0.817387
748	0.817195
749	0.817228
750	0.817763
751	0.817648
752	0.817267
753	0.817756
754	0.817496
755	0.817817
756	0.818085
757	0.817844
758	0.817444
759	0.817559
760	0.81756
761	0.817553
762	0.817862
763	0.817833
764	0.817837
765	0.817703
766	0.817448
767	0.817518
768	0.81717
769	0.817389
770	0.817356
771	0.816958
772	0.81688
773	0.816418
774	0.816295
775	0.816263
776	0.815823
777	0.815447
778	0.81531
779	0.815289
780	0.815071
781	0.814673
782	0.814679
783	0.814966
784	0.814799
785	0.814272
786	0.814371
787	0.814424
788	0.814439
789	0.814633
790	0.81496
791	0.815087
792	0.814957
793	0.814998
794	0.815625
795	0.816109
796	0.815762
797	0.815639
798	0.815525
799	0.815635
800	0.81544
801	0.815304
802	0.815087
803	0.814842
804	0.814667
805	0.814782
806	0.814253
807	0.814041
808	0.814046
809	0.814602
810	0.814213
811	0.814604
812	0.814502
813	0.814434
814	0.81432
815	0.814335
816	0.814337
817	0.814837
818	0.814963
819	0.814963
820	0.815732
821	0.815962
822	0.81562
823	0.815678
824	0.815273
825	0.815053
826	0.81607
827	0.815861
828	0.815715
829	0.815572
830	0.815666
831	0.815976
832	0.815856
833	0.815667
834	0.815384
835	0.815216
836	0.815107
837	0.815214
838	0.814934
839	0.815012
840	0.814808
841	0.814643
842	0.814507
843	0.814537
844	0.814507
845	0.814862
846	0.814505
847	0.814635
848	0.814385
849	0.814475
850	0.814341
851	0.814597
852	0.814377
853	0.814289
854	0.813911
855	0.813602
856	0.813526
857	0.813651
858	0.813719
859	0.813437
860	0.813138
861	0.812848
862	0.812426
863	0.812843
864	0.812542
865	0.812441
866	0.81224
867	0.812291
868	0.812195
869	0.812482
870	0.81242
871	0.812262
872	0.811989
873	0.811937
874	0.811968
875	0.812013
876	0.811839
877	0.811928
878	0.811791
879	0.812236
880	0.81241
881	0.812183
882	0.812528
883	0.812577
884	0.812229
885	0.812145
886	0.812437
887	0.813325
888	0.813535
889	0.813918
890	0.813765
891	0.814104
892	0.814062
893	0.814009
894	0.813686
895	0.81373
896	0.813719
897	0.813487
898	0.813613
899	0.813393
900	0.813245
901	0.813087
902	0.812917
903	0.813057
904	0.812847
905	0.812903
906	0.812797
907	0.813371
908	0.812973
909	0.812951
910	0.812919
911	0.813175
912	0.8132
913	0.813296
914	0.813202
915	0.813389
916	0.813789
917	0.813999
918	0.813838
919	0.814305
920	0.814354
921	0.814158
922	0.814318
923	0.814196
924	0.814007
925	0.814479
926	0.814309
927	0.814186
928	0.814254
929	0.814021
930	0.814021
931	0.813951
932	0.814131
933	0.814052
934	0.814199
935	0.813866
936	0.813605
937	0.813588
938	0.813685
939	0.813669
940	0.813998
941	0.81396
942	0.813711
943	0.81398
944	0.813952
945	0.81442
946	0.81416
947	0.814331
948	0.814189
949	0.814543
950	0.814828
951	0.814531
952	0.814676
953	0.814549
954	0.814515
955	0.81463
956	0.814491
957	0.814346
958	0.814273
959	0.814546
960	0.815273
961	0.815228
962	0.815289
963	0.814991
964	0.814896
965	0.815291
966	0.815703
967	0.815475
968	0.81523
969	0.814995
970	0.814879
971	0.81509
972	0.81491
973	0.814639
974	0.814436
975	0.814295
976	0.814291
977	0.814133
978	0.813822
979	0.813998
980	0.814177
981	0.813975
982	0.814052
983	0.814058
984	0.814536
985	0.814688
986	0.814974
987	0.814945
988	0.814912
989	0.814953
990	0.815374
991	0.815418
992	0.815716
993	0.815549
994	0.815292
995	0.815436
996	0.815541
997	0.815396
998	0.815367
999	0.815001
