0	7.24756
1	8.24841
2	18.4457
3	19.0495
4	18.6892
5	17.935
6	17.6172
7	18.4592
8	18.0377
9	17.828
10	18.5297
11	18.3275
12	19.2701
13	18.9972
14	18.4181
15	19.2888
16	23.1892
17	24.2521
18	24.0686
19	24.848
20	24.1378
21	23.9367
22	23.7531
23	23.1923
24	24.1437
25	24.441
26	23.9499
27	24.6901
28	24.7054
29	24.0896
30	23.6755
31	23.8348
32	23.3878
33	23.1527
34	22.7871
35	23.943
36	23.5576
37	23.6842
38	23.8463
39	23.4495
40	23.1683
41	22.8298
42	22.4782
43	22.2696
44	21.9646
45	21.9915
46	22.0255
47	21.8339
48	22.3706
49	22.2143
50	22.0472
51	22.7145
52	22.6452
53	22.4946
54	22.8983
55	23.0366
56	23.4225
57	23.3758
58	23.279
59	23.4117
60	23.1882
61	23.2589
62	23.2053
63	23.444
64	23.4651
65	23.3984
66	23.1966
67	23.1743
68	23.2237
69	23.4678
70	23.9449
71	24.1354
72	24.0143
73	23.931
74	23.7804
75	23.646
76	23.6237
77	23.4902
78	23.3177
79	23.2801
80	23.3336
81	23.1386
82	23.1698
83	23.0156
84	22.9134
85	23.1042
86	23.6297
87	23.6159
88	23.4638
89	23.3565
90	23.6851
91	23.8323
92	23.6801
93	23.6806
94	23.5362
95	23.44
96	23.3027
97	23.2066
98	23.5139
99	23.5383
100	23.5256
101	23.7152
102	23.7088
103	23.5865
104	23.6077
105	23.636
106	23.6086
107	23.8063
108	23.8318
109	23.8426
110	23.905
111	23.8097
112	23.659
113	23.6806
114	23.5818
115	23.489
116	23.4415
117	23.8318
118	24.0099
119	24.0696
120	23.9667
121	24.0426
122	24.1166
123	24.0916
124	24.1564
125	24.1353
126	24.0649
127	23.9799
128	24.3114
129	24.5728
130	24.4862
131	24.4135
132	24.5148
133	24.6761
134	24.8837
135	24.8356
136	24.722
137	24.8358
138	24.7859
139	24.7773
140	24.9934
141	24.9061
142	24.8554
143	24.7511
144	24.693
145	24.5915
146	24.7283
147	24.6234
148	24.5207
149	24.4047
150	24.3275
151	24.2844
152	24.2978
153	24.2735
154	24.2944
155	24.5395
156	24.4715
157	24.3983
158	24.3754
159	24.3932
160	24.7562
161	24.8648
162	24.9894
163	24.8967
164	24.9018
165	24.8584
166	25.0763
167	25.0472
168	24.9718
169	24.9633
170	24.8847
171	24.9935
172	24.9714
173	25.0631
174	25.1301
175	25.0571
176	25.1761
177	25.159
178	25.2578
179	25.1863
180	25.1873
181	25.1072
182	25.0708
183	25.1762
184	25.1103
185	25.1073
186	25.1875
187	25.167
188	25.0754
189	25.0894
190	25.3806
191	25.6476
192	25.5656
193	25.6935
194	25.7846
195	25.6794
196	25.5873
197	25.6514
198	25.6598
199	25.6327
200	25.5866
201	25.5916
202	25.5256
203	25.5034
204	25.4998
205	25.4322
206	25.3966
207	25.3319
208	25.5276
209	25.6061
210	25.8268
211	25.8086
212	25.7317
213	25.7802
214	26.4512
215	26.8524
216	26.7769
217	26.988
218	27.3903
219	27.3631
220	27.2689
221	27.1847
222	27.2037
223	27.134
224	27.0964
225	27.1172
226	27.0443
227	26.9565
228	27.2435
229	27.3936
230	27.4315
231	27.3756
232	27.2935
233	27.2648
234	27.2278
235	27.1765
236	27.1133
237	27.069
238	27.1603
239	27.1348
240	27.1663
241	27.0973
242	27.0278
243	27.0234
244	27.0834
245	27.0681
246	27.046
247	27.115
248	27.0663
249	27.0834
250	27.0892
251	27.1002
252	27.0526
253	27.002
254	26.9758
255	27.0084
256	27.0915
257	27.062
258	27.0788
259	27.001
260	26.9217
261	26.8713
262	26.8284
263	26.8707
264	26.813
265	26.7708
266	26.7125
267	26.677
268	26.7028
269	26.7343
270	26.6739
271	26.687
272	26.6833
273	26.643
274	26.6082
275	26.6933
276	26.7928
277	26.9353
278	26.9424
279	26.9305
280	26.929
281	26.9106
282	26.874
283	26.8174
284	26.8237
285	26.7696
286	26.7954
287	26.8242
288	26.7757
289	26.7948
290	26.7257
291	26.6773
292	26.6346
293	26.6527
294	26.6032
295	26.5572
296	26.551
297	26.5097
298	26.6075
299	26.5892
300	26.5572
301	26.5148
302	26.4683
303	26.4472
304	26.4357
305	26.3762
306	26.3176
307	26.3081
308	26.3624
309	26.6337
310	26.7375
311	26.6737
312	26.6485
313	26.6089
314	26.5816
315	26.5438
316	26.482
317	26.4566
318	26.4781
319	26.5067
320	26.4956
321	26.5016
322	26.444
323	26.4224
324	26.422
325	26.4021
326	26.4058
327	26.4452
328	26.3811
329	26.3472
330	26.3125
331	26.3248
332	26.2777
333	26.2389
334	26.2094
335	26.1562
336	26.1471
337	26.1164
338	26.058
339	26.0169
340	25.9894
341	25.9732
342	25.9361
343	25.902
344	25.887
345	25.8265
346	25.7932
347	25.8273
348	25.8094
349	25.7784
350	25.719
351	25.706
352	25.6705
353	25.6606
354	25.6191
355	25.6077
356	25.6527
357	25.612
358	25.6078
359	25.5802
360	25.5795
361	25.5743
362	25.5495
363	25.4984
364	25.5463
365	25.6809
366	25.7013
367	25.6795
368	25.6431
369	25.6202
370	25.5904
371	25.6522
372	25.6576
373	25.6118
374	25.6218
375	25.5764
376	25.5683
377	25.5423
378	25.5187
379	25.4767
380	25.4515
381	25.4176
382	25.3858
383	25.3715
384	25.3619
385	25.3287
386	25.3522
387	25.5249
388	25.4974
389	25.4758
390	25.459
391	25.4253
392	25.4317
393	25.4104
394	25.4013
395	25.4326
396	25.4032
397	25.3971
398	25.3633
399	25.3194
400	25.2872
401	25.2536
402	25.2621
403	25.2614
404	25.2254
405	25.2096
406	25.1711
407	25.13
408	25.1112
409	25.101
410	25.0588
411	25.1137
412	25.1188
413	25.1254
414	25.2469
415	25.2327
416	25.2383
417	25.1955
418	25.1496
419	25.127
420	25.088
421	25.0525
422	25.0425
423	25.0821
424	25.068
425	25.0302
426	25.0129
427	25.0154
428	25.0395
429	25.0864
430	25.0596
431	25.1415
432	25.2581
433	25.2497
434	25.2327
435	25.2704
436	25.2378
437	25.2191
438	25.1999
439	25.1636
440	25.2537
441	25.2403
442	25.2473
443	25.2672
444	25.2879
445	25.2967
446	25.391
447	25.3717
448	25.4347
449	25.4357
450	25.4368
451	25.4534
452	25.4298
453	25.4907
454	25.4728
455	25.4288
456	25.3888
457	25.4322
458	25.4804
459	25.4416
460	25.4077
461	25.3837
462	25.3808
463	25.3444
464	25.3403
465	25.3177
466	25.3045
467	25.3061
468	25.3057
469	25.4247
470	25.4515
471	25.4131
472	25.43
473	25.4147
474	25.3869
475	25.3601
476	25.4598
477	25.5087
478	25.5001
479	25.4789
480	25.4715
481	25.4814
482	25.4722
483	25.5797
484	25.5552
485	25.6101
486	25.5972
487	25.6068
488	25.6013
489	25.6016
490	25.5669
491	25.5369
492	25.5376
493	25.6553
494	25.6342
495	25.6032
496	25.5895
497	25.5623
498	25.5938
499	25.5666
500	25.5413
501	25.5156
502	25.5071
503	25.4962
504	25.5023
505	25.5078
506	25.4866
507	25.4645
508	25.4324
509	25.4603
510	25.4673
511	25.4389
512	25.4168
513	25.3856
514	25.3671
515	25.4201
516	25.3868
517	25.3584
518	25.3445
519	25.4055
520	25.3762
521	25.3511
522	25.3529
523	25.3208
524	25.3717
525	25.4652
526	25.4608
527	25.5525
528	25.5843
529	25.5653
530	25.5318
531	25.507
532	25.5199
533	25.5137
534	25.4773
535	25.4506
536	25.4208
537	25.4118
538	25.3846
539	25.3657
540	25.3474
541	25.3388
542	25.3121
543	25.3001
544	25.279
545	25.2862
546	25.2542
547	25.2267
548	25.1971
549	25.1719
550	25.162
551	25.1499
552	25.1417
553	25.1256
554	25.1018
555	25.0695
556	25.0717
557	25.0705
558	25.1039
559	25.1466
560	25.2323
561	25.2573
562	25.2618
563	25.257
564	25.2452
565	25.2217
566	25.2018
567	25.174
568	25.2106
569	25.1968
570	25.1835
571	25.1564
572	25.1611
573	25.2098
574	25.269
575	25.2588
576	25.2615
577	25.2655
578	25.2367
579	25.2239
580	25.2256
581	25.2409
582	25.2712
583	25.2723
584	25.244
585	25.2251
586	25.2375
587	25.2208
588	25.2175
589	25.1889
590	25.1599
591	25.1516
592	25.1436
593	25.1302
594	25.1298
595	25.1636
596	25.1386
597	25.115
598	25.0872
599	25.1096
600	25.0881
601	25.0899
602	25.0849
603	25.0661
604	25.0443
605	25.0291
606	25.0586
607	25.1236
608	25.1711
609	25.1634
610	25.1476
611	25.12
612	25.1286
613	25.1429
614	25.141
615	25.1428
616	25.1422
617	25.126
618	25.1493
619	25.1279
620	25.1556
621	25.2163
622	25.205
623	25.2075
624	25.2508
625	25.2575
626	25.2709
627	25.2776
628	25.2646
629	25.2429
630	25.2332
631	25.2117
632	25.1935
633	25.2054
634	25.1923
635	25.1681
636	25.1862
637	25.1687
638	25.1442
639	25.1221
640	25.1192
641	25.0996
642	25.0893
643	25.1634
644	25.2024
645	25.2194
646	25.3052
647	25.3885
648	25.3799
649	25.3731
650	25.3586
651	25.34
652	25.3742
653	25.3692
654	25.345
655	25.3226
656	25.3126
657	25.2968
658	25.3056
659	25.2881
660	25.2617
661	25.2571
662	25.2487
663	25.2182
664	25.1895
665	25.1644
666	25.1434
667	25.1675
668	25.1735
669	25.1503
670	25.1222
671	25.1217
672	25.1077
673	25.1025
674	25.1863
675	25.203
676	25.1962
677	25.1766
678	25.1619
679	25.1472
680	25.1601
681	25.1436
682	25.1899
683	25.178
684	25.1715
685	25.1558
686	25.1917
687	25.2657
688	25.3293
689	25.3133
690	25.3139
691	25.3169
692	25.3216
693	25.3106
694	25.2916
695	25.2993
696	25.3836
697	25.3702
698	25.3898
699	25.3679
700	25.3677
701	25.3586
702	25.3363
703	25.3312
704	25.3229
705	25.3417
706	25.3297
707	25.3075
708	25.2978
709	25.2902
710	25.2832
711	25.2595
712	25.2431
713	25.2277
714	25.2043
715	25.1846
716	25.186
717	25.1647
718	25.1785
719	25.1708
720	25.1495
721	25.1357
722	25.13
723	25.1128
724	25.1094
725	25.2764
726	25.3415
727	25.3547
728	25.361
729	25.4164
730	25.3946
731	25.3861
732	25.3765
733	25.3788
734	25.4472
735	25.5198
736	25.5145
737	25.4894
738	25.4781
739	25.5048
740	25.492
741	25.4863
742	25.4775
743	25.4598
744	25.4462
745	25.4267
746	25.409
747	25.3896
748	25.3705
749	25.3762
750	25.4204
751	25.5385
752	25.5168
753	25.4977
754	25.4819
755	25.5221
756	25.5807
757	25.5787
758	25.5546
759	25.5411
760	25.5466
761	25.5343
762	25.5555
763	25.5521
764	25.5524
765	25.5285
766	25.5067
767	25.4893
768	25.4746
769	25.4681
770	25.4509
771	25.428
772	25.4157
773	25.3994
774	25.3845
775	25.3756
776	25.3576
777	25.3418
778	25.3239
779	25.307
780	25.2984
781	25.2902
782	25.2984
783	25.2964
784	25.3218
785	25.324
786	25.3077
787	25.2987
788	25.2856
789	25.2708
790	25.2552
791	25.2712
792	25.2569
793	25.2794
794	25.3095
795	25.3008
796	25.2807
797	25.2615
798	25.2521
799	25.2438
800	25.2316
801	25.2245
802	25.2033
803	25.185
804	25.1982
805	25.1937
806	25.1712
807	25.1535
808	25.1462
809	25.1379
810	25.1185
811	25.113
812	25.1012
813	25.092
814	25.081
815	25.085
816	25.0946
817	25.1056
818	25.0993
819	25.1374
820	25.1949
821	25.1818
822	25.1819
823	25.1751
824	25.1598
825	25.1429
826	25.1685
827	25.1643
828	25.1512
829	25.1414
830	25.1356
831	25.1281
832	25.1344
833	25.2058
834	25.2454
835	25.237
836	25.2327
837	25.2299
838	25.2086
839	25.2076
840	25.1944
841	25.1803
842	25.2044
843	25.1909
844	25.1753
845	25.1971
846	25.1816
847	25.1736
848	25.1569
849	25.1391
850	25.1228
851	25.1123
852	25.119
853	25.0978
854	25.1015
855	25.0897
856	25.0757
857	25.0785
858	25.072
859	25.0572
860	25.0608
861	25.0461
862	25.0301
863	25.0226
864	25.0207
865	25.014
866	25.005
867	25.0436
868	25.0408
869	25.0379
870	25.0504
871	25.0372
872	25.0149
873	25.0067
874	24.9983
875	25.0064
876	24.9982
877	24.9825
878	24.9674
879	24.959
880	25.055
881	25.0403
882	25.0233
883	25.1453
884	25.1352
885	25.1339
886	25.1235
887	25.1462
888	25.2014
889	25.2204
890	25.2422
891	25.231
892	25.2192
893	25.2189
894	25.2093
895	25.1974
896	25.1822
897	25.1716
898	25.1588
899	25.1625
900	25.1473
901	25.1265
902	25.1116
903	25.0951
904	25.0778
905	25.0707
906	25.0695
907	25.0846
908	25.0717
909	25.0649
910	25.0632
911	25.0922
912	25.0947
913	25.0987
914	25.0837
915	25.1363
916	25.2088
917	25.2685
918	25.2568
919	25.2717
920	25.263
921	25.246
922	25.245
923	25.2358
924	25.2214
925	25.216
926	25.2416
927	25.2305
928	25.22
929	25.2031
930	25.2008
931	25.1973
932	25.189
933	25.1813
934	25.1761
935	25.1647
936	25.1487
937	25.1305
938	25.1264
939	25.1154
940	25.1221
941	25.1108
942	25.0947
943	25.0922
944	25.076
945	25.0766
946	25.0689
947	25.0901
948	25.0881
949	25.0973
950	25.0913
951	25.0773
952	25.0615
953	25.0544
954	25.0564
955	25.0731
956	25.0779
957	25.0746
958	25.0752
959	25.0715
960	25.1283
961	25.1182
962	25.1115
963	25.0955
964	25.0976
965	25.1259
966	25.1645
967	25.161
968	25.1491
969	25.142
970	25.1305
971	25.1597
972	25.1503
973	25.1393
974	25.1219
975	25.1146
976	25.1028
977	25.0931
978	25.085
979	25.0702
980	25.0614
981	25.0525
982	25.0362
983	25.0263
984	25.0224
985	25.0334
986	25.0383
987	25.0253
988	25.0114
989	25.0438
990	25.121
991	25.2443
992	25.2636
993	25.2544
994	25.2393
995	25.2277
996	25.2162
997	25.2302
998	25.2524
999	25.235
