0	1.29374
1	4.29983
2	3.32256
3	3.10967
4	2.93097
5	3.19969
6	3.06567
7	3.37074
8	3.44109
9	3.25818
10	3.15209
11	3.0792
12	2.98362
13	3.23254
14	3.19226
15	3.06472
16	2.94186
17	2.86147
18	2.777
19	2.70242
20	2.91636
21	2.82998
22	2.87029
23	2.93724
24	2.89283
25	2.88329
26	2.81611
27	2.7829
28	2.81992
29	2.905
30	2.86107
31	2.81172
32	2.78096
33	2.75832
34	2.73098
35	2.73762
36	2.71868
37	2.71489
38	2.68636
39	2.64942
40	2.61236
41	2.59295
42	2.56441
43	2.5438
44	2.51795
45	2.50941
46	2.48871
47	2.46581
48	2.44286
49	2.42105
50	2.43382
51	2.4257
52	2.43233
53	2.42237
54	2.45993
55	2.44293
56	2.43183
57	2.42998
58	2.42247
59	2.40602
60	2.39301
61	2.38251
62	2.3794
63	2.36206
64	2.3451
65	2.32689
66	2.31272
67	2.29479
68	2.2837
69	2.26834
70	2.25567
71	2.24833
72	2.23162
73	2.22742
74	2.21929
75	2.22089
76	2.22202
77	2.20897
78	2.19964
79	2.18608
80	2.17623
81	2.17471
82	2.1653
83	2.16262
84	2.18092
85	2.17084
86	2.21931
87	2.20733
88	2.21656
89	2.22119
90	2.22101
91	2.21937
92	2.21711
93	2.21635
94	2.21622
95	2.20862
96	2.20263
97	2.26991
98	2.26374
99	2.25126
100	2.26447
101	2.26341
102	2.26953
103	2.28821
104	2.28461
105	2.27966
106	2.27542
107	2.27372
108	2.26642
109	2.26109
110	2.25497
111	2.26396
112	2.25728
113	2.24705
114	2.25022
115	2.25361
116	2.24633
117	2.24997
118	2.25524
119	2.24798
120	2.26236
121	2.2622
122	2.26943
123	2.28673
124	2.27652
125	2.27107
126	2.26484
127	2.25583
128	2.25783
129	2.27203
130	2.27282
131	2.27442
132	2.28775
133	2.27955
134	2.31476
135	2.30689
136	2.33576
137	2.33021
138	2.34086
139	2.33941
140	2.34157
141	2.3367
142	2.34689
143	2.34257
144	2.34496
145	2.33638
146	2.3286
147	2.33925
148	2.33239
149	2.32359
150	2.31918
151	2.31136
152	2.30637
153	2.29693
154	2.3088
155	2.30882
156	2.30661
157	2.30098
158	2.29847
159	2.29172
160	2.29261
161	2.29223
162	2.28916
163	2.2807
164	2.27729
165	2.2778
166	2.29633
167	2.28773
168	2.284
169	2.28262
170	2.28786
171	2.28803
172	2.30057
173	2.29917
174	2.29604
175	2.29343
176	2.29061
177	2.28704
178	2.27996
179	2.28908
180	2.29538
181	2.29396
182	2.2946
183	2.29116
184	2.30076
185	2.30699
186	2.31553
187	2.31329
188	2.30899
189	2.30289
190	2.30052
191	2.30248
192	2.29793
193	2.29395
194	2.29639
195	2.29111
196	2.28961
197	2.28885
198	2.28919
199	2.29872
200	2.2919
201	2.29578
202	2.29909
203	2.30071
204	2.29792
205	2.30676
206	2.31023
207	2.30402
208	2.29776
209	2.29299
210	2.29494
211	2.28926
212	2.29283
213	2.28816
214	2.29426
215	2.28958
216	2.28672
217	2.28658
218	2.28402
219	2.28141
220	2.27775
221	2.29158
222	2.28651
223	2.28342
224	2.27937
225	2.28133
226	2.28028
227	2.27593
228	2.28099
229	2.28046
230	2.27518
231	2.27193
232	2.26709
233	2.2724
234	2.27233
235	2.27781
236	2.27734
237	2.2982
238	2.30097
239	2.31485
240	2.31592
241	2.31267
242	2.31169
243	2.30909
244	2.3037
245	2.3006
246	2.308
247	2.32161
248	2.32411
249	2.32414
250	2.3244
251	2.32062
252	2.31626
253	2.31251
254	2.31077
255	2.32281
256	2.32001
257	2.31936
258	2.31472
259	2.31483
260	2.31357
261	2.30907
262	2.30773
263	2.31867
264	2.3479
265	2.3479
266	2.35628
267	2.3558
268	2.35369
269	2.34967
270	2.34623
271	2.34549
272	2.34512
273	2.34098
274	2.34159
275	2.33897
276	2.33746
277	2.33503
278	2.33337
279	2.33315
280	2.40072
281	2.39804
282	2.3988
283	2.39773
284	2.39864
285	2.40235
286	2.40326
287	2.3991
288	2.39505
289	2.39936
290	2.40024
291	2.40126
292	2.40243
293	2.40212
294	2.40114
295	2.39803
296	2.39636
297	2.39517
298	2.39081
299	2.38616
300	2.38295
301	2.37785
302	2.37718
303	2.37548
304	2.37635
305	2.37318
306	2.3705
307	2.37667
308	2.37295
309	2.36927
310	2.36494
311	2.36409
312	2.35954
313	2.35781
314	2.35296
315	2.34795
316	2.35252
317	2.36462
318	2.37107
319	2.36853
320	2.37018
321	2.37195
322	2.37115
323	2.37203
324	2.37185
325	2.37154
326	2.37281
327	2.37172
328	2.37464
329	2.37039
330	2.42083
331	2.42127
332	2.41813
333	2.4201
334	2.41659
335	2.42747
336	2.42669
337	2.42423
338	2.42344
339	2.41889
340	2.41873
341	2.41991
342	2.41605
343	2.4119
344	2.40873
345	2.41304
346	2.41247
347	2.4107
348	2.41667
349	2.41734
350	2.41458
351	2.4125
352	2.41124
353	2.41907
354	2.42032
355	2.42271
356	2.41984
357	2.41683
358	2.41478
359	2.41873
360	2.42214
361	2.42454
362	2.42162
363	2.42039
364	2.41652
365	2.41741
366	2.41406
367	2.41078
368	2.40678
369	2.4045
370	2.40053
371	2.39941
372	2.40076
373	2.39829
374	2.39418
375	2.39217
376	2.40037
377	2.39916
378	2.40727
379	2.40579
380	2.40342
381	2.40581
382	2.40503
383	2.40211
384	2.40188
385	2.40018
386	2.3967
387	2.39287
388	2.39039
389	2.38834
390	2.38968
391	2.38713
392	2.38538
393	2.38381
394	2.37972
395	2.37781
396	2.38099
397	2.38302
398	2.38012
399	2.37703
400	2.37502
401	2.37412
402	2.3742
403	2.37809
404	2.37782
405	2.37554
406	2.3736
407	2.37047
408	2.37362
409	2.37167
410	2.37301
411	2.3696
412	2.3711
413	2.38086
414	2.38005
415	2.37688
416	2.37779
417	2.37627
418	2.37896
419	2.37519
420	2.37403
421	2.38004
422	2.38209
423	2.37918
424	2.37793
425	2.37855
426	2.37823
427	2.37598
428	2.37722
429	2.3752
430	2.37391
431	2.37384
432	2.39231
433	2.38957
434	2.38962
435	2.38881
436	2.38929
437	2.38755
438	2.38868
439	2.39264
440	2.3925
441	2.39393
442	2.3906
443	2.3906
444	2.39102
445	2.38773
446	2.38787
447	2.38518
448	2.38188
449	2.37929
450	2.37772
451	2.37832
452	2.37738
453	2.37527
454	2.37494
455	2.37216
456	2.37191
457	2.37824
458	2.37995
459	2.38018
460	2.3781
461	2.37702
462	2.3745
463	2.37438
464	2.3745
465	2.37162
466	2.37064
467	2.37072
468	2.36773
469	2.37198
470	2.37039
471	2.37167
472	2.36933
473	2.37031
474	2.37096
475	2.37063
476	2.37373
477	2.37242
478	2.36942
479	2.36949
480	2.37334
481	2.37133
482	2.37045
483	2.36841
484	2.36666
485	2.37022
486	2.36929
487	2.3678
488	2.36603
489	2.36607
490	2.36621
491	2.36537
492	2.36573
493	2.36313
494	2.36303
495	2.36292
496	2.36228
497	2.36157
498	2.3595
499	2.35742
500	2.35654
501	2.35429
502	2.35615
503	2.35446
504	2.3535
505	2.35255
506	2.3547
507	2.35516
508	2.35259
509	2.35291
510	2.35393
511	2.35185
512	2.35004
513	2.34797
514	2.349
515	2.34753
516	2.35275
517	2.35247
518	2.35027
519	2.3479
520	2.34779
521	2.3468
522	2.3456
523	2.35247
524	2.35678
525	2.36095
526	2.35985
527	2.35806
528	2.36584
529	2.3643
530	2.36226
531	2.36471
532	2.36235
533	2.35995
534	2.35823
535	2.35574
536	2.35376
537	2.35251
538	2.3519
539	2.3502
540	2.35044
541	2.3552
542	2.36118
543	2.3593
544	2.35802
545	2.35747
546	2.35572
547	2.35744
548	2.35479
549	2.3537
550	2.35315
551	2.35284
552	2.35278
553	2.35019
554	2.34755
555	2.34775
556	2.34561
557	2.34339
558	2.34393
559	2.34295
560	2.34101
561	2.34288
562	2.34111
563	2.33913
564	2.33913
565	2.3375
566	2.33627
567	2.33551
568	2.33472
569	2.33244
570	2.33035
571	2.33277
572	2.33019
573	2.32877
574	2.32938
575	2.33059
576	2.3308
577	2.32994
578	2.33128
579	2.32914
580	2.33513
581	2.33267
582	2.33276
583	2.33375
584	2.33163
585	2.33228
586	2.33057
587	2.3309
588	2.32973
589	2.32843
590	2.32871
591	2.32739
592	2.32614
593	2.32782
594	2.32549
595	2.32465
596	2.3233
597	2.3227
598	2.32343
599	2.32168
600	2.32202
601	2.32062
602	2.31855
603	2.31749
604	2.31629
605	2.3161
606	2.31581
607	2.31562
608	2.31554
609	2.31369
610	2.32832
611	2.32846
612	2.34368
613	2.34606
614	2.35001
615	2.3502
616	2.35129
617	2.35025
618	2.34855
619	2.34696
620	2.34606
621	2.34481
622	2.34403
623	2.34926
624	2.35657
625	2.3564
626	2.35481
627	2.35319
628	2.35106
629	2.34964
630	2.34846
631	2.35412
632	2.35522
633	2.35622
634	2.35635
635	2.35516
636	2.35405
637	2.35478
638	2.35383
639	2.35448
640	2.35591
641	2.35446
642	2.35393
643	2.35433
644	2.35843
645	2.35773
646	2.3623
647	2.36133
648	2.36079
649	2.36158
650	2.36176
651	2.35955
652	2.35774
653	2.35558
654	2.35422
655	2.3523
656	2.35009
657	2.35172
658	2.35149
659	2.35299
660	2.35069
661	2.3502
662	2.34814
663	2.34664
664	2.34546
665	2.34539
666	2.34414
667	2.34354
668	2.34181
669	2.34017
670	2.3393
671	2.33788
672	2.33647
673	2.3355
674	2.3352
675	2.33609
676	2.33518
677	2.33338
678	2.3329
679	2.3318
680	2.33068
681	2.33452
682	2.33407
683	2.33422
684	2.33314
685	2.33382
686	2.33237
687	2.33296
688	2.33317
689	2.33338
690	2.33319
691	2.33225
692	2.33032
693	2.32943
694	2.32845
695	2.32702
696	2.33183
697	2.33116
698	2.33026
699	2.33504
700	2.33412
701	2.33323
702	2.33171
703	2.33275
704	2.33228
705	2.33171
706	2.33172
707	2.33014
708	2.32933
709	2.3283
710	2.32668
711	2.32595
712	2.32525
713	2.32381
714	2.32428
715	2.32328
716	2.32368
717	2.32632
718	2.32542
719	2.32462
720	2.32298
721	2.32283
722	2.32124
723	2.32122
724	2.32035
725	2.32024
726	2.32729
727	2.32768
728	2.32746
729	2.32686
730	2.32641
731	2.32627
732	2.32505
733	2.32315
734	2.32135
735	2.3208
736	2.31917
737	2.31868
738	2.31782
739	2.31613
740	2.315
741	2.31499
742	2.31588
743	2.31403
744	2.31249
745	2.3119
746	2.31066
747	2.30925
748	2.30848
749	2.30985
750	2.30933
751	2.30866
752	2.30879
753	2.30946
754	2.30974
755	2.30941
756	2.30835
757	2.30802
758	2.30985
759	2.30974
760	2.31151
761	2.31132
762	2.30955
763	2.30915
764	2.30824
765	2.30714
766	2.30696
767	2.30594
768	2.3087
769	2.30717
770	2.30942
771	2.30939
772	2.30869
773	2.31066
774	2.31017
775	2.30843
776	2.30841
777	2.307
778	2.30837
779	2.30693
780	2.30573
781	2.30551
782	2.30486
783	2.304
784	2.30341
785	2.30321
786	2.30234
787	2.30191
788	2.30061
789	2.30165
790	2.30198
791	2.30346
792	2.30182
793	2.30068
794	2.30098
795	2.29999
796	2.29914
797	2.29872
798	2.29795
799	2.2982
800	2.29776
801	2.29672
802	2.29644
803	2.29609
804	2.29604
805	2.2982
806	2.29737
807	2.29789
808	2.29641
809	2.29596
810	2.29462
811	2.2931
812	2.29355
813	2.29341
814	2.29298
815	2.29309
816	2.29188
817	2.29256
818	2.29215
819	2.29159
820	2.29137
821	2.29157
822	2.29009
823	2.29044
824	2.29005
825	2.29338
826	2.29193
827	2.29061
828	2.28989
829	2.28964
830	2.29022
831	2.28901
832	2.29029
833	2.28966
834	2.2925
835	2.29181
836	2.29587
837	2.29454
838	2.29346
839	2.2932
840	2.29403
841	2.29262
842	2.29209
843	2.29103
844	2.29004
845	2.29371
846	2.2922
847	2.29129
848	2.29184
849	2.2915
850	2.29211
851	2.29083
852	2.2907
853	2.2899
854	2.29382
855	2.29241
856	2.29169
857	2.29527
858	2.29418
859	2.29661
860	2.2965
861	2.29718
862	2.29566
863	2.296
864	2.29508
865	2.29502
866	2.29466
867	2.29536
868	2.2948
869	2.29535
870	2.29531
871	2.2935
872	2.2927
873	2.2971
874	2.29596
875	2.29728
876	2.29774
877	2.29663
878	2.2958
879	2.29452
880	2.29924
881	2.29908
882	2.2985
883	2.29835
884	2.29826
885	2.29836
886	2.29833
887	2.29744
888	2.30008
889	2.29968
890	2.2991
891	2.29817
892	2.30187
893	2.30121
894	2.29991
895	2.29963
896	2.29939
897	2.29826
898	2.29981
899	2.29988
900	2.29911
901	2.29865
902	2.30204
903	2.30102
904	2.29944
905	2.29889
906	2.29882
907	2.2975
908	2.29647
909	2.29686
910	2.29692
911	2.29614
912	2.29546
913	2.29533
914	2.2953
915	2.29485
916	2.29504
917	2.29475
918	2.29393
919	2.29286
920	2.29213
921	2.29143
922	2.29245
923	2.29163
924	2.29089
925	2.29198
926	2.29094
927	2.28969
928	2.28854
929	2.28891
930	2.29501
931	2.29576
932	2.29456
933	2.29315
934	2.29235
935	2.29111
936	2.2926
937	2.29153
938	2.29249
939	2.29225
940	2.29262
941	2.2917
942	2.29026
943	2.28908
944	2.28828
945	2.28773
946	2.28765
947	2.28673
948	2.28592
949	2.28627
950	2.28589
951	2.28524
952	2.28422
953	2.28923
954	2.2891
955	2.28864
956	2.28856
957	2.28805
958	2.28683
959	2.28567
960	2.28584
961	2.28686
962	2.28657
963	2.29466
964	2.29434
965	2.29318
966	2.29294
967	2.29282
968	2.29475
969	2.29482
970	2.29536
971	2.29449
972	2.29378
973	2.29552
974	2.29541
975	2.3043
976	2.30453
977	2.30514
978	2.30429
979	2.30316
980	2.30212
981	2.30305
982	2.30366
983	2.30264
984	2.3015
985	2.30281
986	2.30304
987	2.30247
988	2.30487
989	2.30563
990	2.32797
991	2.32777
992	2.32768
993	2.32718
994	2.32695
995	2.32579
996	2.32511
997	2.32395
998	2.32372
999	2.32279
