0	304.984
1	332.718
2	279.59
3	247.42
4	226.479
5	771.475
6	685.089
7	627.701
8	580.2
9	658.365
10	627.221
11	605.736
12	592.688
13	621.062
14	656.175
15	636.572
16	615.877
17	597.09
18	578.531
19	565.399
20	582.067
21	571.827
22	686.951
23	665.585
24	657.331
25	639.534
26	627.884
27	617.609
28	611.653
29	607.449
30	596.92
31	588.64
32	575.901
33	568.733
34	565.927
35	558.622
36	552.57
37	547.195
38	539.834
39	533.954
40	527.487
41	519.057
42	523.114
43	520.878
44	523.03
45	534.108
46	527.234
47	521.475
48	516.941
49	511.353
50	505.789
51	499.256
52	496.793
53	492.347
54	486.045
55	482.267
56	477.32
57	472.82
58	470.032
59	476.202
60	474.25
61	474.416
62	470.667
63	467.293
64	465.631
65	462.542
66	458.366
67	454.312
68	459.595
69	456.432
70	451.89
71	448.177
72	445.751
73	443.639
74	442.434
75	448.607
76	462.501
77	495.222
78	494.946
79	492.529
80	489.633
81	486.511
82	483.789
83	481.249
84	485.837
85	483.435
86	480.484
87	477.311
88	482.291
89	483.393
90	480.398
91	477.394
92	474.552
93	471.688
94	468.621
95	469.528
96	487.571
97	486.4
98	484.012
99	480.54
100	478.525
101	477.047
102	474.9
103	474.099
104	471.639
105	468.574
106	471.384
107	469.404
108	466.706
109	464.412
110	462.62
111	460.452
112	459.522
113	458.341
114	457.353
115	455.182
116	459.029
117	457.414
118	455.93
119	454.453
120	452.614
121	460.223
122	457.64
123	461.548
124	477.68
125	478.388
126	476.576
127	474.625
128	473.285
129	472.804
130	470.582
131	469.236
132	468.599
133	466.998
134	466.149
135	464.227
136	487.877
137	491.205
138	488.733
139	490.309
140	491.414
141	496.246
142	494.812
143	501.108
144	498.635
145	496.63
146	495.413
147	493.019
148	491.122
149	489.507
150	487.852
151	486.037
152	484.771
153	482.705
154	480.827
155	479.496
156	477.942
157	475.859
158	475.94
159	474.417
160	474.814
161	478.326
162	476.571
163	475.068
164	475.586
165	473.757
166	473.572
167	472.335
168	471.447
169	470.636
170	471.726
171	473.49
172	473.865
173	482.747
174	485.697
175	484.179
176	482.9
177	493.064
178	492.014
179	492.451
180	490.854
181	489.588
182	488.808
183	487.262
184	498.124
185	506.887
186	512.413
187	532.077
188	615.295
189	670.109
190	673.828
191	671.849
192	670.094
193	669.074
194	670.188
195	668.361
196	675.468
197	673.313
198	672.185
199	669.78
200	667.826
201	666.079
202	667.976
203	670.112
204	668.014
205	667.273
206	704.815
207	707.724
208	707.513
209	706.06
210	707.005
211	704.939
212	702.611
213	700.816
214	698.825
215	697.094
216	695.428
217	693.216
218	690.889
219	694.898
220	693.26
221	691.3
222	690.678
223	689.739
224	688.116
225	687.622
226	693.515
227	692.724
228	690.739
229	689.357
230	687.494
231	685.974
232	684.736
233	684.095
234	682.742
235	680.759
236	678.824
237	677.128
238	691.576
239	716.417
240	770.464
241	769.437
242	767.68
243	766.029
244	764.111
245	762.355
246	816.567
247	814.445
248	812.255
249	809.91
250	807.738
251	805.659
252	803.526
253	802.032
254	799.909
255	801.877
256	801.393
257	799.21
258	797.635
259	795.555
260	793.454
261	791.745
262	789.937
263	789.557
264	797.52
265	796.658
266	797.793
267	796.724
268	795.232
269	793.75
270	791.796
271	789.665
272	788.213
273	786.613
274	784.471
275	782.84
276	781.037
277	779.342
278	777.507
279	775.672
280	775.94
281	773.905
282	772.218
283	771.345
284	771.631
285	770.353
286	768.604
287	766.688
288	765.036
289	764.589
290	764.269
291	762.588
292	761.007
293	759.506
294	760.106
295	758.338
296	756.697
297	755.028
298	753.573
299	752.205
300	750.744
301	749.461
302	747.628
303	746.029
304	745.515
305	744.772
306	743.176
307	743.416
308	741.912
309	740.224
310	738.772
311	742.585
312	742.005
313	740.725
314	739.497
315	741.223
316	740.184
317	738.766
318	738.4
319	736.901
320	735.627
321	733.818
322	732.427
323	731.49
324	730.252
325	728.75
326	727.331
327	725.945
328	726.28
329	725.396
330	766.913
331	840.185
332	862.455
333	860.616
334	858.991
335	857.392
336	856.534
337	854.581
338	854.284
339	852.78
340	851.872
341	850.22
342	848.626
343	846.931
344	845.489
345	844.264
346	842.836
347	841.442
348	859.944
349	859.144
350	857.458
351	856.853
352	855.31
353	853.831
354	853.413
355	851.653
356	850.399
357	848.977
358	847.44
359	845.979
360	844.597
361	845.34
362	844.489
363	842.983
364	841.685
365	839.994
366	838.479
367	836.862
368	835.76
369	834.298
370	832.799
371	831.261
372	829.752
373	828.481
374	827.187
375	826.339
376	839.397
377	837.952
378	836.841
379	835.687
380	834.116
381	832.794
382	831.32
383	832.26
384	831.338
385	830.137
386	828.597
387	827.207
388	825.822
389	824.871
390	823.656
391	822.021
392	820.566
393	819.429
394	818.18
395	816.88
396	815.806
397	814.698
398	813.518
399	812.182
400	810.827
401	809.401
402	808.105
403	808.608
404	807.542
405	806.33
406	805.062
407	804.927
408	803.626
409	802.581
410	801.736
411	800.451
412	799.114
413	798.207
414	796.923
415	795.87
416	794.793
417	793.739
418	792.34
419	791.072
420	789.735
421	790.125
422	788.82
423	787.931
424	786.816
425	785.534
426	784.329
427	783.088
428	781.834
429	781.101
430	779.825
431	778.791
432	777.762
433	776.642
434	777.426
435	776.428
436	775.492
437	774.777
438	773.568
439	774.1
440	794.075
441	793.224
442	792.302
443	795.964
444	794.691
445	795.381
446	796.824
447	795.618
448	794.409
449	793.35
450	792.198
451	791.87
452	790.82
453	789.674
454	788.663
455	787.582
456	787.355
457	786.237
458	788.44
459	787.265
460	785.893
461	784.712
462	784.103
463	786.826
464	785.884
465	785.105
466	796.801
467	802.494
468	801.64
469	800.503
470	799.471
471	798.207
472	797.127
473	796.068
474	794.812
475	796.193
476	795.114
477	793.904
478	792.992
479	792.874
480	792.909
481	791.72
482	790.916
483	797.1
484	796.032
485	796.669
486	795.728
487	794.587
488	793.52
489	792.818
490	796.375
491	796.362
492	796.971
493	795.975
494	795.769
495	804.026
496	812.175
497	810.92
498	809.838
499	809.201
500	809.252
501	810.241
502	820.254
503	821.596
504	821.766
505	821.191
506	821.264
507	820.256
508	819.396
509	818.267
510	817.088
511	816.325
512	815.421
513	814.596
514	814.123
515	813.181
516	812.867
517	814.173
518	814.069
519	813.174
520	814.081
521	813.078
522	812.228
523	812.172
524	811.816
525	812.138
526	829.054
527	828.912
528	827.847
529	826.627
530	825.416
531	829.206
532	828.848
533	827.951
534	826.988
535	825.984
536	824.985
537	823.806
538	822.842
539	821.901
540	820.801
541	820.011
542	819.778
543	837.985
544	837.118
545	836.3
546	836.881
547	837.697
548	836.911
549	836.033
550	835.497
551	834.582
552	834.891
553	834.349
554	833.471
555	832.497
556	831.289
557	830.174
558	829.083
559	831.08
560	834.145
561	834.24
562	833.214
563	832.302
564	831.705
565	830.994
566	830.309
567	829.293
568	828.285
569	827.522
570	826.681
571	825.627
572	824.856
573	824.031
574	823.651
575	822.801
576	829.153
577	830.413
578	830.195
579	829.339
580	828.347
581	827.488
582	826.597
583	825.558
584	824.777
585	824.428
586	823.695
587	823.899
588	832.221
589	831.259
590	831.302
591	830.385
592	831.29
593	830.489
594	829.829
595	828.863
596	828.091
597	827.641
598	826.855
599	826.122
600	825.215
601	824.285
602	823.474
603	822.761
604	821.952
605	821.027
606	820.031
607	819.183
608	818.317
609	817.394
610	839.915
611	848.582
612	847.748
613	846.976
614	846.038
615	845.148
616	844.358
617	843.457
618	842.713
619	841.878
620	841.001
621	840.092
622	839.09
623	841.585
624	848.353
625	852.345
626	851.886
627	851.241
628	850.409
629	849.551
630	848.627
631	848.096
632	847.346
633	846.332
634	845.584
635	844.637
636	844.01
637	843.187
638	842.333
639	841.303
640	842.143
641	841.224
642	840.518
643	839.611
644	841.261
645	840.508
646	839.691
647	846.009
648	845.175
649	844.233
650	844.895
651	844.086
652	843.281
653	843.067
654	842.205
655	841.537
656	840.712
657	846.903
658	852.088
659	851.286
660	850.642
661	850.001
662	849.255
663	848.854
664	848.153
665	852.229
666	851.346
667	850.397
668	849.537
669	848.744
670	847.951
671	847.135
672	846.217
673	845.298
674	845.202
675	844.416
676	843.809
677	842.967
678	842.007
679	841.154
680	840.379
681	845.858
682	845.059
683	844.164
684	843.404
685	855.832
686	863.274
687	862.558
688	862.173
689	862.204
690	862.346
691	862.013
692	861.149
693	865.488
694	869.985
695	873.993
696	874.261
697	873.589
698	872.841
699	871.951
700	871.213
701	870.575
702	869.739
703	868.944
704	868.076
705	867.25
706	866.543
707	865.95
708	865.462
709	864.618
710	863.959
711	863.266
712	862.472
713	861.791
714	861.226
715	860.464
716	859.912
717	859.135
718	858.456
719	857.814
720	857.216
721	857.76
722	856.974
723	856.078
724	855.169
725	854.438
726	855.103
727	854.234
728	854.013
729	853.23
730	852.616
731	851.836
732	850.955
733	850.356
734	849.553
735	848.725
736	847.869
737	847.293
738	846.578
739	846.096
740	845.428
741	844.698
742	844.038
743	843.259
744	842.546
745	841.674
746	840.977
747	840.264
748	839.466
749	838.814
750	837.944
751	837.513
752	846.283
753	849.368
754	848.567
755	847.743
756	847
757	846.204
758	845.997
759	845.304
760	844.551
761	843.793
762	843.043
763	842.372
764	841.656
765	841.062
766	840.816
767	840.155
768	839.666
769	838.958
770	838.267
771	837.725
772	836.92
773	836.425
774	837.055
775	836.281
776	835.533
777	834.923
778	834.224
779	833.694
780	833.079
781	832.227
782	831.623
783	831.015
784	830.641
785	830.106
786	829.948
787	829.247
788	829.299
789	829.298
790	829.082
791	828.292
792	827.754
793	827.164
794	826.449
795	825.743
796	825.28
797	824.801
798	824.132
799	823.742
800	823.135
801	822.542
802	823.211
803	822.57
804	821.892
805	821.174
806	820.523
807	819.855
808	819.275
809	818.653
810	818.537
811	818.037
812	818.414
813	818.198
814	817.661
815	818.924
816	821.215
817	820.884
818	820.32
819	819.624
820	819.005
821	818.478
822	817.897
823	818.171
824	818.942
825	818.328
826	817.718
827	817.2
828	816.553
829	815.913
830	815.465
831	814.898
832	816.729
833	817.203
834	816.589
835	815.854
836	815.192
837	815.021
838	816.404
839	815.679
840	815.069
841	814.753
842	814.053
843	813.546
844	812.806
845	812.103
846	812.319
847	811.771
848	811.258
849	810.584
850	809.91
851	809.27
852	808.583
853	808.026
854	807.747
855	807.15
856	806.587
857	805.923
858	805.335
859	813.71
860	815.79
861	816.281
862	815.686
863	815.083
864	814.357
865	813.804
866	813.147
867	812.491
868	811.862
869	812.073
870	811.413
871	810.975
872	810.412
873	811.109
874	810.559
875	810.384
876	809.881
877	809.285
878	808.572
879	808.013
880	807.672
881	807.162
882	806.617
883	806.091
884	805.583
885	804.994
886	804.441
887	804.067
888	803.543
889	803.012
890	802.507
891	801.935
892	803.4
893	803.618
894	803.154
895	802.432
896	801.943
897	801.502
898	806.604
899	808.709
900	808.154
901	807.48
902	807.767
903	807.283
904	806.856
905	806.309
906	805.662
907	805.116
908	804.527
909	804.861
910	804.313
911	803.766
912	803.152
913	802.586
914	803.332
915	807.449
916	808.211
917	807.718
918	807.23
919	806.696
920	806.144
921	805.527
922	805.051
923	804.456
924	804.041
925	804.744
926	806.482
927	806.024
928	805.564
929	805.718
930	805.175
931	804.714
932	804.218
933	803.704
934	803.153
935	802.465
936	803.217
937	802.625
938	802.343
939	801.796
940	801.587
941	802.04
942	801.487
943	800.879
944	800.29
945	799.665
946	799.139
947	798.501
948	797.921
949	797.835
950	797.235
951	796.71
952	796.549
953	796.448
954	795.937
955	795.701
956	795.346
957	794.823
958	794.236
959	793.694
960	793.105
961	792.517
962	792.15
963	801.387
964	823.593
965	830.236
966	829.75
967	829.165
968	829.065
969	829.072
970	829.845
971	829.646
972	829.117
973	832.168
974	831.605
975	831.039
976	832.281
977	831.668
978	831.224
979	830.698
980	830.245
981	829.918
982	829.378
983	828.873
984	828.433
985	827.996
986	827.416
987	826.726
988	826.627
989	826.806
990	826.486
991	826.005
992	825.417
993	824.843
994	824.311
995	824.121
996	823.664
997	823.219
998	822.739
999	822.276
