0	0.549935
1	0.921883
2	0.820299
3	0.833593
4	0.85977
5	0.943824
6	0.917223
7	0.941718
8	0.953318
9	0.932718
10	0.913579
11	0.913557
12	0.89872
13	0.926864
14	0.929469
15	0.906276
16	0.883703
17	0.86978
18	0.849356
19	0.833891
20	0.866223
21	0.84907
22	0.867176
23	0.887852
24	0.885955
25	0.890699
26	0.876207
27	0.872855
28	0.882563
29	0.892228
30	0.890169
31	0.883438
32	0.878191
33	0.876475
34	0.875667
35	0.874016
36	0.871508
37	0.874179
38	0.867982
39	0.862626
40	0.856634
41	0.857714
42	0.85449
43	0.850149
44	0.848591
45	0.847762
46	0.84388
47	0.83839
48	0.833108
49	0.829396
50	0.827795
51	0.82795
52	0.829113
53	0.828681
54	0.829153
55	0.825106
56	0.823418
57	0.822952
58	0.820287
59	0.818206
60	0.81766
61	0.817576
62	0.819252
63	0.814337
64	0.811423
65	0.806014
66	0.803628
67	0.800061
68	0.799529
69	0.797872
70	0.795443
71	0.795858
72	0.792252
73	0.792402
74	0.789725
75	0.793239
76	0.794713
77	0.792159
78	0.789413
79	0.786324
80	0.784959
81	0.783289
82	0.781794
83	0.781663
84	0.783245
85	0.780654
86	0.786721
87	0.783379
88	0.787031
89	0.788721
90	0.789855
91	0.79017
92	0.788748
93	0.788195
94	0.789358
95	0.789374
96	0.788927
97	0.795686
98	0.794917
99	0.79285
100	0.794169
101	0.794549
102	0.796061
103	0.800513
104	0.801107
105	0.800509
106	0.800206
107	0.799209
108	0.797677
109	0.796154
110	0.79567
111	0.798225
112	0.797107
113	0.794515
114	0.79576
115	0.798054
116	0.797223
117	0.79849
118	0.798952
119	0.798213
120	0.799179
121	0.799507
122	0.80069
123	0.804206
124	0.802416
125	0.802135
126	0.800742
127	0.799134
128	0.799828
129	0.8024
130	0.802966
131	0.80373
132	0.80602
133	0.803798
134	0.808989
135	0.808178
136	0.813188
137	0.812125
138	0.813189
139	0.812882
140	0.813619
141	0.812773
142	0.814477
143	0.81526
144	0.815577
145	0.8137
146	0.812045
147	0.814699
148	0.813728
149	0.81197
150	0.811282
151	0.809791
152	0.809144
153	0.807456
154	0.80987
155	0.809488
156	0.809383
157	0.808429
158	0.807765
159	0.805863
160	0.807177
161	0.807644
162	0.807362
163	0.805452
164	0.804791
165	0.804191
166	0.806506
167	0.804264
168	0.804075
169	0.804117
170	0.806443
171	0.80666
172	0.807713
173	0.807267
174	0.806817
175	0.806079
176	0.805515
177	0.804953
178	0.803708
179	0.805815
180	0.807332
181	0.806751
182	0.807088
183	0.806532
184	0.808821
185	0.810703
186	0.813488
187	0.813284
188	0.812729
189	0.811746
190	0.811617
191	0.811868
192	0.811227
193	0.810755
194	0.811031
195	0.810056
196	0.810235
197	0.810939
198	0.810631
199	0.813232
200	0.811555
201	0.812622
202	0.814288
203	0.814913
204	0.815063
205	0.81585
206	0.818033
207	0.816749
208	0.815889
209	0.814498
210	0.815635
211	0.814335
212	0.814533
213	0.813541
214	0.814513
215	0.813666
216	0.813331
217	0.813894
218	0.81427
219	0.813881
220	0.813051
221	0.814014
222	0.812972
223	0.812745
224	0.81162
225	0.812844
226	0.813095
227	0.812313
228	0.813264
229	0.813076
230	0.811682
231	0.810706
232	0.809602
233	0.810393
234	0.810804
235	0.811358
236	0.811413
237	0.814107
238	0.815659
239	0.817373
240	0.817719
241	0.816873
242	0.816819
243	0.81579
244	0.81486
245	0.814721
246	0.81667
247	0.818166
248	0.818632
249	0.81832
250	0.818577
251	0.817639
252	0.816992
253	0.815895
254	0.81572
255	0.81818
256	0.817436
257	0.817855
258	0.816993
259	0.817184
260	0.817285
261	0.816265
262	0.815848
263	0.818395
264	0.822013
265	0.822234
266	0.824079
267	0.823846
268	0.823126
269	0.821982
270	0.820628
271	0.820256
272	0.820992
273	0.820386
274	0.821306
275	0.820798
276	0.819904
277	0.819695
278	0.819476
279	0.819775
280	0.824738
281	0.824688
282	0.824867
283	0.825077
284	0.826038
285	0.826456
286	0.827308
287	0.827041
288	0.826265
289	0.827137
290	0.82736
291	0.827295
292	0.827585
293	0.827488
294	0.827733
295	0.827106
296	0.827407
297	0.827421
298	0.826527
299	0.825871
300	0.824972
301	0.823682
302	0.823775
303	0.823763
304	0.824038
305	0.82355
306	0.823225
307	0.823723
308	0.822836
309	0.82206
310	0.821211
311	0.82133
312	0.820204
313	0.81963
314	0.818568
315	0.817391
316	0.818169
317	0.819462
318	0.820736
319	0.820599
320	0.82109
321	0.821785
322	0.821687
323	0.821964
324	0.822098
325	0.821969
326	0.822182
327	0.822007
328	0.823375
329	0.82243
330	0.828954
331	0.829168
332	0.828289
333	0.828679
334	0.82805
335	0.829239
336	0.82925
337	0.828736
338	0.828686
339	0.827781
340	0.828131
341	0.827962
342	0.826968
343	0.826124
344	0.825807
345	0.826737
346	0.826912
347	0.826814
348	0.82748
349	0.827621
350	0.82734
351	0.827031
352	0.826783
353	0.827574
354	0.828038
355	0.828845
356	0.828106
357	0.827575
358	0.827202
359	0.827626
360	0.828253
361	0.828903
362	0.828378
363	0.828285
364	0.82762
365	0.827783
366	0.826837
367	0.826293
368	0.825141
369	0.825011
370	0.823937
371	0.824022
372	0.824118
373	0.82342
374	0.822439
375	0.822146
376	0.823554
377	0.823384
378	0.824181
379	0.824034
380	0.82348
381	0.823555
382	0.823828
383	0.823104
384	0.823443
385	0.823451
386	0.822916
387	0.821996
388	0.82158
389	0.821461
390	0.821573
391	0.821165
392	0.820844
393	0.820539
394	0.819447
395	0.81918
396	0.819783
397	0.820308
398	0.819623
399	0.818998
400	0.818946
401	0.818596
402	0.818588
403	0.818928
404	0.818859
405	0.818298
406	0.817789
407	0.817358
408	0.818098
409	0.817902
410	0.817868
411	0.817171
412	0.817917
413	0.818949
414	0.818682
415	0.818014
416	0.818022
417	0.817857
418	0.81837
419	0.817393
420	0.817332
421	0.818067
422	0.81828
423	0.817572
424	0.817528
425	0.817647
426	0.818044
427	0.817718
428	0.817661
429	0.817275
430	0.817388
431	0.816984
432	0.818184
433	0.817663
434	0.818098
435	0.817957
436	0.817854
437	0.817853
438	0.818182
439	0.819133
440	0.819057
441	0.819112
442	0.818478
443	0.818787
444	0.819018
445	0.818297
446	0.818622
447	0.818126
448	0.81734
449	0.816592
450	0.816269
451	0.816124
452	0.815841
453	0.815423
454	0.81517
455	0.814506
456	0.814659
457	0.815583
458	0.815553
459	0.815957
460	0.81562
461	0.81534
462	0.815015
463	0.815026
464	0.814875
465	0.814471
466	0.814778
467	0.814777
468	0.814026
469	0.814437
470	0.814199
471	0.814449
472	0.814124
473	0.814336
474	0.814678
475	0.814766
476	0.814958
477	0.815005
478	0.814383
479	0.814767
480	0.815481
481	0.815102
482	0.815254
483	0.814962
484	0.814775
485	0.815065
486	0.814972
487	0.814681
488	0.814573
489	0.81502
490	0.815234
491	0.815118
492	0.815397
493	0.814959
494	0.815186
495	0.815446
496	0.815575
497	0.815715
498	0.815374
499	0.815022
500	0.814989
501	0.814697
502	0.815502
503	0.81554
504	0.815193
505	0.81526
506	0.815782
507	0.815775
508	0.815076
509	0.815323
510	0.815687
511	0.815128
512	0.814814
513	0.81437
514	0.814894
515	0.814976
516	0.815729
517	0.815894
518	0.815665
519	0.8152
520	0.815377
521	0.815013
522	0.814894
523	0.815796
524	0.816271
525	0.817166
526	0.816961
527	0.816691
528	0.817395
529	0.817306
530	0.817029
531	0.817908
532	0.817324
533	0.816963
534	0.816864
535	0.816369
536	0.815948
537	0.815984
538	0.815747
539	0.81543
540	0.815624
541	0.81648
542	0.817663
543	0.817028
544	0.816874
545	0.817126
546	0.816781
547	0.817517
548	0.816895
549	0.816754
550	0.816827
551	0.816637
552	0.816755
553	0.816059
554	0.81529
555	0.815475
556	0.815196
557	0.814726
558	0.815059
559	0.815108
560	0.81477
561	0.815421
562	0.815065
563	0.814542
564	0.81437
565	0.814038
566	0.813861
567	0.813792
568	0.813619
569	0.813237
570	0.812732
571	0.813097
572	0.812471
573	0.812206
574	0.812576
575	0.81295
576	0.812976
577	0.812942
578	0.813178
579	0.812868
580	0.813678
581	0.813038
582	0.813172
583	0.813393
584	0.812935
585	0.813143
586	0.81293
587	0.813084
588	0.812824
589	0.812442
590	0.812796
591	0.812591
592	0.812588
593	0.81303
594	0.81246
595	0.81237
596	0.812004
597	0.811812
598	0.812199
599	0.811814
600	0.81198
601	0.811594
602	0.811112
603	0.810931
604	0.810637
605	0.81075
606	0.810792
607	0.810901
608	0.811038
609	0.810877
610	0.81329
611	0.813474
612	0.814609
613	0.815111
614	0.81565
615	0.815741
616	0.816214
617	0.81603
618	0.815648
619	0.815328
620	0.815178
621	0.815058
622	0.815019
623	0.816327
624	0.817404
625	0.817387
626	0.817145
627	0.81686
628	0.816376
629	0.816327
630	0.816234
631	0.816979
632	0.817572
633	0.81789
634	0.818012
635	0.817888
636	0.817947
637	0.818032
638	0.817988
639	0.818372
640	0.818726
641	0.818521
642	0.818565
643	0.818791
644	0.819579
645	0.819406
646	0.820031
647	0.820021
648	0.819897
649	0.820047
650	0.820262
651	0.819853
652	0.819465
653	0.819092
654	0.818865
655	0.81839
656	0.817968
657	0.818672
658	0.818714
659	0.818633
660	0.818051
661	0.817951
662	0.817533
663	0.817327
664	0.817149
665	0.817294
666	0.817113
667	0.817087
668	0.816705
669	0.816289
670	0.816308
671	0.816108
672	0.81591
673	0.815899
674	0.815997
675	0.816078
676	0.815797
677	0.8154
678	0.815571
679	0.815413
680	0.815279
681	0.81583
682	0.816051
683	0.816474
684	0.816311
685	0.816647
686	0.816432
687	0.816514
688	0.816688
689	0.816751
690	0.816819
691	0.816683
692	0.816425
693	0.816473
694	0.816386
695	0.816157
696	0.816665
697	0.816388
698	0.816158
699	0.816801
700	0.816579
701	0.816396
702	0.816118
703	0.816231
704	0.81606
705	0.815864
706	0.815932
707	0.815733
708	0.81561
709	0.815602
710	0.81518
711	0.815158
712	0.815
713	0.814759
714	0.815045
715	0.814871
716	0.814936
717	0.815259
718	0.815223
719	0.815083
720	0.814748
721	0.814894
722	0.814581
723	0.814612
724	0.814518
725	0.814452
726	0.815373
727	0.815652
728	0.815751
729	0.815637
730	0.815574
731	0.815755
732	0.815503
733	0.814996
734	0.814652
735	0.814669
736	0.814514
737	0.814513
738	0.814455
739	0.814248
740	0.814079
741	0.814039
742	0.814308
743	0.813914
744	0.81356
745	0.813654
746	0.813474
747	0.813194
748	0.813091
749	0.813512
750	0.813485
751	0.8135
752	0.813743
753	0.813888
754	0.814077
755	0.814189
756	0.814003
757	0.813992
758	0.814488
759	0.814688
760	0.815024
761	0.814829
762	0.81446
763	0.814513
764	0.814418
765	0.814234
766	0.814353
767	0.814131
768	0.814543
769	0.814247
770	0.814506
771	0.814433
772	0.814363
773	0.81503
774	0.81499
775	0.814631
776	0.81466
777	0.814381
778	0.81451
779	0.814171
780	0.813945
781	0.813987
782	0.8139
783	0.813696
784	0.813769
785	0.813938
786	0.813999
787	0.813966
788	0.813908
789	0.814244
790	0.814406
791	0.814442
792	0.813994
793	0.813888
794	0.813906
795	0.813741
796	0.813844
797	0.813912
798	0.813814
799	0.813971
800	0.813736
801	0.813734
802	0.813722
803	0.813802
804	0.813849
805	0.814156
806	0.814115
807	0.8143
808	0.813951
809	0.813842
810	0.81376
811	0.813441
812	0.813448
813	0.813194
814	0.813215
815	0.813466
816	0.813213
817	0.813219
818	0.813229
819	0.813072
820	0.812944
821	0.812816
822	0.812423
823	0.812701
824	0.812791
825	0.813031
826	0.8128
827	0.812575
828	0.81234
829	0.812444
830	0.812399
831	0.812141
832	0.812519
833	0.812292
834	0.812714
835	0.812644
836	0.813011
837	0.812825
838	0.812679
839	0.81277
840	0.813087
841	0.81275
842	0.812768
843	0.812526
844	0.812354
845	0.812781
846	0.812573
847	0.812494
848	0.812594
849	0.812585
850	0.812913
851	0.812606
852	0.812575
853	0.812556
854	0.812773
855	0.812445
856	0.812319
857	0.812925
858	0.812682
859	0.813464
860	0.813507
861	0.813708
862	0.813395
863	0.813442
864	0.81335
865	0.813233
866	0.813265
867	0.813371
868	0.81325
869	0.813479
870	0.813617
871	0.813148
872	0.813009
873	0.813595
874	0.813383
875	0.813671
876	0.813811
877	0.813708
878	0.813492
879	0.813244
880	0.81383
881	0.813775
882	0.813854
883	0.813804
884	0.814018
885	0.813975
886	0.81404
887	0.813978
888	0.814279
889	0.814314
890	0.814222
891	0.81408
892	0.814664
893	0.81458
894	0.81433
895	0.814301
896	0.814166
897	0.813795
898	0.814156
899	0.814225
900	0.814135
901	0.814162
902	0.814913
903	0.814862
904	0.814478
905	0.814412
906	0.814487
907	0.814234
908	0.814028
909	0.814287
910	0.814412
911	0.814274
912	0.814224
913	0.814272
914	0.814349
915	0.81456
916	0.81448
917	0.81443
918	0.814341
919	0.814125
920	0.814024
921	0.814
922	0.814182
923	0.814049
924	0.814089
925	0.814439
926	0.814179
927	0.813951
928	0.813638
929	0.813804
930	0.814528
931	0.814462
932	0.81418
933	0.813875
934	0.813721
935	0.813532
936	0.813839
937	0.813741
938	0.813983
939	0.813961
940	0.814098
941	0.814048
942	0.813662
943	0.813484
944	0.813478
945	0.813442
946	0.813617
947	0.813507
948	0.813332
949	0.813474
950	0.813442
951	0.813325
952	0.813156
953	0.813904
954	0.813967
955	0.814021
956	0.813938
957	0.813691
958	0.813457
959	0.813173
960	0.813195
961	0.813377
962	0.813312
963	0.81437
964	0.814506
965	0.814144
966	0.814113
967	0.814084
968	0.814512
969	0.814671
970	0.814898
971	0.814666
972	0.814594
973	0.815001
974	0.814981
975	0.816059
976	0.816327
977	0.816416
978	0.816197
979	0.816005
980	0.815733
981	0.815981
982	0.816126
983	0.815987
984	0.815878
985	0.816019
986	0.816182
987	0.816142
988	0.816551
989	0.816726
990	0.818085
991	0.818097
992	0.81802
993	0.818033
994	0.818043
995	0.817857
996	0.817804
997	0.817477
998	0.817502
999	0.817378
