0	16.4331
1	22.8865
2	18.8301
3	17.1672
4	17.0862
5	25.2527
6	25.0247
7	24.4719
8	23.5183
9	25.8458
10	24.4243
11	23.6044
12	23.9102
13	25.4212
14	26.7496
15	25.8879
16	25.0345
17	24.8175
18	24.4177
19	23.6255
20	24.0561
21	23.6143
22	26.0336
23	25.9181
24	26.1998
25	26.1904
26	25.615
27	25.5251
28	26.0719
29	26.3094
30	26.0647
31	25.5115
32	25.3465
33	25.0511
34	25.1372
35	24.7931
36	24.3709
37	24.4918
38	24.364
39	24.3441
40	24.1372
41	24.1954
42	24.4158
43	24.3306
44	24.4099
45	24.5633
46	24.3497
47	24.0533
48	23.7287
49	23.5816
50	23.3978
51	23.2954
52	23.3439
53	23.2905
54	23.2024
55	22.966
56	22.7593
57	22.7207
58	22.4393
59	22.6745
60	22.9223
61	23.0435
62	22.9095
63	22.7062
64	22.5829
65	22.5526
66	22.3931
67	22.2941
68	22.4796
69	22.5975
70	22.5167
71	22.3945
72	22.3426
73	22.2888
74	22.2166
75	22.4119
76	22.8772
77	23.2644
78	23.1803
79	22.9889
80	22.8023
81	22.6645
82	22.5076
83	22.3605
84	22.4679
85	22.281
86	22.1796
87	22.0457
88	22.3078
89	22.3894
90	22.322
91	22.2925
92	22.1808
93	22.0679
94	21.9664
95	22.0931
96	22.5375
97	22.4956
98	22.3905
99	22.3273
100	22.1978
101	22.2174
102	22.2283
103	22.3143
104	22.2517
105	22.1881
106	22.2484
107	22.2344
108	22.1355
109	22.0315
110	21.9996
111	21.9894
112	21.977
113	21.9359
114	21.96
115	21.9343
116	22.0431
117	21.9751
118	21.9222
119	21.9871
120	21.9304
121	22.2051
122	22.1613
123	22.2423
124	22.5677
125	22.6973
126	22.5953
127	22.5035
128	22.464
129	22.4375
130	22.3862
131	22.3997
132	22.4116
133	22.2995
134	22.2976
135	22.2308
136	22.6251
137	22.7426
138	22.7243
139	22.8738
140	22.8891
141	23.0331
142	22.9642
143	23.1174
144	23.0808
145	23.0293
146	22.9611
147	22.9297
148	22.851
149	22.8156
150	22.7223
151	22.643
152	22.608
153	22.59
154	22.5345
155	22.5093
156	22.4617
157	22.4327
158	22.4355
159	22.3579
160	22.4347
161	22.5554
162	22.5245
163	22.4694
164	22.5936
165	22.5426
166	22.5802
167	22.5154
168	22.5048
169	22.452
170	22.5326
171	22.5956
172	22.6164
173	22.7315
174	22.8111
175	22.773
176	22.6933
177	22.8723
178	22.7825
179	22.8224
180	22.7783
181	22.7262
182	22.7151
183	22.66
184	22.8816
185	23.0325
186	23.1382
187	23.4528
188	24.1191
189	24.6442
190	24.8273
191	24.7824
192	24.6962
193	24.782
194	24.8499
195	24.7924
196	24.9636
197	24.9873
198	24.9742
199	24.9532
200	24.9437
201	24.955
202	25.0604
203	25.17
204	25.1095
205	25.056
206	25.4871
207	25.5799
208	25.6049
209	25.5707
210	25.6896
211	25.6265
212	25.5898
213	25.5138
214	25.4707
215	25.4358
216	25.3969
217	25.3572
218	25.326
219	25.4993
220	25.4272
221	25.3991
222	25.3702
223	25.3918
224	25.3222
225	25.3474
226	25.5285
227	25.4882
228	25.435
229	25.4176
230	25.3587
231	25.2923
232	25.2094
233	25.2504
234	25.1943
235	25.1928
236	25.1703
237	25.1603
238	25.353
239	25.6882
240	26.1631
241	26.1212
242	26.1132
243	26.0462
244	25.984
245	25.9668
246	26.4061
247	26.3548
248	26.3214
249	26.3078
250	26.2953
251	26.2915
252	26.2377
253	26.1596
254	26.11
255	26.2004
256	26.1642
257	26.1404
258	26.0697
259	26.0294
260	26.0021
261	25.9403
262	25.8917
263	25.8994
264	26.0098
265	26.0013
266	26.0615
267	26.0502
268	25.9792
269	25.9109
270	25.8585
271	25.8186
272	25.8607
273	25.7992
274	25.77
275	25.7183
276	25.6693
277	25.6376
278	25.5949
279	25.5555
280	25.5849
281	25.5535
282	25.4975
283	25.5039
284	25.5244
285	25.5094
286	25.551
287	25.539
288	25.4929
289	25.5245
290	25.5456
291	25.4998
292	25.4561
293	25.4178
294	25.4338
295	25.4103
296	25.3934
297	25.3869
298	25.3406
299	25.2856
300	25.2535
301	25.1928
302	25.1738
303	25.1551
304	25.2111
305	25.2031
306	25.1894
307	25.212
308	25.178
309	25.1492
310	25.0993
311	25.2047
312	25.207
313	25.1592
314	25.105
315	25.1713
316	25.1535
317	25.1156
318	25.1418
319	25.1063
320	25.0796
321	25.0518
322	25.0085
323	24.9989
324	25.0144
325	24.9748
326	24.934
327	24.8954
328	24.9181
329	24.9227
330	25.2441
331	25.7077
332	25.8943
333	25.8646
334	25.8533
335	25.8112
336	25.8139
337	25.7972
338	25.8206
339	25.793
340	25.8043
341	25.7746
342	25.7292
343	25.6908
344	25.6509
345	25.6491
346	25.6782
347	25.7066
348	25.9186
349	25.9352
350	25.8949
351	25.9006
352	25.8627
353	25.8312
354	25.8575
355	25.8276
356	25.7779
357	25.7301
358	25.7113
359	25.6835
360	25.6723
361	25.7257
362	25.7126
363	25.6707
364	25.6616
365	25.6749
366	25.6362
367	25.5994
368	25.545
369	25.5279
370	25.521
371	25.4934
372	25.4774
373	25.4314
374	25.3915
375	25.3943
376	25.556
377	25.539
378	25.5146
379	25.5097
380	25.4814
381	25.4406
382	25.4401
383	25.4714
384	25.4997
385	25.4837
386	25.4529
387	25.4172
388	25.3804
389	25.3801
390	25.3354
391	25.3218
392	25.2893
393	25.249
394	25.2082
395	25.1675
396	25.1814
397	25.188
398	25.145
399	25.1093
400	25.0789
401	25.0592
402	25.0236
403	25.0606
404	25.0185
405	24.9844
406	24.9455
407	24.9582
408	24.923
409	24.9448
410	24.9267
411	24.8984
412	24.8817
413	24.869
414	24.8516
415	24.8242
416	24.8189
417	24.7759
418	24.757
419	24.7321
420	24.7301
421	24.7914
422	24.7619
423	24.7162
424	24.7003
425	24.6958
426	24.6984
427	24.6713
428	24.6498
429	24.653
430	24.6483
431	24.6166
432	24.6001
433	24.5799
434	24.6223
435	24.6096
436	24.5698
437	24.5838
438	24.5959
439	24.5962
440	24.7988
441	24.7948
442	24.7944
443	24.873
444	24.8613
445	24.8641
446	24.9315
447	24.9094
448	24.8795
449	24.8525
450	24.8202
451	24.8331
452	24.8037
453	24.7764
454	24.747
455	24.7442
456	24.7595
457	24.7597
458	24.8286
459	24.8342
460	24.8248
461	24.803
462	24.7822
463	24.8543
464	24.818
465	24.8024
466	24.9625
467	25.0125
468	24.9713
469	24.9483
470	24.913
471	24.9079
472	24.9008
473	24.8692
474	24.8448
475	24.8855
476	24.8817
477	24.8614
478	24.8238
479	24.8679
480	24.8988
481	24.8826
482	24.8764
483	24.9773
484	24.9537
485	25.001
486	25.0107
487	24.99
488	24.9938
489	25.0068
490	25.0841
491	25.1003
492	25.1506
493	25.1238
494	25.1176
495	25.2232
496	25.3443
497	25.3303
498	25.3027
499	25.3133
500	25.3132
501	25.3638
502	25.5028
503	25.5411
504	25.5379
505	25.5529
506	25.5728
507	25.5459
508	25.509
509	25.5004
510	25.4938
511	25.4596
512	25.4389
513	25.4026
514	25.4102
515	25.4087
516	25.4092
517	25.4737
518	25.4969
519	25.489
520	25.5263
521	25.5097
522	25.4823
523	25.4982
524	25.5155
525	25.5243
526	25.6972
527	25.6952
528	25.6784
529	25.6635
530	25.6537
531	25.739
532	25.7444
533	25.7272
534	25.7012
535	25.6731
536	25.6511
537	25.6343
538	25.6086
539	25.5783
540	25.5661
541	25.5681
542	25.5715
543	25.7213
544	25.691
545	25.6932
546	25.703
547	25.7493
548	25.7143
549	25.6947
550	25.704
551	25.6786
552	25.6817
553	25.6671
554	25.6363
555	25.6135
556	25.6013
557	25.5938
558	25.5831
559	25.6184
560	25.697
561	25.7203
562	25.7094
563	25.6854
564	25.6861
565	25.6882
566	25.693
567	25.6697
568	25.6487
569	25.6342
570	25.6069
571	25.5904
572	25.5685
573	25.54
574	25.5472
575	25.5377
576	25.6492
577	25.707
578	25.7271
579	25.6994
580	25.6798
581	25.6557
582	25.6373
583	25.6217
584	25.5905
585	25.5912
586	25.5867
587	25.6147
588	25.716
589	25.7029
590	25.7205
591	25.7009
592	25.7158
593	25.7203
594	25.6862
595	25.6643
596	25.649
597	25.6441
598	25.6277
599	25.598
600	25.5817
601	25.574
602	25.5459
603	25.5305
604	25.5221
605	25.504
606	25.489
607	25.4683
608	25.4475
609	25.4288
610	25.6083
611	25.6951
612	25.6863
613	25.681
614	25.6807
615	25.6559
616	25.649
617	25.627
618	25.5966
619	25.5716
620	25.5469
621	25.5267
622	25.5189
623	25.5662
624	25.6529
625	25.7074
626	25.7244
627	25.7267
628	25.7068
629	25.6855
630	25.6843
631	25.6843
632	25.6925
633	25.6837
634	25.6815
635	25.6693
636	25.6861
637	25.668
638	25.6484
639	25.6404
640	25.6698
641	25.6489
642	25.6601
643	25.646
644	25.6869
645	25.6657
646	25.6596
647	25.7635
648	25.7457
649	25.7402
650	25.7794
651	25.7547
652	25.7377
653	25.7541
654	25.7374
655	25.708
656	25.6906
657	25.7723
658	25.8475
659	25.832
660	25.8056
661	25.792
662	25.7866
663	25.8138
664	25.7936
665	25.8556
666	25.8455
667	25.8321
668	25.8162
669	25.8031
670	25.7933
671	25.7838
672	25.7665
673	25.7564
674	25.7635
675	25.7415
676	25.7122
677	25.6951
678	25.6817
679	25.6657
680	25.6427
681	25.7217
682	25.7245
683	25.7101
684	25.7172
685	25.8382
686	25.947
687	25.9415
688	25.9645
689	25.9913
690	26.007
691	26.0171
692	26.0099
693	26.0959
694	26.1817
695	26.26
696	26.2645
697	26.2418
698	26.2177
699	26.2037
700	26.1932
701	26.1649
702	26.1512
703	26.1536
704	26.1585
705	26.1445
706	26.1405
707	26.1385
708	26.1303
709	26.1291
710	26.1066
711	26.1099
712	26.0907
713	26.0678
714	26.0814
715	26.0642
716	26.0674
717	26.047
718	26.0239
719	26.0192
720	26.0098
721	26.026
722	26.0273
723	26.0195
724	26.0101
725	25.9885
726	26.0051
727	26.0054
728	26.0159
729	26.0031
730	25.977
731	25.9588
732	25.9469
733	25.9219
734	25.9127
735	25.8977
736	25.8882
737	25.8964
738	25.8993
739	25.896
740	25.8724
741	25.8612
742	25.8483
743	25.8394
744	25.8191
745	25.8109
746	25.7891
747	25.7682
748	25.7575
749	25.7427
750	25.7329
751	25.7323
752	25.8432
753	25.8988
754	25.8931
755	25.8925
756	25.8823
757	25.8754
758	25.8866
759	25.873
760	25.8741
761	25.859
762	25.8395
763	25.8322
764	25.8219
765	25.7983
766	25.8011
767	25.7825
768	25.7894
769	25.7722
770	25.756
771	25.7322
772	25.7184
773	25.7212
774	25.7436
775	25.7344
776	25.7247
777	25.7045
778	25.6885
779	25.6637
780	25.6535
781	25.6519
782	25.6331
783	25.6106
784	25.6234
785	25.6224
786	25.6297
787	25.6336
788	25.6535
789	25.6711
790	25.6722
791	25.6656
792	25.6424
793	25.6206
794	25.6029
795	25.5892
796	25.5831
797	25.5961
798	25.5836
799	25.5969
800	25.5765
801	25.559
802	25.5944
803	25.5907
804	25.5779
805	25.5681
806	25.5487
807	25.5323
808	25.5149
809	25.5118
810	25.5303
811	25.5063
812	25.518
813	25.5183
814	25.5209
815	25.5553
816	25.6033
817	25.5947
818	25.596
819	25.5807
820	25.5701
821	25.5672
822	25.5465
823	25.5585
824	25.587
825	25.5752
826	25.5655
827	25.5436
828	25.527
829	25.5189
830	25.5064
831	25.486
832	25.5249
833	25.523
834	25.5057
835	25.4978
836	25.4874
837	25.4803
838	25.5215
839	25.5091
840	25.5103
841	25.5256
842	25.5126
843	25.4921
844	25.4879
845	25.4774
846	25.5023
847	25.4915
848	25.496
849	25.4906
850	25.477
851	25.4657
852	25.4542
853	25.4489
854	25.4421
855	25.4334
856	25.4223
857	25.4109
858	25.3942
859	25.4914
860	25.5198
861	25.5466
862	25.5332
863	25.5192
864	25.5175
865	25.4983
866	25.4902
867	25.4752
868	25.46
869	25.4802
870	25.4692
871	25.4464
872	25.4417
873	25.4605
874	25.4418
875	25.4589
876	25.456
877	25.4472
878	25.4505
879	25.4323
880	25.4326
881	25.4328
882	25.4269
883	25.4096
884	25.4079
885	25.4012
886	25.3935
887	25.3926
888	25.3743
889	25.375
890	25.3615
891	25.3465
892	25.3815
893	25.3872
894	25.3664
895	25.3597
896	25.348
897	25.3274
898	25.3937
899	25.4284
900	25.417
901	25.4048
902	25.4197
903	25.4151
904	25.393
905	25.3745
906	25.3614
907	25.3444
908	25.3302
909	25.348
910	25.3334
911	25.3173
912	25.3034
913	25.2998
914	25.3291
915	25.3996
916	25.4084
917	25.392
918	25.4072
919	25.4069
920	25.3918
921	25.3874
922	25.3932
923	25.3795
924	25.3866
925	25.4028
926	25.4241
927	25.4049
928	25.386
929	25.3981
930	25.3894
931	25.3722
932	25.3615
933	25.35
934	25.336
935	25.3336
936	25.3583
937	25.3455
938	25.3472
939	25.3321
940	25.3487
941	25.3804
942	25.3648
943	25.3523
944	25.3472
945	25.3404
946	25.3368
947	25.3343
948	25.3221
949	25.3348
950	25.3236
951	25.3142
952	25.3265
953	25.3336
954	25.3318
955	25.336
956	25.3347
957	25.3275
958	25.3154
959	25.3031
960	25.2901
961	25.2767
962	25.2714
963	25.3536
964	25.5049
965	25.576
966	25.5694
967	25.5564
968	25.5738
969	25.5852
970	25.6181
971	25.6123
972	25.6153
973	25.6746
974	25.67
975	25.6635
976	25.6953
977	25.6895
978	25.672
979	25.6553
980	25.6366
981	25.6414
982	25.6277
983	25.6107
984	25.6056
985	25.6018
986	25.5925
987	25.5919
988	25.6096
989	25.633
990	25.6343
991	25.6391
992	25.6342
993	25.6324
994	25.6212
995	25.6269
996	25.6141
997	25.5963
998	25.5854
999	25.5686
