0	0.220843
1	0.264289
2	0.288932
3	0.335443
4	0.33196
5	0.311344
6	0.306948
7	0.298732
8	0.281754
9	0.28141
10	0.278789
11	0.295126
12	0.299667
13	0.317628
14	0.320156
15	0.325923
16	0.328083
17	0.325304
18	0.317126
19	0.317252
20	0.31192
21	0.319141
22	0.315453
23	0.309879
24	0.305027
25	0.305377
26	0.30455
27	0.302485
28	0.301733
29	0.298336
30	0.293127
31	0.299635
32	0.297688
33	0.301935
34	0.301575
35	0.302735
36	0.303537
37	0.303506
38	0.302086
39	0.301622
40	0.300798
41	0.302527
42	0.302914
43	0.304591
44	0.302348
45	0.302465
46	0.302804
47	0.302642
48	0.303319
49	0.304232
50	0.308509
51	0.308121
52	0.308006
53	0.306448
54	0.306218
55	0.304587
56	0.303212
57	0.304277
58	0.30675
59	0.305986
60	0.305871
61	0.306306
62	0.306059
63	0.306135
64	0.308702
65	0.308495
66	0.31016
67	0.307835
68	0.307068
69	0.307885
70	0.308851
71	0.307006
72	0.305903
73	0.305477
74	0.305483
75	0.304107
76	0.305284
77	0.305124
78	0.307866
79	0.307239
80	0.307314
81	0.307118
82	0.307379
83	0.306101
84	0.307336
85	0.307798
86	0.306493
87	0.307283
88	0.30699
89	0.308706
90	0.30856
91	0.307914
92	0.308117
93	0.307755
94	0.307902
95	0.309541
96	0.308589
97	0.307446
98	0.306207
99	0.306515
100	0.305688
101	0.305408
102	0.304051
103	0.302919
104	0.303823
105	0.302985
106	0.304417
107	0.304411
108	0.304356
109	0.305143
110	0.305817
111	0.306492
112	0.305855
113	0.306152
114	0.306036
115	0.304569
116	0.304232
117	0.304063
118	0.303659
119	0.303977
120	0.303302
121	0.303228
122	0.302587
123	0.302753
124	0.302476
125	0.30129
126	0.30093
127	0.300179
128	0.299803
129	0.299296
130	0.298672
131	0.298649
132	0.298898
133	0.300503
134	0.302147
135	0.302625
136	0.302567
137	0.30157
138	0.301151
139	0.301002
140	0.300075
141	0.299895
142	0.299102
143	0.29903
144	0.298644
145	0.299145
146	0.300013
147	0.300406
148	0.299604
149	0.299052
150	0.298146
151	0.297631
152	0.297518
153	0.297932
154	0.297502
155	0.297367
156	0.297551
157	0.298942
158	0.298402
159	0.299923
160	0.299561
161	0.299445
162	0.299342
163	0.299403
164	0.299473
165	0.30003
166	0.299727
167	0.299942
168	0.299561
169	0.299344
170	0.298617
171	0.29811
172	0.298459
173	0.297793
174	0.297226
175	0.296563
176	0.296737
177	0.296723
178	0.296359
179	0.296605
180	0.296587
181	0.296325
182	0.296786
183	0.297146
184	0.298292
185	0.298077
186	0.297692
187	0.297749
188	0.297239
189	0.297212
190	0.297052
191	0.297625
192	0.297243
193	0.296637
194	0.296545
195	0.296284
196	0.29588
197	0.295537
198	0.295604
199	0.296227
200	0.296267
201	0.296834
202	0.296855
203	0.296936
204	0.296421
205	0.296377
206	0.296536
207	0.297081
208	0.296712
209	0.297186
210	0.29727
211	0.296962
212	0.298421
213	0.29787
214	0.297726
215	0.297714
216	0.297156
217	0.29717
218	0.297201
219	0.297206
220	0.297375
221	0.297658
222	0.297514
223	0.297538
224	0.298348
225	0.299021
226	0.298897
227	0.298702
228	0.298737
229	0.29839
230	0.298284
231	0.298217
232	0.297972
233	0.297914
234	0.298798
235	0.298893
236	0.298418
237	0.29913
238	0.29861
239	0.298816
240	0.299084
241	0.299569
242	0.299741
243	0.299263
244	0.299103
245	0.299045
246	0.298903
247	0.299725
248	0.299547
249	0.299319
250	0.300018
251	0.299857
252	0.299651
253	0.300247
254	0.300305
255	0.300647
256	0.300594
257	0.300785
258	0.301139
259	0.300874
260	0.30124
261	0.301104
262	0.30094
263	0.300659
264	0.300373
265	0.299766
266	0.299942
267	0.300462
268	0.300151
269	0.299737
270	0.299655
271	0.298983
272	0.298863
273	0.298929
274	0.299291
275	0.299203
276	0.299368
277	0.299607
278	0.299437
279	0.299365
280	0.299393
281	0.299358
282	0.299374
283	0.299162
284	0.299598
285	0.299255
286	0.299048
287	0.299018
288	0.298717
289	0.29881
290	0.298905
291	0.298483
292	0.298358
293	0.298109
294	0.298302
295	0.298235
296	0.298376
297	0.298775
298	0.298701
299	0.298676
300	0.298352
301	0.298502
302	0.298908
303	0.299279
304	0.299075
305	0.298892
306	0.299226
307	0.299038
308	0.298722
309	0.298371
310	0.298661
311	0.298771
312	0.298699
313	0.29957
314	0.299457
315	0.299332
316	0.299478
317	0.299664
318	0.299538
319	0.29943
320	0.299319
321	0.299482
322	0.29944
323	0.299901
324	0.299948
325	0.299502
326	0.299216
327	0.298924
328	0.298891
329	0.298699
330	0.299009
331	0.298468
332	0.29821
333	0.298401
334	0.298409
335	0.299115
336	0.298628
337	0.298364
338	0.298168
339	0.298349
340	0.298575
341	0.298388
342	0.298695
343	0.298921
344	0.29893
345	0.298434
346	0.298236
347	0.297864
348	0.297515
349	0.297442
350	0.297338
351	0.297563
352	0.297343
353	0.297864
354	0.297998
355	0.297919
356	0.297639
357	0.297271
358	0.297229
359	0.297256
360	0.297534
361	0.297638
362	0.297984
363	0.297901
364	0.297885
365	0.298321
366	0.298571
367	0.298629
368	0.298643
369	0.298702
370	0.298585
371	0.298596
372	0.298395
373	0.298562
374	0.298537
375	0.299049
376	0.298765
377	0.298509
378	0.298532
379	0.298652
380	0.299052
381	0.299314
382	0.299619
383	0.299606
384	0.300076
385	0.300463
386	0.30039
387	0.300453
388	0.300993
389	0.301072
390	0.301409
391	0.30165
392	0.301192
393	0.30083
394	0.300603
395	0.300746
396	0.300579
397	0.300322
398	0.300328
399	0.300836
