0	0.0524897
1	0.0394801
2	0.0467849
3	0.046546
4	0.0477063
5	0.0515206
6	0.0506785
7	0.0505063
8	0.0504736
9	0.048824
10	0.0492073
11	0.0496446
12	0.0515055
13	0.054002
14	0.0523997
15	0.0525597
16	0.0535858
17	0.0532217
18	0.0541438
19	0.0526279
20	0.0531057
21	0.0536783
22	0.0530552
23	0.0538851
24	0.05299
25	0.0526065
26	0.0532986
27	0.0526261
28	0.0532603
29	0.0543644
30	0.0546166
31	0.0543318
32	0.0536639
33	0.0534779
34	0.0529246
35	0.0531369
36	0.052856
37	0.0528729
38	0.0528626
39	0.0521874
40	0.0526765
41	0.0522405
42	0.0518506
43	0.0521567
44	0.0522657
45	0.0522287
46	0.0530379
47	0.0529243
48	0.0534089
49	0.0532457
50	0.0531698
51	0.0528147
52	0.0532602
53	0.05307
54	0.0528216
55	0.0528405
56	0.0527504
57	0.0527286
58	0.0522843
59	0.0526487
60	0.0525733
61	0.052751
62	0.0528866
63	0.0529282
64	0.0531257
65	0.0536421
66	0.0534299
67	0.0531744
68	0.0531324
69	0.052791
70	0.0528765
71	0.0529411
72	0.0526676
73	0.0528519
74	0.0524884
75	0.0522881
76	0.0523662
77	0.0527085
78	0.0524688
79	0.0523719
80	0.0524848
81	0.0525225
82	0.0522427
83	0.0522489
84	0.0522489
85	0.0520191
86	0.0518707
87	0.0517532
88	0.0515115
89	0.0514458
90	0.0515438
91	0.0515414
92	0.0515721
93	0.0515713
94	0.051533
95	0.0514983
96	0.0514875
97	0.0514437
98	0.0513113
99	0.0511063
100	0.0509429
101	0.0511333
102	0.0512663
103	0.0512986
104	0.0510837
105	0.0510576
106	0.0510559
107	0.051263
108	0.0513068
109	0.0512208
110	0.0511639
111	0.0513843
112	0.05137
113	0.051352
114	0.0514985
115	0.0513961
116	0.0514665
117	0.0513557
118	0.0511138
119	0.0508088
120	0.0508254
121	0.0507603
122	0.050752
123	0.0507385
124	0.0507249
125	0.0506363
126	0.0507027
127	0.0507698
128	0.0508484
129	0.0507766
130	0.0509884
131	0.05093
132	0.0512495
133	0.051167
134	0.0510707
135	0.0510429
136	0.0510171
137	0.0509047
138	0.0508341
139	0.050949
140	0.050872
141	0.0508564
142	0.0507507
143	0.0506818
144	0.0505814
145	0.0507504
146	0.0506509
147	0.0506995
148	0.0507635
149	0.0508103
150	0.0507355
151	0.0507578
152	0.0505911
153	0.0507293
154	0.0506567
155	0.0507029
156	0.0505698
157	0.0505567
158	0.0504886
159	0.050477
160	0.0503577
161	0.0503848
162	0.050477
163	0.0504874
164	0.050551
165	0.0506849
166	0.0506544
167	0.0504799
168	0.0503906
169	0.0504595
170	0.0504552
171	0.0504229
172	0.0502751
173	0.0504085
174	0.0504928
175	0.0505425
176	0.0505556
177	0.0505653
178	0.0508118
179	0.0508404
180	0.051017
181	0.0510545
182	0.0510088
183	0.0509631
184	0.0508974
185	0.051004
186	0.0510029
187	0.0509332
188	0.0508872
189	0.0508197
190	0.0508521
191	0.0507886
192	0.0508914
193	0.0511451
194	0.0510898
195	0.0510504
196	0.0510831
197	0.0512121
198	0.0512536
199	0.0513475
200	0.0513293
201	0.0513282
202	0.051409
203	0.0515685
204	0.0515639
205	0.0515638
206	0.0515111
207	0.0516102
208	0.0516578
209	0.0518311
210	0.0518565
211	0.0518918
212	0.0520047
213	0.0520032
214	0.0520617
215	0.0520831
216	0.0519771
217	0.0519928
218	0.0520719
219	0.0520416
220	0.0520534
221	0.0520507
222	0.051948
223	0.0519976
224	0.0519636
225	0.0519269
226	0.0519175
227	0.0518638
228	0.0519242
229	0.0518687
230	0.0518157
231	0.051883
232	0.0517953
233	0.0518554
234	0.0518348
235	0.0519072
236	0.0518187
237	0.0517767
238	0.0518016
239	0.0517532
240	0.0518884
241	0.0518108
242	0.0518702
243	0.0518427
244	0.0517582
245	0.0517422
246	0.0518057
247	0.0520176
248	0.052023
249	0.0520208
250	0.0519847
251	0.0519143
252	0.0520278
253	0.0519456
254	0.0521137
255	0.0521703
256	0.052156
257	0.0520636
258	0.0520544
259	0.0520885
260	0.0521192
261	0.052087
262	0.0520336
263	0.0520397
264	0.0520134
265	0.0520967
266	0.0521358
267	0.0520734
268	0.0520488
269	0.0520924
270	0.0520957
271	0.0521138
272	0.0521873
273	0.0521692
274	0.0521421
275	0.0521465
276	0.0521426
277	0.0520766
278	0.0519655
279	0.0519742
280	0.0519409
281	0.0519786
282	0.051918
283	0.0519319
284	0.0519117
285	0.0519884
286	0.0519407
287	0.0519445
288	0.0519197
289	0.0519115
290	0.051946
291	0.0520034
292	0.0519578
293	0.0520722
294	0.0520682
295	0.0520116
296	0.0519934
297	0.0520436
298	0.0520148
299	0.0519717
300	0.0518893
301	0.0519
302	0.051917
303	0.0519045
304	0.0518464
305	0.0518349
306	0.0519732
307	0.0519872
308	0.0520282
309	0.0520597
310	0.0520805
311	0.0520328
312	0.0519988
313	0.0520213
314	0.0520687
315	0.0520482
316	0.0521213
317	0.0520766
318	0.0520751
319	0.052095
320	0.0520567
321	0.052068
322	0.0520619
323	0.0520837
324	0.0520547
325	0.0519848
326	0.0519594
327	0.0519119
328	0.0519221
329	0.0520618
330	0.052065
331	0.0521052
332	0.0520196
333	0.0519792
334	0.0518842
335	0.0517814
336	0.0518893
337	0.0518987
338	0.0519258
339	0.0519733
340	0.0519266
341	0.0519669
342	0.0519225
343	0.0518809
344	0.0518568
345	0.0518696
346	0.0519005
347	0.0519295
348	0.0518649
349	0.051903
350	0.0519011
351	0.0519521
352	0.0519839
353	0.0519701
354	0.0519522
355	0.0519196
356	0.0519669
357	0.0519555
358	0.0519576
359	0.0520272
360	0.0519845
361	0.0519977
362	0.0520649
363	0.0521243
364	0.052139
365	0.0521462
366	0.0521231
367	0.0521409
368	0.0520639
369	0.0520806
370	0.0520633
371	0.0520753
372	0.0520446
373	0.0520388
374	0.0520154
375	0.0520853
376	0.0520848
377	0.0520945
378	0.0520959
379	0.0520911
380	0.052153
381	0.052123
382	0.0521199
383	0.0521586
384	0.0521951
385	0.0521972
386	0.0522001
387	0.0521831
388	0.0521417
389	0.0522138
390	0.0522033
391	0.0521859
392	0.0521311
393	0.0521093
394	0.0520814
395	0.0520293
396	0.0520059
397	0.0519517
398	0.0519632
399	0.0519494
