0	0.225114
1	0.222987
2	0.228052
3	0.223065
4	0.232844
5	0.238968
6	0.23478
7	0.237001
8	0.240858
9	0.245432
10	0.248154
11	0.248938
12	0.250907
13	0.25082
14	0.249129
15	0.248973
16	0.248621
17	0.248025
18	0.248823
19	0.248399
20	0.248359
21	0.248196
22	0.248497
23	0.247919
24	0.248717
25	0.247465
26	0.245569
27	0.245572
28	0.2448
29	0.246071
30	0.245902
31	0.245316
32	0.246078
33	0.246492
34	0.247128
35	0.246821
36	0.248248
37	0.250054
38	0.249924
39	0.250003
40	0.24942
41	0.24907
42	0.250514
43	0.250322
44	0.249811
45	0.250531
46	0.250713
47	0.250551
48	0.251367
49	0.251148
50	0.25017
51	0.250932
52	0.2505
53	0.249779
54	0.249909
55	0.249487
56	0.249398
57	0.249521
58	0.249161
59	0.248955
60	0.24915
61	0.248698
62	0.248683
63	0.248904
64	0.249012
65	0.248573
66	0.248845
67	0.249158
68	0.248905
69	0.24929
70	0.248728
71	0.248305
72	0.248721
73	0.248533
74	0.249086
75	0.249219
76	0.248764
77	0.248706
78	0.248571
79	0.248814
80	0.24847
81	0.248555
82	0.249284
83	0.249648
84	0.249426
85	0.249464
86	0.249853
87	0.249566
88	0.249293
89	0.248892
90	0.248734
91	0.248856
92	0.248931
93	0.24924
94	0.248611
95	0.248941
96	0.248541
97	0.24823
98	0.248242
99	0.248238
100	0.248141
101	0.248287
102	0.248272
103	0.2482
104	0.24845
105	0.248516
106	0.248313
107	0.24817
108	0.248267
109	0.247967
110	0.248125
111	0.248643
112	0.248478
113	0.248317
114	0.24862
115	0.248659
116	0.24885
117	0.249031
118	0.249363
119	0.249645
120	0.249788
121	0.249991
122	0.2501
123	0.24976
124	0.24939
125	0.249399
126	0.249529
127	0.249673
128	0.249901
129	0.249816
130	0.249908
131	0.250026
132	0.250345
133	0.250336
134	0.250238
135	0.250261
136	0.250175
137	0.250606
138	0.250579
139	0.250197
140	0.249937
141	0.249699
142	0.249874
143	0.249857
144	0.249703
145	0.249471
146	0.249679
147	0.249668
148	0.249775
149	0.249796
150	0.249832
151	0.249736
152	0.249617
153	0.249426
154	0.24936
155	0.249276
156	0.249333
157	0.249236
158	0.249114
159	0.249504
160	0.24945
161	0.249533
162	0.249377
163	0.249528
164	0.24969
165	0.249547
166	0.249522
167	0.249444
168	0.249634
169	0.249723
170	0.249781
171	0.249779
172	0.249769
173	0.249565
174	0.249812
175	0.250275
176	0.25035
177	0.249951
178	0.25002
179	0.249805
180	0.249849
181	0.249722
182	0.249684
183	0.249939
184	0.250078
185	0.250117
186	0.249883
187	0.249808
188	0.250008
189	0.250073
190	0.249794
191	0.249835
192	0.249753
193	0.249775
194	0.249786
195	0.249747
196	0.249722
197	0.249549
198	0.24956
199	0.24958
200	0.249652
201	0.249724
202	0.249464
203	0.249324
204	0.249277
205	0.249381
206	0.249544
207	0.249756
208	0.24969
209	0.249697
210	0.249482
211	0.249431
212	0.249561
213	0.249623
214	0.24983
215	0.249989
216	0.2501
217	0.250174
218	0.250187
219	0.250383
220	0.250366
221	0.250482
222	0.250459
223	0.250145
224	0.250011
225	0.249897
226	0.250038
227	0.250239
228	0.250159
229	0.250333
230	0.250146
231	0.250094
232	0.250101
233	0.250083
234	0.250059
235	0.250346
236	0.250186
237	0.250339
238	0.25028
239	0.250395
240	0.250616
241	0.250562
242	0.250573
243	0.250728
244	0.250434
245	0.250563
246	0.250631
247	0.250681
248	0.250626
249	0.250678
250	0.250736
251	0.250714
252	0.250682
253	0.250556
254	0.250546
255	0.250578
256	0.250827
257	0.250852
258	0.250881
259	0.250946
260	0.250905
261	0.250629
262	0.250575
263	0.250594
264	0.250598
265	0.250676
266	0.250883
267	0.250888
268	0.251115
269	0.251072
270	0.251249
271	0.251309
272	0.251502
273	0.251532
274	0.25149
275	0.251558
276	0.251654
277	0.251762
278	0.251798
279	0.25173
280	0.251769
281	0.251614
282	0.251557
283	0.251502
284	0.25147
285	0.25139
286	0.2514
287	0.251575
288	0.251635
289	0.251691
290	0.251717
291	0.251606
292	0.251823
293	0.251862
294	0.251974
295	0.25189
296	0.252006
297	0.252015
298	0.252167
299	0.25215
300	0.252021
301	0.252155
302	0.252138
303	0.252244
304	0.252298
305	0.252267
306	0.252348
307	0.252596
308	0.252612
309	0.252688
310	0.252642
311	0.25268
312	0.252743
313	0.252601
314	0.252531
315	0.252361
316	0.252485
317	0.252337
318	0.25234
319	0.252415
320	0.252529
321	0.252437
322	0.252387
323	0.252391
324	0.252501
325	0.252486
326	0.252461
327	0.25253
328	0.252595
329	0.25265
330	0.252699
331	0.252676
332	0.252633
333	0.252581
334	0.252609
335	0.252512
336	0.252527
337	0.252363
338	0.252442
339	0.252485
340	0.252423
341	0.252353
342	0.252262
343	0.25229
344	0.252145
345	0.25213
346	0.252125
347	0.252054
348	0.252028
349	0.252014
350	0.251917
351	0.251922
352	0.25188
353	0.251798
354	0.251794
355	0.25184
356	0.251781
357	0.251844
358	0.251902
359	0.251901
360	0.251917
361	0.25185
362	0.251813
363	0.251948
364	0.251911
365	0.25181
366	0.251779
367	0.251719
368	0.251725
369	0.251817
370	0.251869
371	0.251811
372	0.251791
373	0.251792
374	0.251795
375	0.251747
376	0.251691
377	0.251628
378	0.251651
379	0.251665
380	0.251717
381	0.25178
382	0.25183
383	0.251777
384	0.251839
385	0.251799
386	0.25188
387	0.251956
388	0.251827
389	0.251883
390	0.251893
391	0.25194
392	0.251972
393	0.252012
394	0.252057
395	0.251947
396	0.252021
397	0.252033
398	0.252003
399	0.252028
400	0.252081
401	0.252168
402	0.252201
403	0.252251
404	0.252167
405	0.252123
406	0.252173
407	0.252294
408	0.252315
409	0.2523
410	0.252347
411	0.252363
412	0.2523
413	0.252258
414	0.252349
415	0.252405
416	0.252286
417	0.252352
418	0.252474
419	0.252353
420	0.252378
421	0.252378
422	0.252333
423	0.252339
424	0.252349
425	0.252355
426	0.252363
427	0.252381
428	0.252318
429	0.252348
430	0.252367
431	0.252384
432	0.252364
433	0.252419
434	0.252356
435	0.252312
436	0.252249
437	0.252244
438	0.252306
439	0.252336
440	0.252362
441	0.25242
442	0.252377
443	0.25235
444	0.252412
445	0.252423
446	0.252434
447	0.252437
448	0.252507
449	0.252651
450	0.252648
451	0.252665
452	0.252754
453	0.252639
454	0.252594
455	0.252626
456	0.252606
457	0.252567
458	0.252472
459	0.252494
460	0.252421
461	0.252444
462	0.252479
463	0.252406
464	0.252389
465	0.252476
466	0.252395
467	0.25233
468	0.252298
469	0.252295
470	0.252278
471	0.252228
472	0.252257
473	0.252229
474	0.252227
475	0.252344
476	0.252478
477	0.252459
478	0.252423
479	0.252354
480	0.252272
481	0.252256
482	0.252287
483	0.252305
484	0.252347
485	0.252231
486	0.252374
487	0.252297
488	0.252281
489	0.252339
490	0.252322
491	0.252417
492	0.252403
493	0.252379
494	0.252387
495	0.252377
496	0.252261
497	0.252293
498	0.252304
499	0.252216
