0	0.200024
1	0.195583
2	0.228589
3	0.219771
4	0.242217
5	0.247007
6	0.242271
7	0.245866
8	0.255836
9	0.27823
10	0.289706
11	0.294864
12	0.312909
13	0.310483
14	0.306749
15	0.307053
16	0.307701
17	0.304815
18	0.306275
19	0.303135
20	0.302145
21	0.301569
22	0.303939
23	0.301924
24	0.3059
25	0.301105
26	0.297602
27	0.297096
28	0.295501
29	0.298821
30	0.29997
31	0.298382
32	0.297083
33	0.295693
34	0.296697
35	0.295849
36	0.300438
37	0.302641
38	0.301979
39	0.300908
40	0.301172
41	0.299783
42	0.301677
43	0.302422
44	0.302044
45	0.304635
46	0.306002
47	0.30452
48	0.308664
49	0.308348
50	0.305979
51	0.30632
52	0.303796
53	0.302451
54	0.301794
55	0.300856
56	0.299987
57	0.299506
58	0.298217
59	0.296966
60	0.29653
61	0.295383
62	0.295349
63	0.295871
64	0.296227
65	0.295574
66	0.294283
67	0.296083
68	0.296861
69	0.296781
70	0.296195
71	0.296893
72	0.296905
73	0.295843
74	0.297395
75	0.297757
76	0.297141
77	0.296622
78	0.295293
79	0.296167
80	0.295651
81	0.295953
82	0.297859
83	0.298005
84	0.297302
85	0.297322
86	0.29733
87	0.295242
88	0.295016
89	0.293867
90	0.293573
91	0.294374
92	0.294234
93	0.295259
94	0.294526
95	0.294641
96	0.294404
97	0.294306
98	0.29395
99	0.294146
100	0.294508
101	0.294219
102	0.29413
103	0.294796
104	0.294352
105	0.294457
106	0.293646
107	0.295531
108	0.296018
109	0.29508
110	0.296444
111	0.298046
112	0.298308
113	0.29801
114	0.298369
115	0.298839
116	0.299366
117	0.29927
118	0.299594
119	0.299937
120	0.299324
121	0.300463
122	0.300524
123	0.300979
124	0.300124
125	0.299916
126	0.29984
127	0.300211
128	0.300024
129	0.299953
130	0.300705
131	0.300627
132	0.30164
133	0.301582
134	0.301493
135	0.301582
136	0.300997
137	0.302404
138	0.302488
139	0.301495
140	0.300434
141	0.29987
142	0.300611
143	0.300816
144	0.300458
145	0.300106
146	0.300687
147	0.300664
148	0.300882
149	0.300349
150	0.300268
151	0.299901
152	0.299259
153	0.298308
154	0.298518
155	0.298351
156	0.298392
157	0.298436
158	0.298248
159	0.299235
160	0.298564
161	0.299206
162	0.298988
163	0.299864
164	0.300698
165	0.300449
166	0.300049
167	0.300011
168	0.300175
169	0.300005
170	0.300727
171	0.300403
172	0.300064
173	0.299678
174	0.300381
175	0.301597
176	0.301945
177	0.301141
178	0.301412
179	0.300735
180	0.300892
181	0.301252
182	0.301347
183	0.302413
184	0.302264
185	0.302729
186	0.302072
187	0.301623
188	0.301377
189	0.301385
190	0.301014
191	0.300804
192	0.300766
193	0.300955
194	0.300666
195	0.300724
196	0.300984
197	0.300465
198	0.300055
199	0.300301
200	0.300812
201	0.300889
202	0.300416
203	0.30038
204	0.30006
205	0.300748
206	0.300743
207	0.300884
208	0.300719
209	0.300759
210	0.300205
211	0.299985
212	0.300118
213	0.299831
214	0.300654
215	0.300908
216	0.301253
217	0.30191
218	0.301849
219	0.302059
220	0.302087
221	0.302078
222	0.302288
223	0.301621
224	0.301535
225	0.301385
226	0.302225
227	0.303204
228	0.303587
229	0.305117
230	0.30469
231	0.30446
232	0.304103
233	0.304011
234	0.304712
235	0.30581
236	0.305267
237	0.305574
238	0.305261
239	0.305043
240	0.305484
241	0.305201
242	0.305091
243	0.304972
244	0.304588
245	0.304441
246	0.304266
247	0.304963
248	0.304846
249	0.304926
250	0.304651
251	0.304865
252	0.304751
253	0.304363
254	0.304253
255	0.304407
256	0.305373
257	0.305394
258	0.305236
259	0.305298
260	0.304926
261	0.304745
262	0.304523
263	0.304636
264	0.304349
265	0.303984
266	0.304522
267	0.304302
268	0.30591
269	0.305694
270	0.305878
271	0.305903
272	0.306046
273	0.305897
274	0.305461
275	0.305311
276	0.305318
277	0.305293
278	0.305251
279	0.305109
280	0.30526
281	0.304967
282	0.304803
283	0.304689
284	0.304643
285	0.305097
286	0.305
287	0.305298
288	0.305604
289	0.30556
290	0.305658
291	0.305477
292	0.305616
293	0.305762
294	0.306438
295	0.306217
296	0.306353
297	0.306427
298	0.306832
299	0.306697
300	0.306427
301	0.30658
302	0.306629
303	0.306857
304	0.30666
305	0.30667
306	0.306664
307	0.306927
308	0.306784
309	0.307125
310	0.306683
311	0.306495
312	0.306832
313	0.306586
314	0.306271
315	0.306121
316	0.306618
317	0.306307
318	0.306302
319	0.30656
320	0.306706
321	0.306551
322	0.306238
323	0.306424
324	0.306553
325	0.306449
326	0.306668
327	0.306868
328	0.306835
329	0.307092
330	0.307513
331	0.307337
332	0.307134
333	0.307045
334	0.307391
335	0.307053
336	0.307089
337	0.30666
338	0.307205
339	0.307296
340	0.306934
341	0.306919
342	0.306781
343	0.306924
344	0.306674
345	0.306527
346	0.306617
347	0.306442
348	0.306682
349	0.306791
350	0.306537
351	0.306593
352	0.306521
353	0.30637
354	0.306367
355	0.306471
356	0.306409
357	0.306528
358	0.306752
359	0.306649
360	0.306479
361	0.306547
362	0.306401
363	0.306418
364	0.306439
365	0.306226
366	0.306088
367	0.30598
368	0.305876
369	0.3059
370	0.305988
371	0.30602
372	0.306172
373	0.306236
374	0.306153
375	0.305976
376	0.305791
377	0.305502
378	0.305552
379	0.305544
380	0.305781
381	0.305834
382	0.305917
383	0.305736
384	0.306162
385	0.306022
386	0.306426
387	0.306448
388	0.306153
389	0.306224
390	0.306124
391	0.306061
392	0.306294
393	0.306301
394	0.306338
395	0.305913
396	0.305973
397	0.305898
398	0.305723
399	0.30585
400	0.305877
401	0.305958
402	0.305941
403	0.30611
404	0.305937
405	0.305982
406	0.306163
407	0.306185
408	0.306063
409	0.305853
410	0.305979
411	0.30604
412	0.305733
413	0.305593
414	0.305759
415	0.305744
416	0.305557
417	0.305524
418	0.305835
419	0.30565
420	0.305959
421	0.306221
422	0.306108
423	0.306145
424	0.306172
425	0.306166
426	0.306036
427	0.305993
428	0.305729
429	0.305891
430	0.305953
431	0.306057
432	0.305971
433	0.306061
434	0.305892
435	0.305672
436	0.305429
437	0.305392
438	0.305499
439	0.305522
440	0.3055
441	0.305461
442	0.305367
443	0.305222
444	0.305269
445	0.305153
446	0.305158
447	0.305136
448	0.305154
449	0.305398
450	0.305358
451	0.305314
452	0.305535
453	0.305409
454	0.305273
455	0.305129
456	0.305019
457	0.30505
458	0.304745
459	0.304838
460	0.304702
461	0.304621
462	0.304448
463	0.30414
464	0.304037
465	0.304135
466	0.304001
467	0.303846
468	0.303806
469	0.303798
470	0.30419
471	0.304313
472	0.304388
473	0.304172
474	0.304192
475	0.304563
476	0.304976
477	0.304939
478	0.304873
479	0.304822
480	0.304704
481	0.304633
482	0.304487
483	0.304945
484	0.304989
485	0.304816
486	0.305125
487	0.30506
488	0.305097
489	0.305181
490	0.305138
491	0.30532
492	0.305144
493	0.305077
494	0.305278
495	0.305239
496	0.305242
497	0.3054
498	0.305491
499	0.305275
