0	29.5439
1	18.0117
2	18.0728
3	14.5054
4	12.4514
5	11.1164
6	10.4665
7	10.3665
8	10.0765
9	10.9602
10	10.4639
11	10.0767
12	9.66244
13	9.40325
14	8.93312
15	8.79216
16	8.45126
17	8.11689
18	7.97641
19	7.86676
20	7.69352
21	7.63053
22	7.52821
23	7.51507
24	7.62197
25	7.42951
26	7.31305
27	7.19201
28	7.28263
29	7.11367
30	7.14306
31	7.67262
32	7.79844
33	7.77448
34	7.63401
35	7.49546
36	7.39995
37	7.32159
38	7.25388
39	7.15872
40	7.1044
41	7.09903
42	7.06977
43	6.97871
44	6.93957
45	6.93132
46	6.88905
47	6.88658
48	7.05053
49	7.00781
50	7.1137
51	7.23321
52	7.19627
53	7.1557
54	7.13885
55	7.07787
56	7.0736
57	7
58	6.96362
59	6.95102
60	6.89878
61	6.8436
62	6.80494
63	6.74653
64	6.84944
65	6.78671
66	6.74352
67	6.74331
68	6.71826
69	6.67366
70	6.65499
71	6.64574
72	6.60885
73	6.68798
74	6.68738
75	6.69046
76	6.64824
77	6.62768
78	6.59061
79	6.5625
80	6.54272
81	6.50102
82	6.46633
83	6.47617
84	6.49458
85	6.45772
86	6.49468
87	6.44893
88	6.41214
89	6.44102
90	6.43858
91	6.44837
92	6.51439
93	6.71434
94	6.71596
95	6.68522
96	6.64979
97	6.65734
98	6.65859
99	6.63056
100	6.64398
101	6.61819
102	6.57767
103	6.62703
104	6.61962
105	6.61321
106	6.60094
107	6.58031
108	6.57331
109	6.56078
110	6.55076
111	6.52551
112	6.52273
113	6.48844
114	6.53002
115	6.51066
116	6.49495
117	6.4741
118	6.44964
119	6.47289
120	6.50597
121	6.49848
122	6.47172
123	6.43655
124	6.428
125	6.42011
126	6.40215
127	6.37652
128	6.35712
129	6.33525
130	6.32597
131	6.30531
132	6.30265
133	6.30341
134	6.32464
135	6.3018
136	6.281
137	6.25302
138	6.23558
139	6.24675
140	6.29067
141	6.28492
142	6.2559
143	6.24688
144	6.23743
145	6.23069
146	6.2369
147	6.23651
148	6.25794
149	6.28832
150	6.26606
151	6.27897
152	6.34962
153	6.33716
154	6.3356
155	6.38876
156	6.38433
157	6.40502
158	6.42829
159	6.40557
160	6.41133
161	6.47038
162	6.53929
163	6.54142
164	6.54077
165	6.54113
166	6.52521
167	6.51512
168	6.50075
169	6.49262
170	6.49962
171	6.60434
172	6.675
173	6.67229
174	6.66514
175	6.65291
176	6.63839
177	6.61977
178	6.64976
179	6.63526
180	6.61728
181	6.61838
182	6.60688
183	6.6006
184	6.60321
185	6.58904
186	6.59997
187	6.5905
188	6.56999
189	6.57919
190	6.59255
191	6.57609
192	6.57675
193	6.58527
194	6.57114
195	6.55368
196	6.55508
197	6.54563
198	6.56915
199	6.56254
200	6.54688
201	6.53015
202	6.53887
203	6.51986
204	6.50866
205	6.51893
206	6.50682
207	6.49913
208	6.48488
209	6.46959
210	6.49611
211	6.6022
212	6.60189
213	6.58781
214	6.64375
215	6.64009
216	6.6387
217	6.6451
218	6.64086
219	6.62933
220	6.62138
221	6.62373
222	6.62608
223	6.61329
224	6.60211
225	6.59652
226	6.60317
227	6.77751
228	6.7792
229	6.76392
230	6.76466
231	6.78662
232	6.77213
233	6.77257
234	6.76337
235	6.75013
236	6.73324
237	6.71983
238	6.71091
239	6.69492
240	6.68505
241	6.67346
242	6.71384
243	6.6969
244	6.70326
245	6.6978
246	6.72341
247	6.73537
248	6.72947
249	6.75595
250	6.74157
251	6.74363
252	6.74251
253	6.73603
254	6.76556
255	6.75594
256	6.74948
257	6.73421
258	6.72193
259	6.7079
260	6.70068
261	6.68795
262	6.7124
263	6.70312
264	6.68812
265	6.69767
266	6.68469
267	6.67707
268	6.68425
269	6.69532
270	6.68903
271	6.6762
272	6.67531
273	6.67265
274	6.666
275	6.65919
276	6.68259
277	6.67584
278	6.66726
279	6.65595
280	6.64623
281	6.68237
282	6.67775
283	6.67354
284	6.66105
285	6.64941
286	6.64394
287	6.63561
288	6.62809
289	6.63134
290	6.62197
291	6.63989
292	6.62972
293	6.62288
294	6.63011
295	6.63699
296	6.66488
297	6.65958
298	6.66489
299	6.66598
300	6.65696
301	6.65361
302	6.64604
303	6.64195
304	6.65975
305	6.66135
306	6.66117
307	6.65016
308	6.63893
309	6.64199
310	6.62923
311	6.62638
312	6.63368
313	6.643
314	6.64684
315	6.64363
316	6.75547
317	6.75196
318	6.75567
319	6.79067
320	6.84339
321	6.84661
322	6.84154
323	6.83149
324	6.82485
325	6.81813
326	6.8247
327	6.81846
328	6.80767
329	6.80436
330	6.8073
331	6.80853
332	6.80396
333	6.80796
334	6.79996
335	6.78825
336	6.78888
337	6.77699
338	6.76724
339	6.76072
340	6.75024
341	6.7607
342	6.75794
343	6.75439
344	6.7727
345	6.76662
346	6.76111
347	6.75771
348	6.76285
349	6.75607
350	6.74949
351	6.74166
352	6.73441
353	6.73287
354	6.72288
355	6.72701
356	6.7267
357	6.72743
358	6.73991
359	6.7331
360	6.72342
361	6.71746
362	6.72687
363	6.72475
364	6.71563
365	6.72225
366	6.71041
367	6.69943
368	6.71537
369	6.70747
370	6.70466
371	6.70531
372	6.69309
373	6.68693
374	6.68525
375	6.68452
376	6.6829
377	6.67594
378	6.68083
379	6.68168
380	6.68789
381	6.68055
382	6.68126
383	6.68306
384	6.6814
385	6.73974
386	6.73194
387	6.72384
388	6.71297
389	6.7018
390	6.69199
391	6.6906
392	6.69494
393	6.69078
394	6.69123
395	6.69296
396	6.68516
397	6.68169
398	6.6722
399	6.6684
400	6.69801
401	6.69145
402	6.68652
403	6.69656
404	6.69376
405	6.69796
406	6.69292
407	6.69118
408	6.68144
409	6.68289
410	6.67301
411	6.67234
412	6.66869
413	6.66276
414	6.65955
415	6.65282
416	6.65875
417	6.64977
418	6.65102
419	6.65055
420	6.64089
421	6.63619
422	6.63633
423	6.66925
424	6.66288
425	6.6557
426	6.65076
427	6.64624
428	6.63824
429	6.6414
430	6.64184
431	6.64995
432	6.64612
433	6.64104
434	6.6378
435	6.62979
436	6.62212
437	6.62371
438	6.61793
439	6.62146
440	6.62776
441	6.61809
442	6.61172
443	6.61016
444	6.60799
445	6.60286
446	6.61831
447	6.61621
448	6.6278
449	6.62468
450	6.62438
451	6.6165
452	6.6206
453	6.61382
454	6.60827
455	6.62122
456	6.61307
457	6.60932
458	6.60733
459	6.60032
460	6.5951
461	6.60469
462	6.60408
463	6.59629
464	6.59308
465	6.58985
466	6.58514
467	6.5787
468	6.57035
469	6.56631
470	6.56285
471	6.55748
472	6.55621
473	6.55529
474	6.56009
475	6.57157
476	6.56574
477	6.56553
478	6.55803
479	6.55261
480	6.57691
481	6.57242
482	6.57072
483	6.56418
484	6.55567
485	6.55898
486	6.55745
487	6.56029
488	6.55578
489	6.56238
490	6.56498
491	6.55835
492	6.55589
493	6.55411
494	6.55359
495	6.5457
496	6.54474
497	6.54321
498	6.5426
499	6.54485
