0	2.58258
1	2.03184
2	2.13528
3	1.90591
4	1.78837
5	1.70928
6	1.69168
7	1.72078
8	1.69674
9	1.77462
10	1.76693
11	1.74566
12	1.71645
13	1.68903
14	1.62949
15	1.62375
16	1.60162
17	1.55689
18	1.54937
19	1.55322
20	1.54196
21	1.54485
22	1.53738
23	1.54443
24	1.56275
25	1.54297
26	1.53534
27	1.51605
28	1.52885
29	1.50823
30	1.51323
31	1.5411
32	1.55615
33	1.56636
34	1.55304
35	1.53497
36	1.5257
37	1.51705
38	1.51412
39	1.50554
40	1.49827
41	1.5011
42	1.51015
43	1.49921
44	1.49582
45	1.49954
46	1.49953
47	1.5013
48	1.51615
49	1.51165
50	1.51382
51	1.52745
52	1.52663
53	1.52628
54	1.5254
55	1.51789
56	1.52066
57	1.51419
58	1.51287
59	1.52084
60	1.51556
61	1.51178
62	1.51031
63	1.50339
64	1.52189
65	1.51126
66	1.50452
67	1.50641
68	1.50334
69	1.49948
70	1.49534
71	1.49297
72	1.49046
73	1.50124
74	1.50543
75	1.5083
76	1.50412
77	1.50079
78	1.49645
79	1.49473
80	1.49299
81	1.48889
82	1.48366
83	1.48335
84	1.4889
85	1.48542
86	1.48989
87	1.48472
88	1.4793
89	1.48449
90	1.48508
91	1.48824
92	1.49124
93	1.50171
94	1.50567
95	1.5028
96	1.49998
97	1.50229
98	1.50231
99	1.50043
100	1.50148
101	1.49849
102	1.49343
103	1.49856
104	1.49794
105	1.49839
106	1.49759
107	1.49656
108	1.49535
109	1.49459
110	1.49268
111	1.49146
112	1.49496
113	1.49159
114	1.49558
115	1.49349
116	1.49452
117	1.49205
118	1.48904
119	1.4903
120	1.49477
121	1.49557
122	1.49113
123	1.48516
124	1.48425
125	1.48578
126	1.48412
127	1.48084
128	1.4799
129	1.47697
130	1.47548
131	1.47457
132	1.4761
133	1.48025
134	1.48333
135	1.48108
136	1.47809
137	1.47385
138	1.47293
139	1.47434
140	1.47793
141	1.47928
142	1.474
143	1.47422
144	1.47397
145	1.47236
146	1.47334
147	1.47395
148	1.47601
149	1.4771
150	1.47467
151	1.47718
152	1.48238
153	1.48168
154	1.48074
155	1.48706
156	1.48679
157	1.49003
158	1.49359
159	1.49015
160	1.49122
161	1.49703
162	1.50106
163	1.50257
164	1.50316
165	1.50396
166	1.50207
167	1.50212
168	1.50095
169	1.49921
170	1.49836
171	1.50441
172	1.51161
173	1.51267
174	1.51189
175	1.51158
176	1.51067
177	1.50849
178	1.51068
179	1.50825
180	1.50639
181	1.50817
182	1.50674
183	1.50663
184	1.50671
185	1.5052
186	1.50498
187	1.50455
188	1.50281
189	1.50454
190	1.50707
191	1.50659
192	1.50756
193	1.51032
194	1.50903
195	1.50743
196	1.50897
197	1.50734
198	1.5093
199	1.5084
200	1.50719
201	1.50586
202	1.50783
203	1.50506
204	1.505
205	1.50736
206	1.50638
207	1.5061
208	1.50472
209	1.50222
210	1.50473
211	1.50926
212	1.5098
213	1.5081
214	1.51233
215	1.5131
216	1.51269
217	1.51255
218	1.51404
219	1.51243
220	1.51225
221	1.51192
222	1.51235
223	1.51189
224	1.51104
225	1.50953
226	1.50956
227	1.51805
228	1.51916
229	1.51811
230	1.51891
231	1.52074
232	1.51945
233	1.52121
234	1.52088
235	1.51938
236	1.51778
237	1.51604
238	1.51514
239	1.51398
240	1.51324
241	1.5121
242	1.51453
243	1.51266
244	1.51345
245	1.51232
246	1.51463
247	1.51632
248	1.51577
249	1.52017
250	1.51861
251	1.51879
252	1.51882
253	1.51786
254	1.52151
255	1.52027
256	1.51986
257	1.51839
258	1.51709
259	1.51501
260	1.51394
261	1.51233
262	1.51476
263	1.51453
264	1.5121
265	1.51232
266	1.51081
267	1.51044
268	1.51101
269	1.51253
270	1.51241
271	1.51124
272	1.51167
273	1.51176
274	1.51167
275	1.51044
276	1.51234
277	1.51149
278	1.51037
279	1.50915
280	1.50829
281	1.51096
282	1.51192
283	1.5117
284	1.51066
285	1.50999
286	1.50974
287	1.50971
288	1.50972
289	1.51023
290	1.5094
291	1.51166
292	1.51076
293	1.51039
294	1.51216
295	1.51407
296	1.51637
297	1.51638
298	1.5173
299	1.51864
300	1.51782
301	1.51797
302	1.51751
303	1.51783
304	1.52037
305	1.52063
306	1.52047
307	1.51914
308	1.51828
309	1.51846
310	1.51624
311	1.51654
312	1.51789
313	1.51897
314	1.51944
315	1.51908
316	1.52319
317	1.52357
318	1.52395
319	1.52806
320	1.53172
321	1.53302
322	1.53366
323	1.53233
324	1.53128
325	1.53063
326	1.53161
327	1.53101
328	1.52997
329	1.52977
330	1.53154
331	1.53285
332	1.53273
333	1.53251
334	1.53157
335	1.53019
336	1.53076
337	1.52939
338	1.52842
339	1.52756
340	1.52684
341	1.52918
342	1.5289
343	1.52865
344	1.53007
345	1.52969
346	1.52905
347	1.52881
348	1.53057
349	1.52985
350	1.52967
351	1.52922
352	1.52843
353	1.52822
354	1.52691
355	1.52833
356	1.52816
357	1.52798
358	1.52875
359	1.52772
360	1.52669
361	1.5267
362	1.52814
363	1.52846
364	1.52749
365	1.52835
366	1.52608
367	1.52509
368	1.52665
369	1.52604
370	1.5262
371	1.52723
372	1.5255
373	1.52423
374	1.52404
375	1.52456
376	1.52461
377	1.52345
378	1.5243
379	1.52479
380	1.52655
381	1.52551
382	1.52525
383	1.52532
384	1.52567
385	1.52876
386	1.52789
387	1.527
388	1.52518
389	1.52361
390	1.52217
391	1.52122
392	1.52204
393	1.52186
394	1.52299
395	1.52371
396	1.52323
397	1.52269
398	1.52122
399	1.52099
400	1.52206
401	1.52134
402	1.52117
403	1.52286
404	1.52234
405	1.52304
406	1.52312
407	1.52335
408	1.52231
409	1.52313
410	1.5214
411	1.52166
412	1.52149
413	1.5209
414	1.52087
415	1.52069
416	1.52127
417	1.52011
418	1.52073
419	1.52083
420	1.51925
421	1.51856
422	1.51828
423	1.52055
424	1.52036
425	1.51963
426	1.51906
427	1.51858
428	1.5172
429	1.51777
430	1.5185
431	1.51903
432	1.51899
433	1.51842
434	1.51782
435	1.51687
436	1.51584
437	1.51648
438	1.51599
439	1.51594
440	1.51689
441	1.51585
442	1.51489
443	1.51503
444	1.51505
445	1.5148
446	1.51644
447	1.51645
448	1.51761
449	1.51723
450	1.51727
451	1.51646
452	1.51715
453	1.51686
454	1.51647
455	1.51766
456	1.5167
457	1.51639
458	1.51636
459	1.51571
460	1.51512
461	1.51644
462	1.51649
463	1.51523
464	1.5152
465	1.51527
466	1.5145
467	1.51397
468	1.5129
469	1.51256
470	1.51197
471	1.51144
472	1.51162
473	1.51136
474	1.51279
475	1.51429
476	1.5135
477	1.5134
478	1.51265
479	1.51248
480	1.51524
481	1.51485
482	1.51474
483	1.51419
484	1.51306
485	1.51314
486	1.51321
487	1.51394
488	1.51323
489	1.51394
490	1.51433
491	1.51406
492	1.51381
493	1.51297
494	1.51243
495	1.51101
496	1.51084
497	1.51063
498	1.51065
499	1.51071
