0	121.323
1	101.694
2	137.64
3	132.845
4	125.613
5	147.094
6	1082.8
7	1012.32
8	960.993
9	1046.16
10	992.124
11	948.536
12	995.573
13	1020.18
14	984.682
15	960.943
16	934.51
17	903.067
18	875.909
19	858.883
20	849.014
21	828.606
22	812.025
23	844.202
24	997.603
25	978.528
26	960.129
27	939.416
28	923.659
29	912.815
30	896.695
31	880.486
32	866.139
33	873.884
34	864.76
35	851.358
36	840.052
37	827.483
38	814.557
39	802.222
40	792.689
41	790.455
42	782.008
43	769.163
44	760.04
45	750.352
46	747.234
47	832.02
48	828.813
49	819.213
50	810.908
51	801.595
52	793.064
53	784.967
54	776.134
55	768.515
56	759.851
57	752.547
58	744.076
59	736.834
60	732.673
61	750.846
62	741.779
63	734.91
64	728.54
65	720.664
66	722.15
67	716.246
68	710.69
69	705.644
70	698.809
71	699.209
72	697.228
73	690.445
74	685.982
75	680.321
76	676.321
77	670.622
78	664.746
79	660.25
80	654.283
81	650.112
82	665.63
83	673.155
84	669.744
85	671.841
86	666.998
87	709.263
88	748.507
89	743.326
90	739.154
91	734.749
92	730.985
93	742.989
94	739.117
95	734.126
96	728.946
97	724.96
98	770.973
99	797.172
100	792.279
101	787.702
102	783.231
103	779.736
104	775.286
105	770.132
106	766.486
107	762.352
108	757.808
109	776.267
110	774.01
111	770.41
112	766.664
113	765.713
114	761.013
115	757.102
116	753.453
117	749.812
118	746.437
119	742.516
120	763.967
121	768.476
122	764.642
123	763.054
124	768.857
125	765.764
126	762.061
127	758.328
128	754.821
129	751.49
130	748.215
131	745.827
132	743.032
133	740.113
134	735.871
135	732.35
136	728.271
137	725.299
138	722.353
139	720.49
140	716.936
141	714.067
142	711.326
143	709.878
144	708.022
145	705.196
146	703.51
147	700.887
148	699.93
149	697.844
150	694.946
151	693.72
152	699.498
153	699.69
154	696.655
155	693.762
156	691.78
157	689.179
158	686.185
159	682.984
160	680.586
161	677.932
162	677.293
163	675.048
164	672.345
165	670.292
166	725.044
167	769.691
168	766.681
169	763.741
170	765.376
171	762.553
172	762.487
173	760.037
174	757.181
175	756.238
176	753.849
177	751.099
178	748.894
179	746.006
180	743.343
181	741.616
182	739.296
183	737.146
184	734.661
185	732.44
186	729.948
187	731.43
188	729.261
189	735.393
190	733.296
191	730.419
192	727.962
193	739.36
194	742.294
195	740.087
196	740.898
197	738.448
198	741.109
199	740.487
200	745.924
201	744.964
202	746.178
203	744.929
204	743.256
205	740.825
206	742.136
207	740.044
208	737.901
209	735.296
210	733.658
211	732.821
212	730.899
213	729.469
214	727.177
215	724.722
216	722.528
217	720.631
218	718.799
219	716.953
220	715.125
221	713.544
222	711.445
223	709.649
224	709.622
225	707.75
226	706.896
227	704.938
228	703.05
229	700.961
230	701.041
231	698.884
232	699.976
233	697.883
234	695.912
235	693.942
236	692.182
237	690.804
238	688.94
239	687.244
240	685.556
241	683.937
242	692.616
243	690.789
244	688.563
245	686.806
246	686.329
247	684.585
248	682.779
249	681.016
250	679.376
251	680.322
252	678.634
253	677.674
254	686.359
255	684.814
256	687.163
257	685.607
258	684.377
259	682.851
260	683.381
261	685.598
262	687.164
263	688.036
264	686.506
265	685.767
266	686.402
267	688.258
268	688.673
269	686.958
270	685.48
271	686.148
272	684.885
273	683.3
274	681.862
275	680.217
276	679.557
277	678.338
278	678.219
279	678.736
280	676.915
281	678.965
282	677.852
283	676.457
284	675.116
285	673.611
286	672.319
287	670.727
288	669.487
289	682.144
290	683.815
291	694.226
292	693.506
293	692.052
294	690.389
295	689.528
296	687.987
297	686.658
298	685.435
299	683.985
300	682.664
301	681.632
302	680.746
303	684.256
304	708.882
305	709.345
306	708.01
307	708.264
308	719.144
309	718.06
310	716.624
311	715.065
312	713.48
313	714.068
314	712.927
315	711.734
316	710.237
317	708.768
318	707.326
319	705.938
320	704.79
321	703.431
322	702.199
323	701.197
324	699.869
325	698.429
326	696.969
327	695.77
328	694.168
329	692.777
330	692.112
331	690.868
332	690.257
333	692.197
334	690.633
335	688.996
336	687.539
337	686.346
338	685.138
339	684.232
340	682.949
341	683.192
342	682.024
343	680.492
344	679.309
345	678.467
346	682.009
347	761.962
348	798.229
349	797.233
350	796.121
351	804.606
352	803.112
353	801.573
354	800.668
355	802.149
356	800.748
357	799.277
358	797.523
359	796.009
360	794.452
361	792.995
362	791.908
363	790.393
364	788.866
365	787.212
366	787.504
367	785.963
368	784.802
369	784.185
370	782.616
371	781.536
372	780.124
373	778.65
374	777.204
375	775.999
376	774.317
377	773.232
378	771.99
379	774.473
380	774.269
381	776.865
382	775.611
383	774.294
384	776.184
385	775.468
386	776.488
387	775.165
388	774.328
389	772.924
390	772.329
391	770.981
392	769.718
393	768.658
394	767.118
395	765.865
396	764.572
397	775.619
398	774.488
399	773.405
400	771.937
401	770.687
402	769.778
403	770.805
404	772.408
405	771.024
406	769.696
407	768.854
408	768.048
409	767.942
410	768.462
411	771.525
412	794.564
413	825.466
414	825.117
415	823.654
416	822.273
417	821.142
418	819.828
419	819.494
420	824.668
421	823.409
422	822.183
423	821.621
424	820.409
425	818.806
426	819.163
427	817.735
428	816.691
429	816.18
430	818.058
431	817.26
432	816.195
433	815.264
434	814.285
435	813.132
436	812.252
437	816.024
438	814.747
439	813.47
440	812.102
441	810.774
442	809.614
443	808.307
444	807.344
445	806.174
446	806.423
447	805.264
448	804.099
449	804.843
450	803.63
451	802.41
452	801.181
453	800.191
454	799.128
455	798.001
456	796.826
457	800.274
458	801.074
459	800.151
460	798.797
461	797.725
462	798.101
463	797.535
464	796.403
465	795.691
466	796.666
467	795.599
468	794.653
469	793.464
470	792.593
471	792.372
472	792.139
473	791.367
474	790.438
475	789.645
476	789.473
477	788.417
478	787.892
479	787.31
480	786.267
481	784.975
482	783.818
483	782.751
484	781.647
485	780.62
486	780.426
487	779.863
488	779.025
489	779.265
490	778.239
491	778.756
492	780.376
493	779.367
494	778.41
495	777.662
496	776.889
497	776.181
498	775.51
499	775.707
500	774.624
501	773.569
502	772.734
503	771.91
504	770.895
505	770.066
506	768.796
507	768.448
508	767.611
509	766.407
510	765.466
511	764.515
512	763.561
513	763.374
514	764.436
515	763.725
516	762.906
517	762.146
518	761.173
519	760.285
520	759.304
521	758.984
522	759.094
523	758.126
524	757.108
525	756.229
526	755.538
527	754.809
528	753.748
529	753.102
530	752.093
531	751.373
532	750.485
533	752.816
534	751.962
535	751.69
536	750.659
537	749.823
538	748.968
539	759.102
540	772.061
541	771.398
542	770.397
543	769.314
544	770.545
545	769.552
546	768.71
547	771.318
548	770.651
549	769.707
550	768.694
551	767.868
552	768.266
553	767.283
554	766.508
555	765.709
556	764.805
557	763.796
558	763.088
559	762.201
560	761.289
561	760.466
562	759.507
563	758.644
564	757.753
565	757.917
566	757.356
567	756.561
568	759.258
569	758.308
570	757.375
571	756.547
572	755.565
573	756.143
574	755.787
575	755.292
576	754.498
577	753.744
578	753.004
579	752.225
580	751.395
581	750.559
582	749.755
583	748.824
584	748.229
585	747.451
586	746.961
587	746.29
588	745.56
589	744.714
590	744.051
591	743.788
592	743.014
593	742.262
594	741.487
595	740.669
596	739.956
597	739.247
598	742.559
599	741.969
600	743.35
601	742.649
602	742.508
603	741.749
604	744.408
605	746.21
606	747.539
607	746.677
608	745.861
609	745.272
610	744.487
611	743.81
612	743.048
613	742.277
614	741.519
615	740.778
616	740.033
617	739.182
618	738.408
619	738.422
620	739.053
621	738.254
622	737.402
623	737.447
624	736.529
625	735.882
626	735.215
627	735.614
628	734.74
629	733.932
630	733.144
631	732.323
632	731.999
633	731.522
634	730.813
635	730.391
636	729.454
637	728.684
638	727.929
639	727.238
640	726.722
641	726.002
642	725.254
643	725.476
644	728.004
645	727.167
646	726.368
647	725.632
648	724.918
649	725.15
650	725.622
651	724.963
652	724.4
653	725.061
654	725.017
655	724.561
656	725.006
657	724.255
658	723.879
659	725.498
660	725.338
661	724.618
662	724.048
663	723.275
664	722.753
665	722.081
666	721.463
667	720.806
668	720.102
669	719.548
670	718.915
671	718.332
672	718.683
673	718.101
674	717.601
675	717.026
676	716.406
677	715.809
678	715.274
679	714.651
680	713.981
681	713.509
682	712.916
683	712.246
684	711.609
685	711.081
686	710.601
687	709.889
688	709.185
689	708.594
690	707.974
691	707.385
692	706.738
693	706.074
694	706.791
695	706.222
696	705.818
697	705.192
698	705.55
699	707.878
700	708.239
701	707.68
702	707.047
703	706.537
704	705.985
705	705.165
706	704.64
707	703.99
708	703.304
709	702.671
710	702.108
711	701.55
712	700.852
713	700.244
714	699.676
715	710.866
716	716.892
717	716.243
718	715.59
719	716.153
720	715.457
721	715.14
722	714.529
723	713.897
724	714.021
725	713.617
726	713.502
727	712.894
728	718.541
729	731.611
730	731.143
731	730.652
732	730.187
733	730.165
734	729.704
735	729.176
736	728.698
737	728.19
738	738.192
739	743.243
740	743.013
741	742.424
742	741.87
743	741.893
744	742.031
745	744.727
746	745.526
747	745.842
748	745.319
749	745.137
750	744.641
751	745.085
752	744.622
753	744.568
754	743.983
755	747.08
756	746.535
757	745.965
758	745.376
759	744.667
760	748.484
761	749.19
762	748.57
763	747.929
764	747.372
765	746.776
766	746.23
767	746.275
768	745.714
769	745.178
770	744.561
771	744.003
772	744.458
773	743.832
774	743.258
775	742.696
776	742.086
777	741.58
778	740.969
779	740.384
780	739.852
781	739.125
782	738.492
783	737.892
784	737.381
785	737.592
786	737.234
787	737.619
788	737.122
789	736.4
790	736.412
791	735.878
792	735.958
793	735.321
794	738.328
795	737.71
796	737.692
797	738.307
798	737.706
799	741.052
800	740.645
801	740.555
802	740.105
803	739.54
804	738.961
805	739.293
806	738.714
807	738.126
808	737.594
809	737.561
810	741.562
811	742.479
812	742.284
813	741.721
814	741.205
815	740.803
816	741.009
817	741.7
818	742.469
819	741.873
820	741.356
821	740.705
822	740.007
823	739.699
824	739.586
825	739.089
826	738.46
827	738.156
828	737.74
829	737.676
830	737.104
831	737.269
832	736.735
833	736.206
834	735.752
835	735.248
836	734.754
837	735.281
838	734.748
839	734.344
840	733.764
841	733.515
842	732.945
843	732.299
844	732.571
845	732.259
846	731.679
847	731.118
848	730.647
849	730.228
850	731.81
851	731.381
852	731.809
853	731.22
854	730.704
855	730.283
856	729.8
857	729.984
858	729.898
859	729.327
860	728.871
861	728.959
862	728.385
863	727.887
864	727.567
865	727.15
866	726.67
867	726.182
868	725.738
869	728.244
870	727.726
871	728.14
872	727.621
873	727.178
874	726.807
875	726.282
876	725.874
877	725.769
878	726.036
879	725.613
880	725.098
881	724.695
882	724.167
883	723.545
884	722.992
885	722.464
886	721.985
887	721.514
888	721.427
889	721.014
890	720.466
891	719.937
892	719.361
893	719.193
894	719.25
895	718.932
896	718.422
897	717.968
898	717.519
899	717.199
900	717.022
901	716.593
902	716.282
903	715.76
904	715.249
905	714.905
906	714.473
907	713.903
908	713.558
909	713.033
910	712.46
911	711.965
912	711.607
913	711.117
914	710.736
915	710.191
916	709.702
917	709.781
918	709.243
919	708.786
920	708.366
921	707.971
922	707.532
923	707.419
924	707.025
925	706.489
926	706.083
927	705.553
928	706.155
929	707.477
930	707.32
931	706.924
932	706.703
933	706.339
934	709.286
935	717.803
936	719.297
937	718.813
938	718.429
939	718.299
940	717.851
941	717.365
942	717.14
943	716.5
944	716.074
945	715.652
946	715.197
947	714.917
948	714.325
949	713.863
950	714.119
951	713.757
952	713.454
953	713.021
954	712.555
955	712.13
956	711.87
957	712.125
958	711.798
959	711.308
960	710.874
961	710.797
962	710.319
963	710.037
964	709.677
965	709.243
966	708.726
967	708.309
968	708.072
969	709.131
970	708.705
971	708.298
972	708.091
973	708.803
974	709.157
975	708.763
976	708.298
977	707.905
978	707.898
979	707.49
980	707.078
981	706.859
982	707.317
983	706.936
984	706.437
985	705.892
986	705.544
987	716.005
988	730.937
989	730.503
990	731.691
991	745.079
992	746.168
993	745.678
994	745.217
995	744.751
996	745.375
997	745.701
998	745.221
999	746.147
