0	18.326
1	15.2118
2	17.7435
3	16.255
4	14.9185
5	16.2632
6	27.5299
7	27.2768
8	28.2614
9	31.9337
10	31.5357
11	29.9762
12	32.7491
13	35.0182
14	33.8046
15	32.3306
16	31.5185
17	30.8093
18	30.0686
19	28.9597
20	28.2099
21	27.9296
22	27.5368
23	28.6859
24	31.2993
25	30.7992
26	30.0315
27	29.414
28	29.5552
29	29.5673
30	29.4652
31	28.9147
32	28.5248
33	29.2114
34	29.0576
35	28.5935
36	28.0687
37	27.9224
38	27.9657
39	27.5852
40	27.2167
41	27.2546
42	26.954
43	26.7772
44	26.458
45	26.3118
46	26.3327
47	27.6369
48	27.5419
49	27.1994
50	26.8515
51	26.6104
52	26.3133
53	26.1187
54	25.958
55	25.8107
56	25.7231
57	25.6141
58	25.5862
59	25.3565
60	25.3691
61	25.8481
62	25.7265
63	25.5765
64	25.3497
65	25.2828
66	25.3859
67	25.1746
68	24.9771
69	24.7241
70	24.6284
71	24.7625
72	24.775
73	24.6797
74	24.4376
75	24.3174
76	24.4406
77	24.3639
78	24.2135
79	24.1767
80	24.088
81	23.8923
82	24.3223
83	24.5664
84	24.628
85	24.6966
86	24.5785
87	25.2381
88	25.7882
89	25.8204
90	25.7421
91	25.6053
92	25.5468
93	25.892
94	25.7319
95	25.6086
96	25.4947
97	25.3589
98	25.9736
99	26.5304
100	26.5177
101	26.4433
102	26.294
103	26.1078
104	25.9581
105	25.8978
106	25.8494
107	25.7018
108	25.6016
109	26.0061
110	26.0538
111	26.0251
112	25.9257
113	25.9537
114	25.9406
115	25.8018
116	25.7181
117	25.5821
118	25.5182
119	25.44
120	25.6881
121	25.7974
122	25.7017
123	25.7396
124	25.845
125	25.7299
126	25.6204
127	25.5286
128	25.4104
129	25.2998
130	25.2216
131	25.0675
132	25.0604
133	24.961
134	24.9516
135	24.8735
136	24.8443
137	24.7924
138	24.6874
139	24.6457
140	24.6055
141	24.55
142	24.4336
143	24.5132
144	24.4983
145	24.4177
146	24.4426
147	24.3989
148	24.445
149	24.3166
150	24.2525
151	24.2496
152	24.4151
153	24.5021
154	24.4496
155	24.3781
156	24.2609
157	24.2331
158	24.1689
159	24.1201
160	24.1377
161	24.0614
162	24.1029
163	24.065
164	23.9918
165	24.0039
166	24.5825
167	25.1037
168	25.095
169	25.0298
170	25.1617
171	25.0905
172	25.1197
173	25.0279
174	24.9649
175	24.9735
176	25.0095
177	24.9719
178	24.8742
179	24.8178
180	24.7642
181	24.748
182	24.6589
183	24.5947
184	24.5147
185	24.4262
186	24.3486
187	24.4568
188	24.378
189	24.5681
190	24.5701
191	24.5286
192	24.4632
193	24.6691
194	24.8067
195	24.7243
196	24.7982
197	24.7671
198	24.791
199	24.8416
200	24.9662
201	25.0237
202	25.0384
203	25.0153
204	24.9626
205	24.9113
206	24.9608
207	24.8847
208	24.812
209	24.8291
210	24.7563
211	24.7539
212	24.6818
213	24.7326
214	24.6887
215	24.6321
216	24.5793
217	24.5165
218	24.4654
219	24.3908
220	24.3222
221	24.2403
222	24.1819
223	24.1582
224	24.1813
225	24.1392
226	24.1426
227	24.0927
228	24.1129
229	24.0704
230	24.1322
231	24.1521
232	24.2404
233	24.2128
234	24.1726
235	24.1208
236	24.0588
237	24.0694
238	24.0224
239	23.9823
240	23.9436
241	23.8824
242	24.0075
243	23.9823
244	23.9776
245	23.9366
246	23.9442
247	23.8987
248	23.8784
249	23.8293
250	23.7785
251	23.8011
252	23.7986
253	23.7834
254	23.9553
255	23.8942
256	23.9927
257	24.0006
258	23.9314
259	23.9389
260	23.9923
261	24.0095
262	24.1126
263	24.175
264	24.1206
265	24.1039
266	24.1908
267	24.2364
268	24.296
269	24.2609
270	24.2071
271	24.2569
272	24.2101
273	24.1627
274	24.1402
275	24.1073
276	24.1535
277	24.1157
278	24.1583
279	24.2178
280	24.2025
281	24.3089
282	24.2883
283	24.2641
284	24.242
285	24.2033
286	24.1587
287	24.1395
288	24.0841
289	24.2746
290	24.3238
291	24.5029
292	24.4996
293	24.4557
294	24.4338
295	24.427
296	24.4035
297	24.3936
298	24.3381
299	24.3411
300	24.2931
301	24.285
302	24.2201
303	24.2924
304	24.5823
305	24.5704
306	24.5176
307	24.5255
308	24.7069
309	24.6539
310	24.6161
311	24.5937
312	24.5732
313	24.6005
314	24.5433
315	24.5053
316	24.4963
317	24.4569
318	24.4476
319	24.4019
320	24.375
321	24.3435
322	24.3416
323	24.2845
324	24.2392
325	24.2014
326	24.1624
327	24.1134
328	24.0832
329	24.0872
330	24.0865
331	24.0407
332	24.0201
333	24.0759
334	24.0496
335	24.0321
336	24.0131
337	24.0118
338	23.9711
339	23.9621
340	23.9313
341	23.956
342	23.9155
343	23.8955
344	23.8829
345	23.8807
346	23.8966
347	24.3808
348	24.6959
349	24.6844
350	24.6756
351	24.8311
352	24.7913
353	24.7797
354	24.7854
355	24.8294
356	24.7917
357	24.7565
358	24.7301
359	24.7106
360	24.6803
361	24.6424
362	24.5893
363	24.5559
364	24.5462
365	24.5401
366	24.5866
367	24.5706
368	24.546
369	24.5649
370	24.5405
371	24.5254
372	24.4873
373	24.4499
374	24.4431
375	24.4222
376	24.3982
377	24.4079
378	24.3806
379	24.4534
380	24.4693
381	24.5654
382	24.5612
383	24.5376
384	24.6259
385	24.6348
386	24.6971
387	24.6716
388	24.6801
389	24.657
390	24.6616
391	24.6383
392	24.6024
393	24.5572
394	24.5384
395	24.5023
396	24.4699
397	24.618
398	24.6116
399	24.6082
400	24.613
401	24.5964
402	24.597
403	24.6126
404	24.6593
405	24.6711
406	24.666
407	24.6859
408	24.7016
409	24.7184
410	24.7524
411	24.8194
412	25.0534
413	25.3153
414	25.3139
415	25.2971
416	25.2678
417	25.2262
418	25.195
419	25.1789
420	25.3013
421	25.2749
422	25.2421
423	25.2633
424	25.2266
425	25.2099
426	25.2301
427	25.2084
428	25.1664
429	25.1785
430	25.2207
431	25.2059
432	25.1685
433	25.1697
434	25.1635
435	25.1599
436	25.1723
437	25.2711
438	25.2421
439	25.2159
440	25.192
441	25.1752
442	25.1685
443	25.1685
444	25.1263
445	25.0993
446	25.1358
447	25.1017
448	25.0716
449	25.1052
450	25.093
451	25.0925
452	25.0893
453	25.0566
454	25.035
455	25.0046
456	24.981
457	25.0259
458	25.0644
459	25.0265
460	25.0339
461	25.0052
462	25.0563
463	25.0661
464	25.0492
465	25.0221
466	25.0515
467	25.0362
468	25.0019
469	24.9825
470	24.943
471	24.9614
472	24.9752
473	24.9722
474	24.9363
475	24.895
476	24.9176
477	24.9025
478	24.9084
479	24.9116
480	24.9134
481	24.8965
482	24.8748
483	24.8448
484	24.8251
485	24.8192
486	24.8522
487	24.8515
488	24.8641
489	24.9066
490	24.8971
491	24.9575
492	25.01
493	24.9951
494	24.9723
495	24.9539
496	24.9254
497	24.9311
498	24.9227
499	24.9471
500	24.9219
501	24.9286
502	24.9073
503	24.871
504	24.8493
505	24.814
506	24.8031
507	24.8242
508	24.7929
509	24.7819
510	24.774
511	24.7676
512	24.7602
513	24.7936
514	24.8316
515	24.8454
516	24.8152
517	24.7799
518	24.7679
519	24.7597
520	24.7449
521	24.7425
522	24.7693
523	24.7498
524	24.735
525	24.7295
526	24.709
527	24.6825
528	24.677
529	24.6398
530	24.6264
531	24.5947
532	24.5694
533	24.6355
534	24.6083
535	24.6207
536	24.5981
537	24.5847
538	24.5757
539	24.6977
540	24.8139
541	24.8045
542	24.7822
543	24.7716
544	24.8172
545	24.7953
546	24.7685
547	24.8121
548	24.8068
549	24.7897
550	24.772
551	24.742
552	24.7544
553	24.7462
554	24.7484
555	24.7664
556	24.7557
557	24.7393
558	24.7375
559	24.7192
560	24.6944
561	24.6898
562	24.6766
563	24.6543
564	24.629
565	24.6407
566	24.6468
567	24.6476
568	24.6933
569	24.6766
570	24.6663
571	24.6405
572	24.6217
573	24.6423
574	24.6477
575	24.6452
576	24.624
577	24.597
578	24.5805
579	24.554
580	24.5357
581	24.5185
582	24.4941
583	24.4861
584	24.4885
585	24.4796
586	24.4839
587	24.4544
588	24.4384
589	24.4345
590	24.4148
591	24.4305
592	24.432
593	24.4087
594	24.3995
595	24.378
596	24.358
597	24.3391
598	24.4136
599	24.403
600	24.4577
601	24.4314
602	24.432
603	24.4348
604	24.4946
605	24.5564
606	24.5901
607	24.5768
608	24.5576
609	24.5695
610	24.5522
611	24.524
612	24.5021
613	24.4936
614	24.4759
615	24.4609
616	24.4405
617	24.4265
618	24.418
619	24.4406
620	24.4659
621	24.4482
622	24.4445
623	24.4561
624	24.4445
625	24.4417
626	24.4387
627	24.4664
628	24.4574
629	24.446
630	24.4406
631	24.4344
632	24.4461
633	24.4286
634	24.4053
635	24.3954
636	24.3993
637	24.3876
638	24.3771
639	24.3726
640	24.3824
641	24.3597
642	24.3442
643	24.3579
644	24.4178
645	24.4072
646	24.4071
647	24.3864
648	24.3634
649	24.388
650	24.3936
651	24.371
652	24.344
653	24.3807
654	24.3929
655	24.4053
656	24.4233
657	24.4108
658	24.423
659	24.4774
660	24.4859
661	24.4665
662	24.4558
663	24.4461
664	24.4182
665	24.3987
666	24.3757
667	24.3565
668	24.3445
669	24.3521
670	24.3393
671	24.3226
672	24.3577
673	24.345
674	24.3172
675	24.3086
676	24.294
677	24.2926
678	24.2661
679	24.2432
680	24.2245
681	24.1966
682	24.19
683	24.186
684	24.1745
685	24.1711
686	24.1711
687	24.1542
688	24.1404
689	24.13
690	24.1154
691	24.0986
692	24.0848
693	24.0663
694	24.1015
695	24.0971
696	24.1021
697	24.0889
698	24.1005
699	24.1634
700	24.1841
701	24.1611
702	24.1466
703	24.1232
704	24.1004
705	24.098
706	24.0735
707	24.0771
708	24.0746
709	24.0713
710	24.0523
711	24.0303
712	24.0142
713	24.0018
714	24.0022
715	24.1289
716	24.2117
717	24.1976
718	24.1797
719	24.2171
720	24.2076
721	24.2116
722	24.197
723	24.1799
724	24.1891
725	24.1839
726	24.1835
727	24.1672
728	24.2357
729	24.3633
730	24.3382
731	24.3427
732	24.3474
733	24.3582
734	24.3456
735	24.3228
736	24.3096
737	24.2859
738	24.3837
739	24.4622
740	24.4643
741	24.4435
742	24.4252
743	24.4341
744	24.4501
745	24.491
746	24.5076
747	24.529
748	24.5088
749	24.5238
750	24.4989
751	24.5097
752	24.5059
753	24.5245
754	24.527
755	24.5662
756	24.545
757	24.5232
758	24.5167
759	24.5117
760	24.5862
761	24.6197
762	24.6018
763	24.5855
764	24.5786
765	24.5661
766	24.5634
767	24.5688
768	24.5645
769	24.5418
770	24.5241
771	24.518
772	24.5353
773	24.5194
774	24.5014
775	24.4828
776	24.4654
777	24.4682
778	24.4512
779	24.4334
780	24.4124
781	24.4032
782	24.3876
783	24.3829
784	24.387
785	24.3991
786	24.4124
787	24.4497
788	24.4306
789	24.4218
790	24.4367
791	24.4174
792	24.4252
793	24.4188
794	24.4736
795	24.4675
796	24.4636
797	24.489
798	24.4763
799	24.5378
800	24.5369
801	24.5352
802	24.5434
803	24.5255
804	24.5207
805	24.5324
806	24.5162
807	24.4979
808	24.4826
809	24.5029
810	24.5671
811	24.5892
812	24.5871
813	24.5777
814	24.558
815	24.5406
816	24.5508
817	24.5677
818	24.5937
819	24.5874
820	24.5963
821	24.5847
822	24.5768
823	24.5855
824	24.593
825	24.5736
826	24.5655
827	24.5758
828	24.5651
829	24.5696
830	24.5524
831	24.5729
832	24.5642
833	24.5578
834	24.5363
835	24.519
836	24.5175
837	24.5465
838	24.5397
839	24.5167
840	24.5013
841	24.503
842	24.5008
843	24.4936
844	24.5199
845	24.5241
846	24.5095
847	24.4948
848	24.4764
849	24.4773
850	24.4986
851	24.4909
852	24.504
853	24.4935
854	24.4763
855	24.4547
856	24.4537
857	24.4717
858	24.4722
859	24.458
860	24.4529
861	24.4716
862	24.457
863	24.4529
864	24.4726
865	24.476
866	24.4718
867	24.4551
868	24.436
869	24.4812
870	24.4653
871	24.4912
872	24.4751
873	24.455
874	24.4512
875	24.4398
876	24.4406
877	24.4485
878	24.4726
879	24.4525
880	24.4384
881	24.4374
882	24.4229
883	24.4123
884	24.4085
885	24.3957
886	24.3938
887	24.3782
888	24.3765
889	24.3667
890	24.3618
891	24.3542
892	24.3417
893	24.3476
894	24.3571
895	24.3595
896	24.3459
897	24.329
898	24.3313
899	24.3317
900	24.3296
901	24.3121
902	24.3173
903	24.3162
904	24.304
905	24.3019
906	24.2841
907	24.2801
908	24.2853
909	24.2775
910	24.2776
911	24.2634
912	24.2748
913	24.2593
914	24.2407
915	24.2366
916	24.23
917	24.2503
918	24.2468
919	24.2359
920	24.2299
921	24.2148
922	24.2141
923	24.2235
924	24.205
925	24.1957
926	24.1775
927	24.1664
928	24.1804
929	24.2099
930	24.2171
931	24.1986
932	24.2025
933	24.2088
934	24.2352
935	24.3321
936	24.3749
937	24.3665
938	24.3488
939	24.3522
940	24.336
941	24.3231
942	24.3333
943	24.3325
944	24.332
945	24.34
946	24.3242
947	24.3286
948	24.324
949	24.3103
950	24.3312
951	24.3134
952	24.3143
953	24.3007
954	24.2859
955	24.2693
956	24.2833
957	24.2935
958	24.295
959	24.2913
960	24.2887
961	24.3074
962	24.3089
963	24.3027
964	24.2854
965	24.2726
966	24.2656
967	24.2496
968	24.2438
969	24.2835
970	24.2729
971	24.2698
972	24.2669
973	24.2949
974	24.3164
975	24.315
976	24.3129
977	24.2962
978	24.299
979	24.293
980	24.2853
981	24.2806
982	24.2911
983	24.2784
984	24.2662
985	24.2585
986	24.2497
987	24.3515
988	24.4649
989	24.4673
990	24.5016
991	24.62
992	24.6331
993	24.6204
994	24.6059
995	24.5916
996	24.6067
997	24.6228
998	24.61
999	24.6377
