0	0.287296
1	0.338262
2	0.358525
3	0.338607
4	0.332815
5	0.379004
6	0.357929
7	0.347152
8	0.342848
9	0.339332
10	0.353533
11	0.346351
12	0.34991
13	0.360687
14	0.356684
15	0.366077
16	0.366035
17	0.366323
18	0.365605
19	0.375395
20	0.374765
21	0.374825
22	0.373523
23	0.376144
24	0.369983
25	0.370776
26	0.375677
27	0.378497
28	0.376075
29	0.372916
30	0.380182
31	0.376696
32	0.379572
33	0.37658
34	0.379305
35	0.379469
36	0.380133
37	0.38125
38	0.382109
39	0.389867
40	0.390023
41	0.389082
42	0.396431
43	0.39554
44	0.392442
45	0.395806
46	0.394911
47	0.393296
48	0.391233
49	0.387339
50	0.384716
51	0.383624
52	0.387286
53	0.388719
54	0.386646
55	0.385219
56	0.384295
57	0.383578
58	0.381495
59	0.381389
60	0.381377
61	0.380529
62	0.380388
63	0.380083
64	0.378786
65	0.380983
66	0.379567
67	0.378008
68	0.377869
69	0.377439
70	0.381431
71	0.38068
72	0.378781
73	0.378447
74	0.377882
75	0.377533
76	0.384139
77	0.384657
78	0.385058
79	0.38427
80	0.383003
81	0.383559
82	0.385337
83	0.384499
84	0.383109
85	0.384671
86	0.386723
87	0.386057
88	0.385591
89	0.386448
90	0.387251
91	0.38685
92	0.38545
93	0.387761
94	0.390159
95	0.390884
96	0.391177
97	0.391823
98	0.391584
99	0.391315
100	0.39074
101	0.393785
102	0.393683
103	0.393147
104	0.392963
105	0.392642
106	0.391186
107	0.391358
108	0.393036
109	0.3918
110	0.391708
111	0.390788
112	0.393389
113	0.393189
114	0.392877
115	0.392364
116	0.391531
117	0.391651
118	0.390957
119	0.390379
120	0.389994
121	0.390475
122	0.390992
123	0.389752
124	0.389811
125	0.390055
126	0.390619
127	0.389357
128	0.388058
129	0.387442
130	0.386481
131	0.387333
132	0.387526
133	0.386364
134	0.385922
135	0.384989
136	0.384994
137	0.388313
138	0.387746
139	0.38787
140	0.386467
141	0.386018
142	0.386278
143	0.385704
144	0.384584
145	0.385131
146	0.385078
147	0.38546
148	0.385039
149	0.385172
150	0.386093
151	0.386673
152	0.385553
153	0.385046
154	0.387612
155	0.38721
156	0.387532
157	0.386744
158	0.386556
159	0.386475
160	0.386639
161	0.386311
162	0.386595
163	0.386673
164	0.385811
165	0.385598
166	0.386354
167	0.385076
168	0.384735
169	0.385323
170	0.384743
171	0.383892
172	0.384478
173	0.385269
174	0.38504
175	0.384517
176	0.386239
177	0.386691
178	0.385762
179	0.384791
180	0.385233
181	0.384466
182	0.383678
183	0.383545
184	0.383058
185	0.383095
186	0.383178
187	0.382465
188	0.383678
189	0.384016
190	0.383747
191	0.382842
192	0.38297
193	0.382537
194	0.381834
195	0.38116
196	0.381393
197	0.380653
198	0.381462
199	0.381067
200	0.381724
201	0.38146
202	0.381677
203	0.382426
204	0.382077
205	0.381101
206	0.381461
207	0.381307
208	0.382129
209	0.382488
210	0.38173
211	0.381304
212	0.380856
213	0.381241
214	0.380629
215	0.381045
216	0.380845
217	0.381157
218	0.381166
219	0.380885
220	0.380124
221	0.379785
222	0.379709
223	0.379792
224	0.379194
225	0.378491
226	0.378303
227	0.377948
228	0.378421
229	0.377878
230	0.377977
231	0.37782
232	0.377892
233	0.377721
234	0.377368
235	0.376989
236	0.376835
237	0.376939
238	0.376887
239	0.376922
240	0.376395
241	0.376375
242	0.376919
243	0.376388
244	0.378324
245	0.379825
246	0.380359
247	0.380139
248	0.380102
249	0.38048
250	0.380173
251	0.37964
252	0.379464
253	0.379504
254	0.37925
255	0.379603
256	0.379893
257	0.379649
258	0.37938
259	0.378795
260	0.378454
261	0.378155
262	0.378206
263	0.378193
264	0.37795
265	0.377947
266	0.377888
267	0.377628
268	0.377355
269	0.377718
270	0.377426
271	0.37671
272	0.37695
273	0.376894
274	0.376721
275	0.376665
276	0.376495
277	0.376141
278	0.376072
279	0.375779
280	0.375904
281	0.376529
282	0.377255
283	0.377457
284	0.37787
285	0.377726
286	0.377645
287	0.378048
288	0.378747
289	0.379202
290	0.380093
291	0.380054
292	0.379923
293	0.379944
294	0.37988
295	0.380396
296	0.380292
297	0.379942
298	0.379608
299	0.379928
300	0.379598
301	0.379481
302	0.379575
303	0.379865
304	0.379606
305	0.379502
306	0.379481
307	0.37915
308	0.379584
309	0.37956
310	0.379372
311	0.379289
312	0.379183
313	0.379286
314	0.379479
315	0.379157
316	0.378958
317	0.378626
318	0.378448
319	0.378239
320	0.378107
321	0.377614
322	0.37758
323	0.377697
324	0.378226
325	0.378048
326	0.378382
327	0.37917
328	0.378988
329	0.378812
330	0.378628
331	0.378561
332	0.378372
333	0.378081
334	0.377676
335	0.377312
336	0.377342
337	0.377459
338	0.377863
339	0.377602
340	0.377396
341	0.377082
342	0.377467
343	0.377155
344	0.377436
345	0.377205
346	0.377438
347	0.377609
348	0.377103
349	0.376883
350	0.377266
351	0.37705
352	0.376757
353	0.376084
354	0.375861
355	0.375591
356	0.375291
357	0.374982
358	0.37516
359	0.375186
360	0.375071
361	0.37487
362	0.3753
363	0.374956
364	0.374965
365	0.374564
366	0.374476
367	0.374305
368	0.374115
369	0.37392
370	0.37374
371	0.373694
372	0.374074
373	0.373869
374	0.374283
375	0.374099
376	0.373817
377	0.373518
378	0.373752
379	0.374349
380	0.374406
381	0.374135
382	0.37417
383	0.37414
384	0.374565
385	0.374791
386	0.37501
387	0.37527
388	0.374668
389	0.375009
390	0.375276
391	0.375066
392	0.375162
393	0.376231
394	0.376189
395	0.375942
396	0.376654
397	0.376248
398	0.376064
399	0.376024
