0	0.0547472
1	0.0514713
2	0.058401
3	0.054119
4	0.0528368
5	0.0534577
6	0.0543107
7	0.0555788
8	0.0572356
9	0.0551244
10	0.0524715
11	0.0545515
12	0.0551461
13	0.053017
14	0.0522283
15	0.0511658
16	0.0515199
17	0.0508687
18	0.0517822
19	0.0526911
20	0.0522619
21	0.054485
22	0.0533934
23	0.0540273
24	0.0538934
25	0.0530748
26	0.0531677
27	0.0530479
28	0.0520308
29	0.0528775
30	0.0537633
31	0.0538554
32	0.0534424
33	0.0530872
34	0.0526352
35	0.053195
36	0.053134
37	0.0529757
38	0.0524247
39	0.0528657
40	0.0529448
41	0.0530806
42	0.0528928
43	0.0526663
44	0.0529773
45	0.0526346
46	0.0526017
47	0.0525848
48	0.0526218
49	0.0530962
50	0.0532692
51	0.0530485
52	0.0528798
53	0.0527144
54	0.0525309
55	0.0524077
56	0.0522284
57	0.052102
58	0.0518159
59	0.0518606
60	0.0519342
61	0.0520189
62	0.0518179
63	0.0520221
64	0.0519403
65	0.0514825
66	0.0514117
67	0.0511724
68	0.0514285
69	0.0511233
70	0.0512201
71	0.0516761
72	0.0517876
73	0.0518167
74	0.0515708
75	0.0514242
76	0.0516803
77	0.0517009
78	0.0514655
79	0.0516959
80	0.0516702
81	0.0517649
82	0.0518238
83	0.051554
84	0.0516022
85	0.0514258
86	0.0514273
87	0.0513368
88	0.0514236
89	0.0516954
90	0.0516122
91	0.051535
92	0.0515002
93	0.0516773
94	0.0520883
95	0.0521574
96	0.0522844
97	0.0522634
98	0.0521166
99	0.0521136
100	0.0519237
101	0.0519022
102	0.0518395
103	0.0517447
104	0.0518469
105	0.0519092
106	0.0517946
107	0.0518162
108	0.05193
109	0.0519442
110	0.0521121
111	0.0524086
112	0.0523479
113	0.0524396
114	0.0524226
115	0.0522872
116	0.0523486
117	0.0521617
118	0.0520649
119	0.0521384
120	0.0518279
121	0.0519345
122	0.0519013
123	0.0519684
124	0.0519177
125	0.0518171
126	0.0518185
127	0.0518793
128	0.0516537
129	0.0517051
130	0.0515868
131	0.0514088
132	0.0513445
133	0.0512763
134	0.0514075
135	0.0514455
136	0.0514627
137	0.0513203
138	0.0512806
139	0.0512298
140	0.0511454
141	0.0509919
142	0.0510005
143	0.0509265
144	0.0508958
145	0.0510473
146	0.0512046
147	0.0511382
148	0.0511527
149	0.0511463
150	0.0511855
151	0.0512424
152	0.0512152
153	0.0511074
154	0.0510918
155	0.0512983
156	0.0513733
157	0.051339
158	0.05122
159	0.0512848
160	0.0513661
161	0.0514071
162	0.0512592
163	0.0511824
164	0.0512052
165	0.051074
166	0.0510964
167	0.0511648
168	0.0511275
169	0.0511824
170	0.0512665
171	0.0512051
172	0.0511257
173	0.0511041
174	0.0510889
175	0.0510437
176	0.05108
177	0.0510446
178	0.0509487
179	0.0509396
180	0.0509191
181	0.0508483
182	0.0507709
183	0.0507925
184	0.0507635
185	0.0506861
186	0.0506136
187	0.0506691
188	0.0507951
189	0.0507895
190	0.0506879
191	0.0506075
192	0.0505591
193	0.0504766
194	0.0503936
195	0.0503012
196	0.0503311
197	0.0502724
198	0.0502822
199	0.0503895
200	0.0503988
201	0.0502867
202	0.0502702
203	0.0502312
204	0.0502021
205	0.0503118
206	0.0502189
207	0.050121
208	0.0502971
209	0.0503502
210	0.0502832
211	0.0501969
212	0.0501657
213	0.0501482
214	0.0501189
215	0.050046
216	0.0500463
217	0.0500481
218	0.0503089
219	0.0502315
220	0.0502164
221	0.0501837
222	0.0501076
223	0.0502063
224	0.0501999
225	0.0501542
226	0.0502046
227	0.0501947
228	0.0501192
229	0.0500966
230	0.0500628
231	0.0501465
232	0.0501088
233	0.0501119
234	0.0499946
235	0.0499985
236	0.0499589
237	0.0499658
238	0.0499223
239	0.0499791
240	0.0499654
241	0.0500929
242	0.0501826
243	0.0501109
244	0.050085
245	0.0500242
246	0.0501262
247	0.0501662
248	0.0500757
249	0.0501342
250	0.0502351
251	0.0502133
252	0.0501879
253	0.0501931
254	0.0501732
255	0.0501423
256	0.0501064
257	0.0500765
258	0.0500501
259	0.0501718
260	0.0502072
261	0.0502789
262	0.0502783
263	0.0502731
264	0.0501949
265	0.0501831
266	0.0501365
267	0.0501028
268	0.050121
269	0.0501181
270	0.0500794
271	0.0500677
272	0.0500988
273	0.050043
274	0.0501234
275	0.0500918
276	0.0502009
277	0.0501661
278	0.0501216
279	0.0501185
280	0.0501801
281	0.0502359
282	0.0502162
283	0.0502242
284	0.0502876
285	0.0502689
286	0.050315
287	0.0502877
288	0.0503039
289	0.0503524
290	0.0503122
291	0.0502547
292	0.050252
293	0.0502333
294	0.0501933
295	0.0501677
296	0.0502227
297	0.050259
298	0.0502641
299	0.0502617
300	0.0502894
301	0.0502566
302	0.0502573
303	0.0502192
304	0.0503095
305	0.050258
306	0.0502376
307	0.0502693
308	0.0502675
309	0.0502548
310	0.0503305
311	0.0503269
312	0.0502697
313	0.0502484
314	0.0501628
315	0.0501708
316	0.0501437
317	0.0501285
318	0.0500649
319	0.0500017
320	0.0500466
321	0.0500476
322	0.0500133
323	0.0499381
324	0.049908
325	0.0498398
326	0.0498515
327	0.0498092
328	0.0497989
329	0.049831
330	0.0498146
331	0.049831
332	0.0497848
333	0.0498212
334	0.0497779
335	0.049734
336	0.0497634
337	0.0497372
338	0.0497041
339	0.0497098
340	0.0497073
341	0.0496718
342	0.0496152
343	0.0496257
344	0.0496693
345	0.049651
346	0.0496673
347	0.0496416
348	0.0495837
349	0.0495741
350	0.0496149
351	0.0495703
352	0.0495755
353	0.049606
354	0.0496258
355	0.0496576
356	0.0496458
357	0.0496499
358	0.0496344
359	0.0495897
360	0.0495352
361	0.049485
362	0.0495769
363	0.0495976
364	0.0495995
365	0.0495831
366	0.0495892
367	0.0495596
368	0.0495421
369	0.049596
370	0.0495302
371	0.049452
372	0.0494973
373	0.0494982
374	0.0495209
375	0.0495373
376	0.0496089
377	0.049631
378	0.0496182
379	0.0495908
380	0.0496115
381	0.049633
382	0.0495961
383	0.0495216
384	0.0494837
385	0.0495088
386	0.0494646
387	0.0494551
388	0.0494223
389	0.0493881
390	0.0493573
391	0.0493646
392	0.0493979
393	0.0494351
394	0.0494334
395	0.0494627
396	0.0494504
397	0.0493885
398	0.0493684
399	0.0493573
