0	0.0365198
1	0.0312988
2	0.0413768
3	0.0466024
4	0.0473359
5	0.0465315
6	0.0475133
7	0.0496192
8	0.0501306
9	0.0528936
10	0.052448
11	0.0522045
12	0.0529781
13	0.0521646
14	0.0512006
15	0.0507214
16	0.0500374
17	0.050135
18	0.0509057
19	0.0507963
20	0.0505333
21	0.0514002
22	0.0519489
23	0.0522534
24	0.0523092
25	0.0525547
26	0.0525351
27	0.0534465
28	0.053519
29	0.0533053
30	0.0528143
31	0.0528874
32	0.0527209
33	0.0528203
34	0.0527096
35	0.0527976
36	0.0529232
37	0.0524369
38	0.0521111
39	0.0519267
40	0.0520431
41	0.0522317
42	0.0519451
43	0.0518106
44	0.0518716
45	0.0517319
46	0.0515765
47	0.0518314
48	0.051537
49	0.0519007
50	0.0518593
51	0.0518158
52	0.0515513
53	0.0513938
54	0.0513324
55	0.0516779
56	0.0516293
57	0.0514431
58	0.0515118
59	0.0516282
60	0.0516225
61	0.0518602
62	0.051896
63	0.0517257
64	0.0515298
65	0.0513636
66	0.0512778
67	0.0511903
68	0.051148
69	0.0512015
70	0.0513882
71	0.0514071
72	0.0517122
73	0.0515595
74	0.0514906
75	0.0514528
76	0.0515483
77	0.051556
78	0.0516426
79	0.0516267
80	0.0515117
81	0.0513807
82	0.0514169
83	0.0513193
84	0.0514057
85	0.0514761
86	0.0513626
87	0.0514187
88	0.0514432
89	0.0517718
90	0.0518086
91	0.0517326
92	0.0514849
93	0.0514564
94	0.0515929
95	0.0517811
96	0.0519207
97	0.0519746
98	0.0518413
99	0.0517233
100	0.051937
101	0.0518833
102	0.0518772
103	0.0520267
104	0.0520527
105	0.0521936
106	0.0521676
107	0.0519645
108	0.0521458
109	0.0521586
110	0.0521824
111	0.0521018
112	0.0520033
113	0.0521404
114	0.0520133
115	0.0519622
116	0.0520766
117	0.0521096
118	0.052186
119	0.0521661
120	0.0522147
121	0.0521748
122	0.0522884
123	0.0523239
124	0.0523666
125	0.0524374
126	0.0524414
127	0.0525225
128	0.0526647
129	0.0526783
130	0.0525898
131	0.0526348
132	0.0526188
133	0.0525397
134	0.0525548
135	0.0525678
136	0.0526709
137	0.0527077
138	0.0526727
139	0.0526401
140	0.0527563
141	0.0529342
142	0.0529065
143	0.0529276
144	0.0530955
145	0.0531275
146	0.0531526
147	0.0531066
148	0.0530753
149	0.0531317
150	0.0530805
151	0.0530609
152	0.0530075
153	0.053064
154	0.0530761
155	0.0530996
156	0.0531153
157	0.0531777
158	0.053167
159	0.0531467
160	0.0531659
161	0.0532729
162	0.0532028
163	0.0531804
164	0.0530377
165	0.0531324
166	0.0531627
167	0.0531624
168	0.0530985
169	0.0531037
170	0.0530479
171	0.052987
172	0.0529872
173	0.0531008
174	0.0529772
175	0.053006
176	0.053015
177	0.0530247
178	0.0531535
179	0.0531345
180	0.0531103
181	0.0531341
182	0.0532428
183	0.0532363
184	0.0532525
185	0.0533195
186	0.0532068
187	0.053183
188	0.0531598
189	0.053052
190	0.0529875
191	0.0530182
192	0.0530594
193	0.0530703
194	0.053037
195	0.0530094
196	0.0530866
197	0.0530502
198	0.0530661
199	0.0531157
200	0.0530057
201	0.0529447
202	0.0528944
203	0.0528893
204	0.0528399
205	0.0529433
206	0.0528731
207	0.0528698
208	0.0528034
209	0.0528068
210	0.0527744
211	0.0527728
212	0.052759
213	0.0528105
214	0.0528454
215	0.0528942
216	0.0528966
217	0.0528851
218	0.0528302
219	0.0527824
220	0.0528494
221	0.0529227
222	0.0528855
223	0.0528679
224	0.0528735
225	0.0527848
226	0.0527539
227	0.0528473
228	0.0528348
229	0.0527917
230	0.0527476
231	0.0527117
232	0.0527167
233	0.0527148
234	0.05269
235	0.0527003
236	0.0527693
237	0.0527287
238	0.0527382
239	0.0527284
240	0.0526833
241	0.0527418
242	0.0527728
243	0.0527327
244	0.0527517
245	0.0527066
246	0.0527556
247	0.0527495
248	0.0528195
249	0.0527874
250	0.0528915
251	0.0528178
252	0.0528285
253	0.0528168
254	0.05279
255	0.0528137
256	0.0527844
257	0.0528975
258	0.0529317
259	0.0529181
260	0.052952
261	0.0529101
262	0.0528869
263	0.0528575
264	0.0529066
265	0.0530034
266	0.0529888
267	0.0529928
268	0.0530519
269	0.0530368
270	0.0530628
271	0.0530495
272	0.0530654
273	0.0530946
274	0.0531121
275	0.0531529
276	0.0531171
277	0.053074
278	0.0530691
279	0.0530922
280	0.0530468
281	0.0530087
282	0.0530507
283	0.0530871
284	0.0530601
285	0.0530703
286	0.05307
287	0.0531197
288	0.0531038
289	0.0531238
290	0.0531603
291	0.0531427
292	0.0531297
293	0.0531261
294	0.0531579
295	0.0531071
296	0.0531248
297	0.0530903
298	0.0530862
299	0.0530557
300	0.0530427
301	0.0530025
302	0.0529794
303	0.0529944
304	0.0529824
305	0.0529489
306	0.0530384
307	0.0530108
308	0.0529789
309	0.0529134
310	0.0528868
311	0.0528732
312	0.0528459
313	0.0528353
314	0.0528771
315	0.0529075
316	0.0529501
317	0.0529679
318	0.0529544
319	0.0530078
320	0.0529647
321	0.0529928
322	0.0529704
323	0.0529297
324	0.0529528
325	0.0529526
326	0.0529475
327	0.0529439
328	0.0529433
329	0.0529708
330	0.0529217
331	0.0529373
332	0.0529013
333	0.0528318
334	0.0528918
335	0.0528852
336	0.0528433
337	0.0528251
338	0.0528087
339	0.0528572
340	0.0529033
341	0.0529143
342	0.0529255
343	0.052955
344	0.0529759
345	0.0529816
346	0.053048
347	0.0530242
348	0.0529841
349	0.0529984
350	0.0529576
351	0.0529738
352	0.0529744
353	0.0530114
354	0.0530082
355	0.0530146
356	0.0529878
357	0.0530154
358	0.0530411
359	0.0530348
360	0.0530559
361	0.0530614
362	0.0530622
363	0.0530191
364	0.0530065
365	0.053
366	0.0530336
367	0.0530377
368	0.0530404
369	0.0530057
370	0.052967
371	0.0529705
372	0.0529546
373	0.0529374
374	0.0528867
375	0.0528534
376	0.0528048
377	0.0528402
378	0.0528283
379	0.0528706
380	0.0528475
381	0.0528416
382	0.0528436
383	0.0528546
384	0.0528314
385	0.052852
386	0.0528862
387	0.0528991
388	0.0528974
389	0.0528825
390	0.0528871
391	0.0528779
392	0.052847
393	0.0528604
394	0.0528862
395	0.0529087
396	0.0528945
397	0.052875
398	0.0529447
399	0.0529852
400	0.0529671
401	0.0529569
402	0.0529565
403	0.0529639
404	0.0529476
405	0.0530187
406	0.0529744
407	0.0529812
408	0.0530315
409	0.0530379
410	0.053
411	0.0530556
412	0.0530459
413	0.0530108
414	0.0529979
415	0.0529716
416	0.0529585
417	0.0529783
418	0.0529815
419	0.0529913
420	0.0529624
421	0.0529631
422	0.0529883
423	0.0529371
424	0.0529299
425	0.0528997
426	0.0528773
427	0.0529061
428	0.0528998
429	0.0528705
430	0.0528683
431	0.0528791
432	0.052858
433	0.0528585
434	0.0528446
435	0.0528009
436	0.0528251
437	0.0528489
438	0.0528197
439	0.0528388
440	0.0528638
441	0.0528603
442	0.0528649
443	0.0528015
444	0.052759
445	0.0527384
446	0.0527675
447	0.0527272
448	0.052683
449	0.0526731
450	0.0526759
451	0.052673
452	0.0526652
453	0.0526746
454	0.0527488
455	0.0527714
456	0.0527597
457	0.0527477
458	0.0527657
459	0.0527397
460	0.0527063
461	0.0527152
462	0.052748
463	0.0527636
464	0.0527524
465	0.0527211
466	0.052749
467	0.0527594
468	0.0527544
469	0.0527731
470	0.052839
471	0.0528786
472	0.052876
473	0.0528791
474	0.0528689
475	0.052871
476	0.0528598
477	0.0528382
478	0.0528338
479	0.0528525
480	0.052808
481	0.0528459
482	0.0528369
483	0.0528141
484	0.0527883
485	0.0528278
486	0.0528308
487	0.0528245
488	0.052817
489	0.0528285
490	0.0527916
491	0.0527785
492	0.0527968
493	0.052835
494	0.052811
495	0.0528462
496	0.0528481
497	0.0528458
498	0.0528378
499	0.0528585
500	0.0528342
501	0.0528401
502	0.0528484
503	0.0528474
504	0.0528457
505	0.0528275
506	0.0528126
507	0.0527984
508	0.052769
509	0.0527807
510	0.0527986
511	0.052766
512	0.0527358
513	0.0527423
514	0.0527344
515	0.0527281
516	0.0527061
517	0.052712
518	0.0527055
519	0.0527177
520	0.0526949
521	0.0526973
522	0.0526668
523	0.0526742
524	0.0526661
525	0.0526678
526	0.0526455
527	0.0526488
528	0.0526632
529	0.0526797
530	0.0527267
531	0.0527501
532	0.0527811
533	0.052788
534	0.0527882
535	0.052752
536	0.0527426
537	0.0527618
538	0.052761
539	0.0527642
540	0.0527519
541	0.0527653
542	0.0527485
543	0.0527429
544	0.0527289
545	0.0527251
546	0.0527088
547	0.0527042
548	0.052703
549	0.0527154
550	0.0527275
551	0.0527186
552	0.0527007
553	0.0527057
554	0.0527139
555	0.0527112
556	0.0527158
557	0.05271
558	0.0527029
559	0.0527086
560	0.0527041
561	0.0527485
562	0.0527548
563	0.0527228
564	0.0527194
565	0.0527246
566	0.0527293
567	0.0527012
568	0.0527108
569	0.0527059
570	0.0527059
571	0.0527142
572	0.052706
573	0.0527254
574	0.0527251
575	0.0527125
576	0.0526878
577	0.0527004
578	0.0526929
579	0.0527199
580	0.0527165
581	0.052724
582	0.0527418
583	0.0527937
584	0.0527694
585	0.0527462
586	0.0527161
587	0.052737
588	0.0527325
589	0.0527685
590	0.0527372
591	0.0527445
592	0.0527315
593	0.0527173
594	0.0526972
595	0.0526789
596	0.0526838
597	0.0526764
598	0.0526553
599	0.0526404
600	0.0526424
601	0.052659
602	0.0526383
603	0.0526296
604	0.0526534
605	0.0526579
606	0.0526524
607	0.0526516
608	0.0526402
609	0.052664
610	0.0526581
611	0.0526581
612	0.0526333
613	0.052635
614	0.0526217
615	0.0525962
616	0.0526407
617	0.0526559
618	0.0526805
619	0.0527081
620	0.052709
621	0.0527111
622	0.0526996
623	0.0526829
624	0.052685
625	0.052683
626	0.0526632
627	0.052642
628	0.0526399
629	0.0526514
630	0.0526467
631	0.052642
632	0.0526184
633	0.0526325
634	0.0526415
635	0.0526439
636	0.0526281
637	0.0526481
638	0.0526332
639	0.05263
640	0.0526277
641	0.0526824
642	0.0526786
643	0.0526657
644	0.0526513
645	0.0526329
646	0.0526504
647	0.0526531
648	0.0526416
649	0.0526339
650	0.0526294
651	0.0526274
652	0.0526294
653	0.0526345
654	0.0526014
655	0.0526045
656	0.0525974
657	0.0525838
658	0.0525637
659	0.0525721
660	0.0525342
661	0.0525292
662	0.0525192
663	0.0525191
664	0.0525042
665	0.0525234
666	0.0525795
667	0.0525935
668	0.0525963
669	0.0525894
670	0.0526025
671	0.0525772
672	0.0525747
673	0.0525905
674	0.0526108
675	0.0525941
676	0.0525878
677	0.0526101
678	0.0526149
679	0.0526099
680	0.0526006
681	0.0525961
682	0.0525928
683	0.0525954
684	0.0525991
685	0.052592
686	0.0525891
687	0.0526155
688	0.0526147
689	0.0526184
690	0.0526142
691	0.0526507
692	0.0526505
693	0.0526261
694	0.052619
695	0.05261
696	0.0525817
697	0.0525665
698	0.0525556
699	0.0525758
700	0.0525839
701	0.0525791
702	0.0525684
703	0.0525661
704	0.0525528
705	0.0525529
706	0.0525435
707	0.0525399
708	0.052556
709	0.0525463
710	0.0525454
711	0.052545
712	0.0525465
713	0.0525707
714	0.0525737
715	0.0525666
716	0.0525627
717	0.052562
718	0.0525638
719	0.0525545
720	0.0525421
721	0.0525206
722	0.0525433
723	0.0525282
724	0.0525173
725	0.0524829
726	0.0525059
727	0.0524841
728	0.0524986
729	0.0525113
730	0.0525039
731	0.0525238
732	0.0525178
733	0.0525011
734	0.0524907
735	0.0524945
736	0.0525128
737	0.0525186
738	0.0525271
739	0.0525188
740	0.0525258
741	0.0525389
742	0.0525262
743	0.0525142
744	0.0525308
745	0.052542
746	0.0525442
747	0.0525509
748	0.0525363
749	0.0525538
750	0.0525535
751	0.0525464
752	0.052538
753	0.052542
754	0.0525736
755	0.0525545
756	0.0525369
757	0.0525335
758	0.0525322
759	0.0525581
760	0.052566
761	0.0525696
762	0.0525812
763	0.0525851
764	0.0525803
765	0.0525643
766	0.0525675
767	0.0525693
768	0.0525618
769	0.0525725
770	0.0525628
771	0.0525562
772	0.0525629
773	0.0525596
774	0.0525434
775	0.052546
776	0.0525371
777	0.0525591
778	0.0525314
779	0.0525288
780	0.0525257
781	0.0525182
782	0.0525653
783	0.0525498
784	0.0525675
785	0.0525755
786	0.0525817
787	0.0525916
788	0.0526
789	0.0526024
790	0.0526141
791	0.0526277
792	0.0526128
793	0.0526192
794	0.052638
795	0.0526375
796	0.0526591
797	0.052653
798	0.0526332
799	0.0526588
800	0.0526393
801	0.0526331
802	0.0526317
803	0.052628
804	0.0526247
805	0.0526112
806	0.052605
807	0.052589
808	0.0525801
809	0.0525737
810	0.0525655
811	0.052565
812	0.0525647
813	0.0525731
814	0.0525505
815	0.0525504
816	0.0525382
817	0.0525662
818	0.0525423
819	0.0525297
820	0.0525324
821	0.0525227
822	0.0525235
823	0.0525248
824	0.0525071
825	0.0525027
826	0.0525094
827	0.0525172
828	0.0525237
829	0.0525232
830	0.0525084
831	0.0525131
832	0.0525138
833	0.0525101
834	0.0525101
835	0.052509
836	0.0525392
837	0.0525503
838	0.0525416
839	0.0525289
840	0.052517
841	0.0525327
842	0.0525283
843	0.0525278
844	0.0525633
845	0.0525746
846	0.0525664
847	0.0525892
848	0.0525791
849	0.0526119
850	0.052644
851	0.0526485
852	0.0526278
853	0.0526366
854	0.0526355
855	0.0526297
856	0.052651
857	0.0526569
858	0.0526297
859	0.0526214
860	0.052622
861	0.0526479
862	0.0526464
863	0.0526379
864	0.0526218
865	0.0526196
866	0.0526044
867	0.0526195
868	0.0526038
869	0.0526085
870	0.0526031
871	0.0526188
872	0.0526095
873	0.0526112
874	0.0526326
875	0.0526402
876	0.0526362
877	0.0526447
878	0.0526448
879	0.0526588
880	0.0526818
881	0.0526879
882	0.0526986
883	0.0527064
884	0.052712
885	0.0527286
886	0.052729
887	0.0527345
888	0.0527349
889	0.052748
890	0.0527471
891	0.0527589
892	0.0527739
893	0.0527702
894	0.0527644
895	0.0527557
896	0.0527688
897	0.0527727
898	0.0527887
899	0.0527859
900	0.0528099
901	0.0528017
902	0.0527865
903	0.0527941
904	0.0527938
905	0.0527853
906	0.0527855
907	0.0527767
908	0.0527776
909	0.0527625
910	0.0527439
911	0.0527534
912	0.052761
913	0.0527633
914	0.052752
915	0.0527513
916	0.052748
917	0.0527551
918	0.0527958
919	0.052807
920	0.0528208
921	0.0528351
922	0.0528293
923	0.0528194
924	0.0528042
925	0.052807
926	0.0528205
927	0.0528266
928	0.0528378
929	0.0528393
930	0.0528233
931	0.0528344
932	0.0528289
933	0.0528167
934	0.0528099
935	0.0528122
936	0.052801
937	0.0528183
938	0.0528272
939	0.0528325
940	0.0528368
941	0.0528459
942	0.0528608
943	0.0528436
944	0.0528489
945	0.0528538
946	0.0528574
947	0.0528489
948	0.0528505
949	0.0528428
950	0.052849
951	0.0528379
952	0.0528389
953	0.0528453
954	0.0528412
955	0.0528213
956	0.0528085
957	0.0528064
958	0.0528112
959	0.0528454
960	0.0528399
961	0.0528393
962	0.0528472
963	0.0528518
964	0.0528569
965	0.0528578
966	0.0528502
967	0.0528397
968	0.0528342
969	0.0528623
970	0.0528531
971	0.0528386
972	0.0528319
973	0.0528272
974	0.0528359
975	0.0528395
976	0.0528343
977	0.0528228
978	0.0528201
979	0.0528188
980	0.0528045
981	0.0528034
982	0.0527852
983	0.0527674
984	0.0527731
985	0.0527707
986	0.0527575
987	0.0527533
988	0.0527994
989	0.0528002
990	0.0528132
991	0.0528022
992	0.0527938
993	0.0527928
994	0.0527886
995	0.0527919
996	0.0527894
997	0.052783
998	0.0527994
999	0.0528042
