0	0.2209
1	0.249899
2	0.27566
3	0.309083
4	0.307337
5	0.322598
6	0.325911
7	0.311274
8	0.32654
9	0.343747
10	0.343294
11	0.347581
12	0.354239
13	0.352593
14	0.355709
15	0.356048
16	0.350642
17	0.35561
18	0.360104
19	0.365083
20	0.363205
21	0.356869
22	0.393512
23	0.392401
24	0.383749
25	0.378439
26	0.374444
27	0.375582
28	0.380002
29	0.377171
30	0.371538
31	0.376345
32	0.372998
33	0.373279
34	0.370815
35	0.371938
36	0.371922
37	0.368807
38	0.366355
39	0.36517
40	0.365001
41	0.365222
42	0.364432
43	0.364131
44	0.368292
45	0.368509
46	0.37124
47	0.373417
48	0.371194
49	0.370197
50	0.370653
51	0.370581
52	0.369614
53	0.36719
54	0.364891
55	0.362054
56	0.364603
57	0.362247
58	0.361933
59	0.361193
60	0.364505
61	0.364375
62	0.363303
63	0.367833
64	0.368015
65	0.367331
66	0.365658
67	0.364198
68	0.365199
69	0.364879
70	0.365529
71	0.363274
72	0.361695
73	0.362467
74	0.362148
75	0.361412
76	0.3606
77	0.361184
78	0.360826
79	0.361837
80	0.361789
81	0.360905
82	0.361575
83	0.361365
84	0.363454
85	0.363046
86	0.363663
87	0.362708
88	0.367022
89	0.366541
90	0.366852
91	0.365725
92	0.365279
93	0.363632
94	0.365669
95	0.364467
96	0.363524
97	0.363427
98	0.364366
99	0.364134
100	0.364759
101	0.365477
102	0.364094
103	0.364234
104	0.363351
105	0.366454
106	0.367864
107	0.367426
108	0.368255
109	0.369447
110	0.370017
111	0.369402
112	0.369019
113	0.368551
114	0.36846
115	0.371123
116	0.372155
117	0.372735
118	0.372237
119	0.374106
120	0.372678
121	0.372243
122	0.371312
123	0.371878
124	0.37201
125	0.371411
126	0.371897
127	0.372128
128	0.372592
129	0.37155
130	0.37147
131	0.372102
132	0.371644
133	0.371086
134	0.371325
135	0.372441
136	0.373973
137	0.374802
138	0.373873
139	0.37382
140	0.375082
141	0.374419
142	0.373698
143	0.374294
144	0.375188
145	0.37575
146	0.375193
147	0.374382
148	0.374213
149	0.373882
150	0.373845
151	0.373272
152	0.372668
153	0.372028
154	0.372779
155	0.372131
156	0.372116
157	0.370978
158	0.370403
159	0.372552
160	0.373832
161	0.372954
162	0.372113
163	0.372364
164	0.372095
165	0.372148
166	0.371772
167	0.371529
168	0.371834
169	0.372242
170	0.37225
171	0.372522
172	0.371803
173	0.372204
174	0.373068
175	0.373469
176	0.373456
177	0.373848
178	0.373296
179	0.373244
180	0.373762
181	0.373495
182	0.374137
183	0.374545
184	0.374239
185	0.374147
186	0.37414
187	0.373669
188	0.374223
189	0.374359
190	0.377233
191	0.376988
192	0.377361
193	0.377597
194	0.378134
195	0.377691
196	0.377206
197	0.377398
198	0.377292
199	0.37652
200	0.376615
201	0.376236
202	0.375483
203	0.375457
204	0.375093
205	0.37487
206	0.374851
207	0.374509
208	0.374684
209	0.374533
210	0.37447
211	0.374608
212	0.37484
213	0.375423
214	0.375529
215	0.375037
216	0.374943
217	0.375158
218	0.376865
219	0.377237
220	0.377739
221	0.37779
222	0.377975
223	0.377538
224	0.376968
225	0.377138
226	0.377009
227	0.376466
228	0.375604
229	0.375918
230	0.375484
231	0.374588
232	0.375691
233	0.376198
234	0.376039
235	0.375715
236	0.376664
237	0.376356
238	0.376795
239	0.377041
240	0.376698
241	0.376151
242	0.375877
243	0.376563
244	0.375984
245	0.376286
246	0.375506
247	0.375198
248	0.375823
249	0.376021
250	0.376583
251	0.377098
252	0.376815
253	0.376606
254	0.376264
255	0.377235
256	0.376787
257	0.376186
258	0.376166
259	0.376083
260	0.37611
261	0.375519
262	0.376408
263	0.376602
264	0.376599
265	0.3762
266	0.376294
267	0.376482
268	0.376233
269	0.37615
270	0.376206
271	0.376333
272	0.37654
273	0.376552
274	0.37762
275	0.377559
276	0.377372
277	0.377113
278	0.377557
279	0.377545
280	0.377152
281	0.377415
282	0.377256
283	0.377253
284	0.377419
285	0.378028
286	0.377902
287	0.378815
288	0.378375
289	0.378259
290	0.378082
291	0.377533
292	0.377951
293	0.377546
294	0.377773
295	0.377758
296	0.377694
297	0.37753
298	0.377669
299	0.377814
300	0.378024
301	0.377742
302	0.377691
303	0.377885
304	0.377662
305	0.377704
306	0.377576
307	0.378109
308	0.378417
309	0.378395
310	0.378702
311	0.378392
312	0.377986
313	0.377948
314	0.377764
315	0.377269
316	0.376973
317	0.377739
318	0.377424
319	0.377568
320	0.377596
321	0.378374
322	0.378632
323	0.378447
324	0.378786
325	0.378413
326	0.378425
327	0.377935
328	0.378146
329	0.377687
330	0.377343
331	0.378193
332	0.378091
333	0.377807
334	0.377347
335	0.377061
336	0.376853
337	0.376612
338	0.376467
339	0.376676
340	0.376393
341	0.376287
342	0.375841
343	0.375691
344	0.376047
345	0.37585
346	0.375522
347	0.375692
348	0.375936
349	0.375648
350	0.375555
351	0.37524
352	0.375472
353	0.375796
354	0.37555
355	0.375937
356	0.375442
357	0.375514
358	0.375347
359	0.37536
360	0.37537
361	0.374752
362	0.374663
363	0.374316
364	0.374833
365	0.374829
366	0.374605
367	0.374352
368	0.374821
369	0.374815
370	0.374926
371	0.374672
372	0.374405
373	0.374474
374	0.37456
375	0.374363
376	0.374004
377	0.374091
378	0.373734
379	0.373649
380	0.373966
381	0.373888
382	0.374011
383	0.373695
384	0.373473
385	0.373304
386	0.373494
387	0.373252
388	0.372914
389	0.37274
390	0.372826
391	0.372747
392	0.372861
393	0.372998
394	0.372691
395	0.373403
396	0.373381
397	0.373327
398	0.373234
399	0.373155
400	0.372851
401	0.372574
402	0.372665
403	0.372696
404	0.372389
405	0.372436
406	0.372122
407	0.372853
408	0.373065
409	0.372869
410	0.372805
411	0.372897
412	0.372767
413	0.373114
414	0.372891
415	0.372771
416	0.373014
417	0.373432
418	0.37342
419	0.373435
420	0.373761
421	0.373882
422	0.373883
423	0.37378
424	0.373768
425	0.37366
426	0.373953
427	0.374709
428	0.374615
429	0.374936
430	0.374914
431	0.374806
432	0.374491
433	0.374355
434	0.37413
435	0.373982
436	0.373972
437	0.374005
438	0.374386
439	0.374397
440	0.374807
441	0.374698
442	0.37455
443	0.374547
444	0.374259
445	0.374334
446	0.374673
447	0.374685
448	0.374802
449	0.374765
450	0.374626
451	0.374515
452	0.374721
453	0.37447
454	0.374683
455	0.374713
456	0.374536
457	0.37458
458	0.374517
459	0.374251
460	0.37422
461	0.373939
462	0.373783
463	0.373782
464	0.373656
465	0.373398
466	0.373707
467	0.373586
468	0.373678
469	0.37418
470	0.373906
471	0.373615
472	0.373454
473	0.372963
474	0.372934
475	0.37307
476	0.372947
477	0.372864
478	0.372652
479	0.37258
480	0.372581
481	0.372136
482	0.372149
483	0.372309
484	0.372216
485	0.37224
486	0.372103
487	0.372004
488	0.372049
489	0.371975
490	0.371869
491	0.371738
492	0.371669
493	0.371416
494	0.371346
495	0.371237
496	0.371319
497	0.371332
498	0.371523
499	0.371455
500	0.37119
501	0.371012
502	0.370843
503	0.370644
504	0.370647
505	0.370695
506	0.370285
507	0.370464
508	0.370156
509	0.370252
510	0.370501
511	0.370235
512	0.370088
513	0.36995
514	0.369822
515	0.369585
516	0.369755
517	0.369707
518	0.36933
519	0.369601
520	0.369389
521	0.369425
522	0.36932
523	0.369193
524	0.369147
525	0.368844
526	0.368572
527	0.368928
528	0.369109
529	0.369205
530	0.369533
531	0.369699
532	0.369556
533	0.369311
534	0.369173
535	0.369195
536	0.36907
537	0.369138
538	0.368983
539	0.368878
540	0.368618
541	0.368799
542	0.368798
543	0.368501
544	0.368464
545	0.368514
546	0.368409
547	0.368403
548	0.368405
549	0.368579
550	0.368784
551	0.368863
552	0.368611
553	0.3683
554	0.368301
555	0.36822
556	0.367994
557	0.367779
558	0.367864
559	0.367964
560	0.367929
561	0.368063
562	0.368473
563	0.368284
564	0.368037
565	0.368075
566	0.368531
567	0.36851
568	0.368518
569	0.368515
570	0.368627
571	0.36882
572	0.368911
573	0.368863
574	0.368603
575	0.368538
576	0.36852
577	0.368414
578	0.36843
579	0.368238
580	0.368243
581	0.3683
582	0.36803
583	0.367898
584	0.367663
585	0.36764
586	0.367791
587	0.367619
588	0.367642
589	0.367551
590	0.367878
591	0.367551
592	0.367467
593	0.367332
594	0.367254
595	0.36755
596	0.367455
597	0.367187
598	0.367171
599	0.367001
600	0.367036
601	0.367175
602	0.3675
603	0.367281
604	0.367139
605	0.366973
606	0.367322
607	0.367317
608	0.367325
609	0.36733
610	0.367301
611	0.367349
612	0.367052
613	0.367086
614	0.366951
615	0.367291
616	0.367149
617	0.367406
618	0.367451
619	0.367446
620	0.367768
621	0.367723
622	0.367859
623	0.367703
624	0.367466
625	0.367594
626	0.367655
627	0.367312
628	0.36743
629	0.367432
630	0.367536
631	0.367912
632	0.367885
633	0.367744
634	0.368065
635	0.368139
636	0.368273
637	0.368405
638	0.368718
639	0.368792
640	0.368975
641	0.368829
642	0.368731
643	0.36862
644	0.36849
645	0.368686
646	0.368738
647	0.368532
648	0.368548
649	0.368635
650	0.369098
651	0.369304
652	0.369361
653	0.369428
654	0.369298
655	0.36923
656	0.369306
657	0.369209
658	0.369089
659	0.368875
660	0.368865
661	0.368762
662	0.36903
663	0.36876
664	0.368583
665	0.368593
666	0.368789
667	0.36872
668	0.36861
669	0.368734
670	0.368892
671	0.368796
672	0.368879
673	0.368852
674	0.368784
675	0.368972
676	0.369175
677	0.369292
678	0.369176
679	0.369223
680	0.369252
681	0.369403
682	0.369224
683	0.369139
684	0.369019
685	0.369374
686	0.369518
687	0.369315
688	0.369224
689	0.369228
690	0.369129
691	0.369364
692	0.36961
693	0.369591
694	0.369522
695	0.369408
696	0.369662
697	0.370237
698	0.37015
699	0.370081
700	0.370234
701	0.370135
702	0.370068
703	0.370269
704	0.370297
705	0.370439
706	0.370236
707	0.370185
708	0.37041
709	0.37033
710	0.370292
711	0.370271
712	0.370158
713	0.370039
714	0.3702
715	0.370079
716	0.370094
717	0.369911
718	0.370349
719	0.370256
720	0.370577
721	0.370392
722	0.37033
723	0.370276
724	0.370002
725	0.369835
726	0.369704
727	0.370062
728	0.370079
729	0.369829
730	0.369606
731	0.369523
732	0.369519
733	0.36954
734	0.369705
735	0.369457
736	0.369431
737	0.369273
738	0.369169
739	0.369143
740	0.369125
741	0.369241
742	0.369159
743	0.369384
744	0.369347
745	0.369577
746	0.369488
747	0.369356
748	0.369338
749	0.36929
750	0.369539
751	0.369666
752	0.370056
753	0.370019
754	0.370241
755	0.370563
756	0.370499
757	0.370794
758	0.370801
759	0.371015
760	0.371052
761	0.371137
762	0.371236
763	0.371474
764	0.371412
765	0.371382
766	0.371537
767	0.37146
768	0.371309
769	0.371225
770	0.371211
771	0.37134
772	0.37136
773	0.371271
774	0.371186
775	0.371106
776	0.371233
777	0.371265
778	0.371398
779	0.371607
780	0.37173
781	0.372039
782	0.371963
783	0.371808
784	0.371915
785	0.372245
786	0.37219
787	0.371967
788	0.371849
789	0.371841
790	0.371857
791	0.372063
792	0.372126
793	0.372105
794	0.372298
795	0.372222
796	0.372457
797	0.372251
798	0.371983
799	0.371903
800	0.371877
801	0.372033
802	0.371762
803	0.371731
804	0.371683
805	0.371704
806	0.371601
807	0.371573
808	0.371659
809	0.371653
810	0.371822
811	0.37183
812	0.371905
813	0.3717
814	0.371607
815	0.371843
816	0.371722
817	0.371772
818	0.371897
819	0.37181
820	0.371686
821	0.371532
822	0.37137
823	0.371365
824	0.371422
825	0.371459
826	0.37136
827	0.371184
828	0.370962
829	0.370753
830	0.370622
831	0.370516
832	0.370406
833	0.370351
834	0.370729
835	0.370626
836	0.370627
837	0.370391
838	0.370301
839	0.37031
840	0.370324
841	0.370259
842	0.370208
843	0.37003
844	0.370059
845	0.370095
846	0.370044
847	0.36994
848	0.369911
849	0.369847
850	0.370176
851	0.37052
852	0.370549
853	0.370469
854	0.37046
855	0.37035
856	0.370171
857	0.370066
858	0.370185
859	0.370163
860	0.370088
861	0.370338
862	0.370247
863	0.370037
864	0.369969
865	0.370019
866	0.369824
867	0.369717
868	0.369802
869	0.369856
870	0.369765
871	0.36979
872	0.369923
873	0.369972
874	0.370023
875	0.36996
876	0.369804
877	0.370087
878	0.369946
879	0.369915
880	0.369801
881	0.369951
882	0.370049
883	0.370159
884	0.370105
885	0.370295
886	0.370174
887	0.370015
888	0.369962
889	0.369827
890	0.369953
891	0.369803
892	0.369814
893	0.369916
894	0.369936
895	0.369903
896	0.369758
897	0.369576
898	0.369775
899	0.369801
900	0.369842
901	0.369695
902	0.369784
903	0.369601
904	0.36959
905	0.36939
906	0.369243
907	0.369282
908	0.369469
909	0.369618
910	0.36953
911	0.369297
912	0.369405
913	0.369449
914	0.36943
915	0.369433
916	0.369295
917	0.369279
918	0.369307
919	0.369221
920	0.369014
921	0.368896
922	0.368737
923	0.368671
924	0.368549
925	0.3685
926	0.368342
927	0.368235
928	0.368246
929	0.368136
930	0.368013
931	0.367959
932	0.368317
933	0.368104
934	0.368163
935	0.368148
936	0.368148
937	0.368017
938	0.367932
939	0.367856
940	0.367763
941	0.367884
942	0.367836
943	0.367701
944	0.36764
945	0.367848
946	0.367985
947	0.368025
948	0.368027
949	0.367941
950	0.368342
951	0.36828
952	0.368153
953	0.368216
954	0.368262
955	0.368163
956	0.368037
957	0.368112
958	0.368219
959	0.368249
960	0.368195
961	0.36816
962	0.368243
963	0.368157
964	0.368253
965	0.36815
966	0.368204
967	0.36823
968	0.368244
969	0.368264
970	0.368217
971	0.368323
972	0.368329
973	0.368497
974	0.368657
975	0.368704
976	0.368715
977	0.36881
978	0.368971
979	0.36888
980	0.368805
981	0.368694
982	0.368832
983	0.368961
984	0.368954
985	0.368877
986	0.368869
987	0.36882
988	0.368924
989	0.3693
990	0.369219
991	0.369223
992	0.369099
993	0.369034
994	0.36945
995	0.369639
996	0.36959
997	0.36951
998	0.369783
999	0.36968
