0	0.515321
1	0.563305
2	0.610205
3	0.674987
4	0.674895
5	0.710651
6	0.7158
7	0.692573
8	0.725691
9	0.754492
10	0.75012
11	0.756883
12	0.773849
13	0.766943
14	0.772435
15	0.774747
16	0.76238
17	0.772053
18	0.783855
19	0.798117
20	0.792865
21	0.781383
22	0.859289
23	0.858015
24	0.843408
25	0.833496
26	0.827174
27	0.8284
28	0.837277
29	0.832435
30	0.821416
31	0.832041
32	0.828124
33	0.832162
34	0.827291
35	0.830859
36	0.830477
37	0.824889
38	0.820275
39	0.816437
40	0.816057
41	0.816247
42	0.813935
43	0.812752
44	0.821134
45	0.8206
46	0.826637
47	0.831338
48	0.826507
49	0.823446
50	0.823369
51	0.822493
52	0.821289
53	0.816739
54	0.813625
55	0.807414
56	0.813352
57	0.809675
58	0.80978
59	0.808805
60	0.81644
61	0.816578
62	0.815405
63	0.824961
64	0.825123
65	0.823907
66	0.818955
67	0.8157
68	0.818098
69	0.816806
70	0.817307
71	0.813663
72	0.810791
73	0.811763
74	0.811445
75	0.809947
76	0.808445
77	0.809416
78	0.808051
79	0.810441
80	0.811023
81	0.809193
82	0.81094
83	0.809593
84	0.814106
85	0.813545
86	0.814382
87	0.812177
88	0.821469
89	0.820543
90	0.820717
91	0.818707
92	0.8174
93	0.813383
94	0.817893
95	0.815284
96	0.813046
97	0.81201
98	0.813777
99	0.813319
100	0.81477
101	0.816279
102	0.813542
103	0.813542
104	0.811835
105	0.818453
106	0.82145
107	0.820358
108	0.821303
109	0.824018
110	0.825069
111	0.82327
112	0.822318
113	0.820962
114	0.820434
115	0.825829
116	0.826945
117	0.827921
118	0.827398
119	0.831085
120	0.827839
121	0.826851
122	0.824973
123	0.825822
124	0.825853
125	0.824488
126	0.825331
127	0.825853
128	0.826229
129	0.824454
130	0.82424
131	0.825188
132	0.824019
133	0.82326
134	0.82399
135	0.826371
136	0.829484
137	0.831212
138	0.829787
139	0.829654
140	0.83224
141	0.830744
142	0.829095
143	0.830444
144	0.832464
145	0.833571
146	0.832276
147	0.83048
148	0.829717
149	0.828753
150	0.828863
151	0.827494
152	0.826368
153	0.82521
154	0.826446
155	0.825194
156	0.825181
157	0.823138
158	0.821834
159	0.826568
160	0.829315
161	0.82746
162	0.826093
163	0.826439
164	0.825769
165	0.825833
166	0.825237
167	0.824991
168	0.825959
169	0.826681
170	0.82643
171	0.826981
172	0.825394
173	0.826335
174	0.828482
175	0.829364
176	0.828929
177	0.829676
178	0.828507
179	0.828202
180	0.829087
181	0.828623
182	0.829893
183	0.830586
184	0.829961
185	0.829513
186	0.829604
187	0.829021
188	0.829839
189	0.830159
190	0.836384
191	0.83574
192	0.836173
193	0.83641
194	0.837591
195	0.836943
196	0.835831
197	0.836061
198	0.835779
199	0.834135
200	0.834462
201	0.833572
202	0.832114
203	0.832125
204	0.831307
205	0.830886
206	0.830994
207	0.830636
208	0.830695
209	0.830159
210	0.830211
211	0.830304
212	0.831071
213	0.832373
214	0.83259
215	0.831539
216	0.831284
217	0.831387
218	0.834723
219	0.835442
220	0.836446
221	0.836735
222	0.83689
223	0.835587
224	0.834236
225	0.834567
226	0.833982
227	0.832754
228	0.831403
229	0.831914
230	0.830827
231	0.829219
232	0.831548
233	0.832706
234	0.832347
235	0.831681
236	0.833758
237	0.83293
238	0.833495
239	0.833808
240	0.832958
241	0.832002
242	0.831459
243	0.832827
244	0.831663
245	0.832351
246	0.830874
247	0.830412
248	0.831603
249	0.832259
250	0.833795
251	0.834786
252	0.834305
253	0.833803
254	0.833284
255	0.835271
256	0.834374
257	0.83318
258	0.832974
259	0.832807
260	0.832839
261	0.8316
262	0.833278
263	0.83351
264	0.833392
265	0.832613
266	0.832836
267	0.83311
268	0.832505
269	0.832566
270	0.832649
271	0.832849
272	0.833323
273	0.833281
274	0.83547
275	0.835194
276	0.834916
277	0.834565
278	0.835605
279	0.835528
280	0.834753
281	0.835202
282	0.834691
283	0.834379
284	0.834785
285	0.836225
286	0.836028
287	0.83799
288	0.836895
289	0.836825
290	0.836593
291	0.835857
292	0.836625
293	0.835698
294	0.836092
295	0.835984
296	0.836159
297	0.835723
298	0.836046
299	0.836297
300	0.836764
301	0.836202
302	0.836177
303	0.836274
304	0.835792
305	0.835799
306	0.835698
307	0.836743
308	0.837313
309	0.837378
310	0.838068
311	0.837614
312	0.836829
313	0.836786
314	0.836422
315	0.835683
316	0.8352
317	0.836837
318	0.836216
319	0.83654
320	0.836734
321	0.838408
322	0.839022
323	0.838599
324	0.839184
325	0.838419
326	0.838192
327	0.837261
328	0.837672
329	0.837027
330	0.836221
331	0.83808
332	0.837674
333	0.837038
334	0.836167
335	0.835665
336	0.835425
337	0.835048
338	0.834806
339	0.83513
340	0.834585
341	0.834299
342	0.833395
343	0.833133
344	0.833847
345	0.833193
346	0.83235
347	0.832621
348	0.832963
349	0.832625
350	0.832393
351	0.831853
352	0.832222
353	0.832891
354	0.832375
355	0.833176
356	0.832229
357	0.832174
358	0.831703
359	0.831805
360	0.831775
361	0.830531
362	0.830384
363	0.829518
364	0.830647
365	0.830887
366	0.830515
367	0.83006
368	0.831211
369	0.831044
370	0.831169
371	0.830631
372	0.830131
373	0.830296
374	0.83055
375	0.830176
376	0.829398
377	0.829413
378	0.828746
379	0.828602
380	0.829138
381	0.828922
382	0.829051
383	0.828539
384	0.827923
385	0.827619
386	0.828041
387	0.82753
388	0.826909
389	0.826529
390	0.826788
391	0.826691
392	0.826929
393	0.827079
394	0.826467
395	0.827987
396	0.828034
397	0.828005
398	0.827924
399	0.827782
400	0.827216
401	0.826659
402	0.826914
403	0.827027
404	0.826337
405	0.826442
406	0.825796
407	0.827392
408	0.827789
409	0.82742
410	0.827259
411	0.827252
412	0.827142
413	0.827875
414	0.827275
415	0.826939
416	0.827391
417	0.828266
418	0.828329
419	0.828352
420	0.82903
421	0.829185
422	0.829201
423	0.828902
424	0.828857
425	0.828773
426	0.829375
427	0.831111
428	0.830778
429	0.831305
430	0.831176
431	0.830973
432	0.830569
433	0.83039
434	0.829844
435	0.829569
436	0.829648
437	0.829579
438	0.830248
439	0.83028
440	0.831248
441	0.830921
442	0.830557
443	0.830535
444	0.829959
445	0.830006
446	0.830618
447	0.830783
448	0.830981
449	0.830891
450	0.830635
451	0.830312
452	0.830579
453	0.830066
454	0.830246
455	0.830335
456	0.829925
457	0.829934
458	0.829864
459	0.829245
460	0.829313
461	0.828689
462	0.8283
463	0.828273
464	0.828116
465	0.827581
466	0.828219
467	0.827919
468	0.828141
469	0.829246
470	0.828731
471	0.828043
472	0.827623
473	0.826636
474	0.826565
475	0.826691
476	0.826367
477	0.826224
478	0.825746
479	0.825612
480	0.825559
481	0.824747
482	0.82474
483	0.825025
484	0.824909
485	0.824962
486	0.824775
487	0.824514
488	0.824638
489	0.82452
490	0.824382
491	0.824096
492	0.823898
493	0.823424
494	0.823239
495	0.822987
496	0.823359
497	0.823343
498	0.823728
499	0.823592
500	0.823192
501	0.822956
502	0.822568
503	0.822096
504	0.822022
505	0.822125
506	0.821527
507	0.821837
508	0.821313
509	0.821423
510	0.821936
511	0.821463
512	0.82124
513	0.820936
514	0.820757
515	0.820306
516	0.820612
517	0.820538
518	0.819879
519	0.820548
520	0.820237
521	0.820381
522	0.820264
523	0.819975
524	0.820016
525	0.819425
526	0.818839
527	0.819561
528	0.819893
529	0.820022
530	0.820753
531	0.821094
532	0.820722
533	0.820228
534	0.819887
535	0.819924
536	0.819699
537	0.819711
538	0.819303
539	0.819065
540	0.818534
541	0.818982
542	0.818975
543	0.818404
544	0.818397
545	0.818505
546	0.818254
547	0.818331
548	0.818302
549	0.818565
550	0.81899
551	0.819052
552	0.818555
553	0.817999
554	0.81788
555	0.817843
556	0.81735
557	0.816993
558	0.817102
559	0.81743
560	0.817441
561	0.817695
562	0.818492
563	0.818197
564	0.817751
565	0.817711
566	0.81866
567	0.818555
568	0.818645
569	0.818651
570	0.818691
571	0.819107
572	0.819339
573	0.819289
574	0.818718
575	0.818586
576	0.81858
577	0.818332
578	0.8184
579	0.818025
580	0.818005
581	0.818202
582	0.817673
583	0.817485
584	0.816954
585	0.816867
586	0.817197
587	0.81684
588	0.816922
589	0.816759
590	0.817404
591	0.81684
592	0.81661
593	0.81634
594	0.816322
595	0.81681
596	0.816723
597	0.816337
598	0.816332
599	0.816081
600	0.816222
601	0.816473
602	0.81708
603	0.816526
604	0.816164
605	0.815864
606	0.816505
607	0.816493
608	0.816482
609	0.816463
610	0.816329
611	0.816298
612	0.815741
613	0.815771
614	0.815542
615	0.81625
616	0.81598
617	0.816493
618	0.81656
619	0.816525
620	0.817098
621	0.816996
622	0.817239
623	0.816907
624	0.816428
625	0.816617
626	0.816732
627	0.816084
628	0.816324
629	0.816326
630	0.816579
631	0.8174
632	0.817332
633	0.816957
634	0.817595
635	0.817794
636	0.818128
637	0.818298
638	0.81894
639	0.818948
640	0.819311
641	0.819054
642	0.818773
643	0.818615
644	0.818409
645	0.818852
646	0.818962
647	0.818556
648	0.818595
649	0.818822
650	0.819733
651	0.82015
652	0.820179
653	0.82041
654	0.820076
655	0.819955
656	0.820122
657	0.819957
658	0.819759
659	0.819426
660	0.819464
661	0.819184
662	0.819592
663	0.819087
664	0.81869
665	0.818726
666	0.819227
667	0.819095
668	0.818889
669	0.81912
670	0.819443
671	0.81913
672	0.819386
673	0.81927
674	0.819079
675	0.819428
676	0.819874
677	0.820052
678	0.819924
679	0.820085
680	0.820139
681	0.820589
682	0.820241
683	0.820044
684	0.819781
685	0.820695
686	0.82097
687	0.820584
688	0.820398
689	0.820389
690	0.820153
691	0.820641
692	0.821196
693	0.821174
694	0.821127
695	0.820959
696	0.821553
697	0.822734
698	0.822626
699	0.822486
700	0.822752
701	0.822427
702	0.822312
703	0.822721
704	0.82277
705	0.823136
706	0.822769
707	0.822723
708	0.823146
709	0.823042
710	0.822979
711	0.822939
712	0.822778
713	0.822523
714	0.822911
715	0.822606
716	0.822542
717	0.822202
718	0.823141
719	0.822977
720	0.823699
721	0.823282
722	0.823187
723	0.823166
724	0.822627
725	0.82233
726	0.82214
727	0.822955
728	0.823015
729	0.822569
730	0.822128
731	0.821959
732	0.821937
733	0.821869
734	0.82216
735	0.821636
736	0.821622
737	0.821374
738	0.821224
739	0.821275
740	0.821189
741	0.821517
742	0.821375
743	0.821771
744	0.821731
745	0.822212
746	0.821982
747	0.821657
748	0.821571
749	0.821407
750	0.821971
751	0.822232
752	0.823043
753	0.82297
754	0.823392
755	0.824047
756	0.823921
757	0.824424
758	0.824379
759	0.82475
760	0.824862
761	0.825041
762	0.825307
763	0.825722
764	0.825554
765	0.825379
766	0.825671
767	0.825472
768	0.825111
769	0.82497
770	0.82489
771	0.825099
772	0.825125
773	0.824843
774	0.824679
775	0.824495
776	0.824738
777	0.82479
778	0.825105
779	0.825436
780	0.825616
781	0.826179
782	0.825963
783	0.825695
784	0.825866
785	0.826578
786	0.826412
787	0.826006
788	0.825681
789	0.825707
790	0.825737
791	0.826172
792	0.826272
793	0.826145
794	0.826557
795	0.826433
796	0.826938
797	0.826529
798	0.826037
799	0.825847
800	0.825796
801	0.826376
802	0.825907
803	0.825868
804	0.825764
805	0.825831
806	0.825646
807	0.825593
808	0.825722
809	0.82567
810	0.825913
811	0.825877
812	0.825997
813	0.825612
814	0.825415
815	0.825819
816	0.825527
817	0.825563
818	0.825866
819	0.825711
820	0.825398
821	0.8251
822	0.82477
823	0.824762
824	0.824892
825	0.824929
826	0.824777
827	0.824459
828	0.824017
829	0.823658
830	0.823392
831	0.823058
832	0.822766
833	0.822596
834	0.823461
835	0.823187
836	0.823182
837	0.8227
838	0.822449
839	0.822459
840	0.822426
841	0.822299
842	0.822218
843	0.821812
844	0.821881
845	0.821994
846	0.821859
847	0.821667
848	0.821642
849	0.82157
850	0.822218
851	0.822956
852	0.823021
853	0.822866
854	0.822862
855	0.822649
856	0.82233
857	0.822143
858	0.82236
859	0.822322
860	0.822145
861	0.822772
862	0.82264
863	0.822224
864	0.822055
865	0.822237
866	0.821824
867	0.821617
868	0.821807
869	0.821884
870	0.821647
871	0.821647
872	0.821905
873	0.822085
874	0.822214
875	0.822098
876	0.821796
877	0.82241
878	0.822195
879	0.822243
880	0.821998
881	0.822346
882	0.822579
883	0.822732
884	0.822683
885	0.823145
886	0.82289
887	0.822604
888	0.822447
889	0.822146
890	0.822455
891	0.822092
892	0.822055
893	0.822274
894	0.822327
895	0.822218
896	0.821929
897	0.82152
898	0.821806
899	0.821835
900	0.821925
901	0.821605
902	0.82178
903	0.821421
904	0.821382
905	0.821049
906	0.82076
907	0.820835
908	0.821136
909	0.821443
910	0.821244
911	0.820831
912	0.82103
913	0.821078
914	0.82101
915	0.821005
916	0.820757
917	0.820763
918	0.82087
919	0.820727
920	0.820368
921	0.820166
922	0.819855
923	0.819713
924	0.819446
925	0.819277
926	0.819012
927	0.818679
928	0.818683
929	0.818519
930	0.818327
931	0.818247
932	0.81904
933	0.81865
934	0.818785
935	0.81879
936	0.818787
937	0.818515
938	0.818386
939	0.818285
940	0.81813
941	0.818343
942	0.818364
943	0.818117
944	0.818052
945	0.818514
946	0.818797
947	0.818897
948	0.818856
949	0.818683
950	0.819543
951	0.819412
952	0.819184
953	0.819273
954	0.819347
955	0.81913
956	0.818867
957	0.818985
958	0.819205
959	0.819251
960	0.819118
961	0.819018
962	0.81916
963	0.819033
964	0.8192
965	0.818987
966	0.819125
967	0.819145
968	0.819251
969	0.819324
970	0.819236
971	0.819381
972	0.81943
973	0.819796
974	0.820037
975	0.820095
976	0.820085
977	0.820265
978	0.820571
979	0.820358
980	0.820219
981	0.820012
982	0.820347
983	0.820678
984	0.820641
985	0.8205
986	0.82053
987	0.820526
988	0.820731
989	0.821502
990	0.82139
991	0.821379
992	0.821125
993	0.820961
994	0.821871
995	0.822236
996	0.822178
997	0.822002
998	0.822533
999	0.822355
