0	1.79813
1	1.64262
2	2.01868
3	1.84395
4	2.47449
5	2.28015
6	2.25389
7	2.20233
8	2.07413
9	2.50933
10	2.41494
11	2.40451
12	2.44942
13	2.47873
14	2.39258
15	2.32155
16	2.48554
17	2.49444
18	2.44863
19	2.37843
20	2.484
21	2.54761
22	2.54504
23	2.52514
24	2.49609
25	2.47153
26	2.4382
27	2.40264
28	2.42795
29	2.39732
30	2.38269
31	2.35484
32	2.35422
33	2.32444
34	2.31397
35	2.30037
36	2.30092
37	2.28914
38	2.32281
39	2.30365
40	2.36527
41	2.33322
42	2.31052
43	2.34081
44	2.32313
45	2.34517
46	2.35166
47	2.33558
48	2.32065
49	2.30131
50	2.27967
51	2.27051
52	2.28884
53	2.31303
54	2.28936
55	2.28876
56	2.28973
57	2.28911
58	2.28944
59	2.26795
60	2.2956
61	2.29769
62	2.32316
63	2.31321
64	2.30381
65	2.29576
66	2.29012
67	2.2765
68	2.26675
69	2.25579
70	2.24184
71	2.24151
72	2.22208
73	2.21568
74	2.20398
75	2.20609
76	2.19721
77	2.1875
78	2.17268
79	2.16132
80	2.15969
81	2.14834
82	2.1593
83	2.15154
84	2.14909
85	2.14764
86	2.13632
87	2.12567
88	2.11657
89	2.10315
90	2.1206
91	2.11563
92	2.11251
93	2.11293
94	2.10202
95	2.08759
96	2.08033
97	2.06901
98	2.08069
99	2.08695
100	2.08756
101	2.09189
102	2.08166
103	2.07287
104	2.0723
105	2.0682
106	2.07556
107	2.08038
108	2.08192
109	2.0802
110	2.08402
111	2.08052
112	2.09269
113	2.08598
114	2.07641
115	2.06909
116	2.06393
117	2.06972
118	2.07648
119	2.0827
120	2.07866
121	2.0949
122	2.11502
123	2.12099
124	2.1189
125	2.11093
126	2.10545
127	2.09983
128	2.08946
129	2.0824
130	2.08412
131	2.07606
132	2.0774
133	2.07419
134	2.06977
135	2.06881
136	2.07049
137	2.06926
138	2.06154
139	2.05794
140	2.05547
141	2.05691
142	2.05218
143	2.05573
144	2.05244
145	2.06598
146	2.06602
147	2.06939
148	2.07648
149	2.07371
150	2.06698
151	2.0642
152	2.06034
153	2.05409
154	2.04869
155	2.04857
156	2.04124
157	2.04405
158	2.0447
159	2.04727
160	2.05686
161	2.0513
162	2.05122
163	2.04957
164	2.04592
165	2.04873
166	2.06996
167	2.07048
168	2.06615
169	2.06222
170	2.07592
171	2.07876
172	2.07569
173	2.06885
174	2.06718
175	2.1052
176	2.11311
177	2.12159
178	2.11574
179	2.12032
180	2.12019
181	2.12701
182	2.12302
183	2.11664
184	2.12335
185	2.12118
186	2.11424
187	2.12064
188	2.1164
189	2.15587
190	2.15438
191	2.15581
192	2.15223
193	2.19532
194	2.19842
195	2.19326
196	2.18833
197	2.18618
198	2.18963
199	2.18789
200	2.18586
201	2.18283
202	2.17577
203	2.19493
204	2.18882
205	2.18365
206	2.18075
207	2.17585
208	2.17951
209	2.18108
210	2.17924
211	2.19332
212	2.18939
213	2.19774
214	2.20593
215	2.20296
216	2.20662
217	2.20304
218	2.20432
219	2.20258
220	2.20052
221	2.19617
222	2.19461
223	2.21587
224	2.2129
225	2.21082
226	2.21421
227	2.22062
228	2.22038
229	2.21608
230	2.21323
231	2.21031
232	2.22155
233	2.22469
234	2.22478
235	2.22036
236	2.22092
237	2.22012
238	2.21595
239	2.21026
240	2.20733
241	2.2059
242	2.21233
243	2.21166
244	2.21153
245	2.2204
246	2.21541
247	2.21078
248	2.20886
249	2.20719
250	2.20546
251	2.20046
252	2.2039
253	2.2565
254	2.25279
255	2.25392
256	2.26839
257	2.26671
258	2.26141
259	2.26575
260	2.26873
261	2.2723
262	2.26841
263	2.26449
264	2.25913
265	2.26032
266	2.25903
267	2.25922
268	2.25713
269	2.25757
270	2.25202
271	2.2501
272	2.24753
273	2.24411
274	2.24077
275	2.2375
276	2.23611
277	2.23304
278	2.22949
279	2.22937
280	2.225
281	2.24345
282	2.24072
283	2.2362
284	2.23486
285	2.23358
286	2.24133
287	2.24422
288	2.24131
289	2.24311
290	2.24121
291	2.23757
292	2.23876
293	2.23849
294	2.23828
295	2.23796
296	2.23797
297	2.23699
298	2.24034
299	2.23931
300	2.23671
301	2.23478
302	2.23127
303	2.23128
304	2.23513
305	2.23173
306	2.22803
307	2.22877
308	2.22904
309	2.22558
310	2.22282
311	2.22656
312	2.22295
313	2.22382
314	2.2205
315	2.2192
316	2.2188
317	2.21648
318	2.21677
319	2.21528
320	2.21917
321	2.21505
322	2.21209
323	2.20829
324	2.20558
325	2.20403
326	2.20141
327	2.1979
328	2.19631
329	2.2049
330	2.21022
331	2.20659
332	2.20814
333	2.21082
334	2.20873
335	2.20927
336	2.21142
337	2.20962
338	2.2162
339	2.21423
340	2.2148
341	2.21375
342	2.21233
343	2.21
344	2.20686
345	2.20647
346	2.20496
347	2.20144
348	2.19913
349	2.19591
350	2.20274
351	2.19959
352	2.19594
353	2.19568
354	2.19318
355	2.19596
356	2.19289
357	2.18982
358	2.18743
359	2.18565
360	2.18592
361	2.18678
362	2.18353
363	2.18777
364	2.18768
365	2.18917
366	2.1931
367	2.19187
368	2.19159
369	2.18981
370	2.1886
371	2.18786
372	2.18516
373	2.18289
374	2.18918
375	2.18693
376	2.18511
377	2.18288
378	2.18136
379	2.18222
380	2.18262
381	2.19069
382	2.19224
383	2.19007
384	2.19
385	2.18981
386	2.19111
387	2.18813
388	2.18753
389	2.19127
390	2.19129
391	2.19642
392	2.19311
393	2.19073
394	2.19045
395	2.18962
396	2.19202
397	2.20868
398	2.21751
399	2.21589
400	2.21417
401	2.21238
402	2.24763
403	2.2468
404	2.24908
405	2.24683
406	2.24598
407	2.24627
408	2.25662
409	2.25823
410	2.2586
411	2.25882
412	2.26131
413	2.26149
414	2.2593
415	2.25775
416	2.2557
417	2.2622
418	2.26062
419	2.26127
420	2.26019
421	2.25751
422	2.25508
423	2.25899
424	2.25655
425	2.25817
426	2.25851
427	2.25845
428	2.25587
429	2.25314
430	2.2515
431	2.25148
432	2.24891
433	2.24752
434	2.24783
435	2.24719
436	2.24399
437	2.24355
438	2.24143
439	2.24091
440	2.23886
441	2.24005
442	2.2466
443	2.24528
444	2.2428
445	2.24137
446	2.24222
447	2.24017
448	2.2369
449	2.23589
450	2.23294
451	2.234
452	2.23128
453	2.22878
454	2.22834
455	2.22827
456	2.22555
457	2.22939
458	2.23515
459	2.23287
460	2.23226
461	2.23264
462	2.22992
463	2.22773
464	2.22679
465	2.22666
466	2.22588
467	2.22679
468	2.22407
469	2.22359
470	2.22095
471	2.21951
472	2.21862
473	2.21717
474	2.21418
475	2.21143
476	2.21246
477	2.21091
478	2.20979
479	2.2106
480	2.21135
481	2.21019
482	2.20844
483	2.20674
484	2.20524
485	2.20517
486	2.20836
487	2.21036
488	2.21373
489	2.2122
490	2.20936
491	2.20902
492	2.20824
493	2.20831
494	2.20641
495	2.20564
496	2.20749
497	2.20607
498	2.20426
499	2.20276
500	2.2011
501	2.20381
502	2.2062
503	2.20506
504	2.20379
505	2.20159
506	2.19984
507	2.19919
508	2.19756
509	2.19518
510	2.19565
511	2.19677
512	2.19489
513	2.19471
514	2.19608
515	2.19569
516	2.19413
517	2.19308
518	2.19277
519	2.19215
520	2.19033
521	2.19414
522	2.19424
523	2.19283
524	2.19276
525	2.19179
526	2.18981
527	2.18793
528	2.19277
529	2.1917
530	2.19008
531	2.18809
532	2.18826
533	2.18771
534	2.18702
535	2.18837
536	2.18695
537	2.18764
538	2.18762
539	2.18762
540	2.18881
541	2.1868
542	2.18658
543	2.18636
544	2.18897
545	2.18685
546	2.1851
547	2.18451
548	2.18552
549	2.18384
550	2.1821
551	2.1807
552	2.192
553	2.19322
554	2.19645
555	2.19473
556	2.19399
557	2.19163
558	2.19138
559	2.19234
560	2.18983
561	2.18828
562	2.19082
563	2.18936
564	2.18877
565	2.18748
566	2.19425
567	2.1937
568	2.19236
569	2.19203
570	2.19041
571	2.19016
572	2.19045
573	2.19259
574	2.19295
575	2.19317
576	2.19185
577	2.19137
578	2.19815
579	2.19704
580	2.19852
581	2.19832
582	2.19674
583	2.19552
584	2.1969
585	2.19831
586	2.19663
587	2.19535
588	2.19386
589	2.21138
590	2.20975
591	2.21386
592	2.21341
593	2.21275
594	2.21127
595	2.21598
596	2.2162
597	2.21716
598	2.21563
599	2.21508
600	2.21838
601	2.21785
602	2.21838
603	2.21719
604	2.22104
605	2.21963
606	2.22346
607	2.22392
608	2.2232
609	2.22365
610	2.22154
611	2.2198
612	2.21859
613	2.22156
614	2.221
615	2.21986
616	2.22068
617	2.21929
618	2.21791
619	2.21773
620	2.21664
621	2.21639
622	2.21622
623	2.2162
624	2.2157
625	2.21559
626	2.21445
627	2.22092
628	2.22152
629	2.21962
630	2.21825
631	2.21669
632	2.21611
633	2.21503
634	2.21418
635	2.21255
636	2.21648
637	2.21686
638	2.21602
639	2.21472
640	2.2132
641	2.21602
642	2.21538
643	2.22214
644	2.22122
645	2.22081
646	2.21923
647	2.21968
648	2.21813
649	2.22267
650	2.22104
651	2.21983
652	2.21788
653	2.2174
654	2.21705
655	2.21759
656	2.21578
657	2.21442
658	2.21453
659	2.21567
660	2.21662
661	2.21693
662	2.21715
663	2.21852
664	2.21694
665	2.21862
666	2.21735
667	2.21879
668	2.21792
669	2.21995
670	2.21843
671	2.21866
672	2.2184
673	2.21653
674	2.21493
675	2.21435
676	2.21407
677	2.21696
678	2.21458
679	2.21266
680	2.21146
681	2.21001
682	2.20941
683	2.20987
684	2.20993
685	2.21019
686	2.20964
687	2.20872
688	2.20806
689	2.21076
690	2.20955
691	2.2077
692	2.20663
693	2.20771
694	2.20944
695	2.20788
696	2.20938
697	2.20823
698	2.20698
699	2.22088
700	2.22029
701	2.21961
702	2.21873
703	2.21763
704	2.21584
705	2.21615
706	2.21554
707	2.21519
708	2.21439
709	2.21387
710	2.21535
711	2.21584
712	2.2165
713	2.2178
714	2.21748
715	2.21785
716	2.22081
717	2.22035
718	2.21931
719	2.22084
720	2.22059
721	2.21965
722	2.21884
723	2.21736
724	2.21832
725	2.21942
726	2.21932
727	2.21855
728	2.21906
729	2.21884
730	2.21724
731	2.21659
732	2.22263
733	2.22232
734	2.2211
735	2.21928
736	2.21952
737	2.21797
738	2.22108
739	2.22115
740	2.22305
741	2.22208
742	2.22086
743	2.22443
744	2.22431
745	2.22346
746	2.2253
747	2.22587
748	2.2252
749	2.22686
750	2.22583
751	2.22438
752	2.2244
753	2.22391
754	2.22283
755	2.22173
756	2.22006
757	2.21839
758	2.21716
759	2.21696
760	2.21985
761	2.2193
762	2.21792
763	2.21917
764	2.21788
765	2.21793
766	2.21881
767	2.21772
768	2.21616
769	2.21478
770	2.2136
771	2.21413
772	2.21369
773	2.21366
774	2.21185
775	2.21062
776	2.20976
777	2.213
778	2.21221
779	2.21297
780	2.21305
781	2.21418
782	2.21435
783	2.21515
784	2.21348
785	2.2193
786	2.21887
787	2.22092
788	2.21949
789	2.21923
790	2.21846
791	2.21826
792	2.21909
793	2.21811
794	2.22797
795	2.22705
796	2.22786
797	2.22873
798	2.22833
799	2.22839
800	2.22972
801	2.22853
802	2.22723
803	2.22688
804	2.2261
805	2.22567
806	2.22484
807	2.22314
808	2.22267
809	2.22292
810	2.22231
811	2.22253
812	2.2228
813	2.22505
814	2.22392
815	2.22307
816	2.22343
817	2.22215
818	2.22069
819	2.22034
820	2.21901
821	2.21778
822	2.21786
823	2.21662
824	2.21545
825	2.214
826	2.21427
827	2.21452
828	2.21867
829	2.21853
830	2.218
831	2.21844
832	2.21749
833	2.2179
834	2.21739
835	2.21742
836	2.2225
837	2.22163
838	2.22083
839	2.22015
840	2.21916
841	2.21827
842	2.21894
843	2.21955
844	2.21858
845	2.21802
846	2.21806
847	2.21696
848	2.21833
849	2.21933
850	2.21887
851	2.21977
852	2.21931
853	2.22269
854	2.2211
855	2.21959
856	2.21967
857	2.22471
858	2.22573
859	2.22439
860	2.22633
861	2.22886
862	2.22888
863	2.22787
864	2.22853
865	2.22814
866	2.22944
867	2.22823
868	2.22687
869	2.22736
870	2.22737
871	2.23181
872	2.23096
873	2.22942
874	2.22915
875	2.22919
876	2.22846
877	2.23129
878	2.23166
879	2.2319
880	2.23078
881	2.23295
882	2.2328
883	2.23145
884	2.23026
885	2.22864
886	2.22863
887	2.22704
888	2.22763
889	2.2259
890	2.22599
891	2.22566
892	2.22484
893	2.22527
894	2.2247
895	2.22385
896	2.2229
897	2.22242
898	2.22116
899	2.22117
900	2.22027
901	2.21909
902	2.21928
903	2.21994
904	2.22118
905	2.22203
906	2.22074
907	2.2198
908	2.22116
909	2.22162
910	2.22096
911	2.22024
912	2.21959
913	2.21858
914	2.21823
915	2.21955
916	2.22675
917	2.22566
918	2.2252
919	2.22608
920	2.22562
921	2.22448
922	2.22448
923	2.22479
924	2.22372
925	2.22269
926	2.22166
927	2.22058
928	2.22016
929	2.22028
930	2.22114
931	2.22013
932	2.22034
933	2.21985
934	2.22152
935	2.22256
936	2.22185
937	2.2237
938	2.22452
939	2.22395
940	2.22249
941	2.22164
942	2.22224
943	2.22119
944	2.22062
945	2.22135
946	2.2204
947	2.2193
948	2.21831
949	2.21875
950	2.21951
951	2.2188
952	2.223
953	2.2216
954	2.22193
955	2.22055
956	2.22053
957	2.22094
958	2.22089
959	2.22006
960	2.22036
961	2.22088
962	2.22023
963	2.22004
964	2.21943
965	2.21828
966	2.21855
967	2.21811
968	2.21977
969	2.2206
970	2.22148
971	2.22084
972	2.22303
973	2.22217
974	2.22361
975	2.22627
976	2.22677
977	2.22784
978	2.22687
979	2.22699
980	2.22625
981	2.22504
982	2.22446
983	2.22651
984	2.22586
985	2.22519
986	2.22546
987	2.22853
988	2.22938
989	2.23106
990	2.23408
991	2.23563
992	2.23468
993	2.23594
994	2.23501
995	2.23375
996	2.23515
997	2.2346
998	2.23413
999	2.23357
