0	0.0635067
1	0.0538026
2	0.0514054
3	0.0529107
4	0.0507777
5	0.0552319
6	0.0542674
7	0.0532757
8	0.0541577
9	0.051671
10	0.0500459
11	0.0530278
12	0.0548069
13	0.0561294
14	0.0558223
15	0.0551474
16	0.0548532
17	0.0547586
18	0.0554831
19	0.0549558
20	0.054662
21	0.0543741
22	0.053909
23	0.053738
24	0.0536384
25	0.0540293
26	0.0536445
27	0.0538037
28	0.053269
29	0.0527631
30	0.0522072
31	0.0524609
32	0.052637
33	0.0522048
34	0.0517982
35	0.0522242
36	0.0518405
37	0.0520037
38	0.052118
39	0.0519058
40	0.0517665
41	0.052036
42	0.0518275
43	0.0517885
44	0.0515797
45	0.0515097
46	0.0511127
47	0.0512229
48	0.0508106
49	0.0503445
50	0.0504326
51	0.0503596
52	0.0504923
53	0.0505412
54	0.0507434
55	0.0506034
56	0.0503582
57	0.0503309
58	0.0505016
59	0.0505803
60	0.05144
61	0.0513657
62	0.0517779
63	0.0521017
64	0.0520834
65	0.0521426
66	0.0517081
67	0.0512749
68	0.0510501
69	0.0509817
70	0.0508226
71	0.0508339
72	0.0508593
73	0.0510838
74	0.0512117
75	0.0514224
76	0.0514516
77	0.0513496
78	0.0512383
79	0.0512265
80	0.0511171
81	0.0515072
82	0.0516481
83	0.0514795
84	0.0513683
85	0.0514188
86	0.0517286
87	0.0514732
88	0.0514389
89	0.0513645
90	0.0511304
91	0.0509799
92	0.050886
93	0.0510696
94	0.0512062
95	0.0511046
96	0.0512489
97	0.0513178
98	0.0514772
99	0.0514534
100	0.0514846
101	0.0516786
102	0.051914
103	0.0517818
104	0.0518642
105	0.051726
106	0.0515446
107	0.0514131
108	0.0515927
109	0.0515606
110	0.0515677
111	0.051541
112	0.0516445
113	0.0516074
114	0.0517318
115	0.0519016
116	0.0519242
117	0.0520003
118	0.0521753
119	0.0521829
120	0.0522419
121	0.052062
122	0.0519198
123	0.0522445
124	0.0525687
125	0.052574
126	0.0524673
127	0.052581
128	0.0524959
129	0.0527075
130	0.0527675
131	0.0526956
132	0.0527429
133	0.0528592
134	0.0528951
135	0.052892
136	0.0526966
137	0.0528701
138	0.0527957
139	0.0527194
140	0.052732
141	0.0526827
142	0.0526434
143	0.0526463
144	0.0525133
145	0.0526465
146	0.0527761
147	0.0527528
148	0.0528507
149	0.0527117
150	0.0528763
151	0.0529264
152	0.0529442
153	0.0529728
154	0.0529396
155	0.0529211
156	0.0529779
157	0.0531744
158	0.0531901
159	0.0531124
160	0.0529639
161	0.0530166
162	0.0530495
163	0.0530847
164	0.0531074
165	0.0531882
166	0.0531296
167	0.0531918
168	0.0532438
169	0.0531992
170	0.0531355
171	0.0532661
172	0.0532106
173	0.0531299
174	0.0530506
175	0.053007
176	0.0531311
177	0.0533211
178	0.0533397
179	0.0532904
180	0.0533026
181	0.0533396
182	0.0532505
183	0.0532188
184	0.0531352
185	0.0531576
186	0.0532054
187	0.0531807
188	0.0531559
189	0.0531793
190	0.0532742
191	0.053205
192	0.0530832
193	0.053076
194	0.0530977
195	0.053116
196	0.0532723
197	0.0531047
198	0.0531249
199	0.0531118
200	0.0531785
201	0.0531578
202	0.0530714
203	0.0531495
204	0.0531471
205	0.0532679
206	0.0532535
207	0.0532201
208	0.0531594
209	0.0532847
210	0.0532719
211	0.0533694
212	0.0533785
213	0.0532855
214	0.0533781
215	0.0534618
216	0.0533345
217	0.0533169
218	0.0533176
219	0.0532851
220	0.053362
221	0.0533069
222	0.053372
223	0.0533438
224	0.0533423
225	0.0532578
226	0.0532003
227	0.0531317
228	0.0531352
229	0.0530529
230	0.0530089
231	0.0529947
232	0.0529399
233	0.0530141
234	0.0529977
235	0.0531666
236	0.0532301
237	0.0532343
238	0.0531818
239	0.0532301
240	0.0532214
241	0.0531902
242	0.0531762
243	0.0532338
244	0.0531643
245	0.05321
246	0.0533042
247	0.0533463
248	0.0533131
249	0.0533114
250	0.0532555
251	0.053292
252	0.0532404
253	0.0532654
254	0.0532217
255	0.0532239
256	0.0532611
257	0.0533346
258	0.0533258
259	0.0532698
260	0.0532135
261	0.0533028
262	0.0533311
263	0.0533215
264	0.0533064
265	0.0533914
266	0.053342
267	0.0533149
268	0.0532828
269	0.0533747
270	0.0534098
271	0.0535126
272	0.053451
273	0.053425
274	0.0533582
275	0.0533789
276	0.053427
277	0.0533447
278	0.0533698
279	0.0533611
280	0.0533644
281	0.0532744
282	0.0532803
283	0.0532849
284	0.0533808
285	0.0533289
286	0.0532055
287	0.0532095
288	0.053216
289	0.0531616
290	0.0532345
291	0.0532826
292	0.0533725
293	0.0534478
294	0.0533547
295	0.0533992
296	0.053356
297	0.0534248
298	0.0533495
299	0.0533507
300	0.0533372
301	0.0533222
302	0.0533098
303	0.0533038
304	0.053383
305	0.0533308
306	0.0532772
307	0.053399
308	0.053329
309	0.053233
310	0.0532197
311	0.0531884
312	0.0531873
313	0.0531782
314	0.0532229
315	0.0532256
316	0.0531894
317	0.0532733
318	0.0532844
319	0.0532721
320	0.0532031
321	0.0531532
322	0.0531063
323	0.0530709
324	0.0530834
325	0.0530349
326	0.0530083
327	0.052928
328	0.0528978
329	0.0528865
330	0.0529021
331	0.0528981
332	0.0528557
333	0.052855
334	0.0528439
335	0.0528741
336	0.0528372
337	0.0528418
338	0.052777
339	0.0528229
340	0.0528217
341	0.0530714
342	0.0531353
343	0.0531512
344	0.0530818
345	0.0531023
346	0.0530969
347	0.0531499
348	0.0531377
349	0.0531376
350	0.0531046
351	0.0531273
352	0.0531432
353	0.0531352
354	0.0531186
355	0.0530706
356	0.0530203
357	0.0530063
358	0.0529822
359	0.0529913
360	0.0529366
361	0.052941
362	0.052878
363	0.052949
364	0.052921
365	0.0529214
366	0.052907
367	0.0528929
368	0.0528712
369	0.0528871
370	0.0528655
371	0.0529336
372	0.0529273
373	0.0528929
374	0.0529226
375	0.0529159
376	0.052919
377	0.0529073
378	0.0529101
379	0.0528914
380	0.0529269
381	0.0529467
382	0.0529141
383	0.0529286
384	0.0529386
385	0.0529895
386	0.052939
387	0.0528937
388	0.0529157
389	0.0529155
390	0.0530488
391	0.0530944
392	0.0531521
393	0.0530732
394	0.0530638
395	0.0530583
396	0.05305
397	0.0530669
398	0.0530726
399	0.053114
400	0.0531457
401	0.0531083
402	0.0531164
403	0.0531541
404	0.0531702
405	0.0531408
406	0.0531126
407	0.0530475
408	0.0531001
409	0.0530848
410	0.0530778
411	0.053033
412	0.053031
413	0.0530498
414	0.0530656
415	0.053072
416	0.0531197
417	0.0531075
418	0.0531321
419	0.053167
420	0.053148
421	0.0531467
422	0.053134
423	0.0531453
424	0.0531389
425	0.0531455
426	0.0531145
427	0.0530737
428	0.0530789
429	0.0531211
430	0.0531378
431	0.0531555
432	0.0532366
433	0.0533054
434	0.053321
435	0.0532853
436	0.0532546
437	0.0532483
438	0.0532689
439	0.0532519
440	0.0532474
441	0.0532417
442	0.0532553
443	0.053203
444	0.0532549
445	0.0532826
446	0.0532554
447	0.0532795
448	0.0533523
449	0.0533212
450	0.0533663
451	0.053345
452	0.0532949
453	0.0533399
454	0.0533432
455	0.0533589
456	0.0533948
457	0.0534049
458	0.0533971
459	0.0533337
460	0.0533307
461	0.053316
462	0.0532981
463	0.0533166
464	0.0533148
465	0.0532976
466	0.053421
467	0.0534255
468	0.053433
469	0.0534013
470	0.0534209
471	0.0533858
472	0.0534051
473	0.0534351
474	0.0533909
475	0.0534617
476	0.0534666
477	0.0534382
478	0.0534519
479	0.0534354
480	0.053413
481	0.0533935
482	0.0534105
483	0.0533967
484	0.0533781
485	0.0533541
486	0.0533514
487	0.0532867
488	0.0534127
489	0.0533826
490	0.0533663
491	0.053369
492	0.0533498
493	0.0533533
494	0.0534246
495	0.0534623
496	0.0534376
497	0.0534454
498	0.0534797
499	0.0534488
