0	0.00575868
1	0.00696385
2	0.00942455
3	0.0107702
4	0.010556
5	0.0103655
6	0.0105108
7	0.0108224
8	0.0106752
9	0.010638
10	0.0111973
11	0.0112671
12	0.0112895
13	0.0109813
14	0.0110925
15	0.010717
16	0.0111248
17	0.0111229
18	0.0114309
19	0.0113713
20	0.0116015
21	0.0115233
22	0.0115644
23	0.0114741
24	0.0113393
25	0.0114017
26	0.011778
27	0.0120079
28	0.0120362
29	0.0120011
30	0.0118158
31	0.0119288
32	0.0119983
33	0.012149
34	0.0121599
35	0.0120861
36	0.0119539
37	0.0119339
38	0.0120407
39	0.0120348
40	0.0121014
41	0.012181
42	0.0121661
43	0.0122022
44	0.0122426
45	0.0121777
46	0.0122368
47	0.0121245
48	0.012044
49	0.0121007
50	0.0120512
51	0.0121197
52	0.0120936
53	0.0120865
54	0.0121049
55	0.0120626
56	0.0120166
57	0.0119502
58	0.0119997
59	0.0120082
60	0.0120219
61	0.0119893
62	0.0119652
63	0.0120355
64	0.0119947
65	0.0119253
66	0.0119223
67	0.011924
68	0.0120155
69	0.0119819
70	0.0119896
71	0.0120211
72	0.0119336
73	0.0118597
74	0.0117799
75	0.0117478
76	0.0116938
77	0.0117257
78	0.0117585
79	0.0117791
80	0.0118137
81	0.0118198
82	0.011776
83	0.0117498
84	0.0118057
85	0.011775
86	0.0118464
87	0.0117653
88	0.0117838
89	0.0117659
90	0.0117179
91	0.0117261
92	0.011639
93	0.011616
94	0.0116669
95	0.0117284
96	0.0116819
97	0.0116387
98	0.0116174
99	0.0115862
100	0.0115611
101	0.0115817
102	0.011539
103	0.011538
104	0.0115942
105	0.0115332
106	0.0115314
107	0.0115485
108	0.0115379
109	0.0115595
110	0.0115229
111	0.0114878
112	0.011476
113	0.0114592
114	0.0114492
115	0.0114555
116	0.0114399
117	0.011415
118	0.0113625
119	0.011332
120	0.0113717
121	0.0114043
122	0.0113667
123	0.011393
124	0.0113908
125	0.0114029
126	0.0113982
127	0.0114175
128	0.0114166
129	0.0114139
130	0.0114042
131	0.011409
132	0.0113918
133	0.0114003
134	0.0113986
135	0.0113797
136	0.0114212
137	0.011428
138	0.011423
139	0.0114096
140	0.0114014
141	0.0114403
142	0.0114443
143	0.011414
144	0.0114281
145	0.011433
146	0.0114437
147	0.0114309
148	0.0114388
149	0.0114553
150	0.0114717
151	0.0114235
152	0.0114312
153	0.0114449
154	0.0114203
155	0.0114485
156	0.0114263
157	0.0114494
158	0.0114418
159	0.0113965
160	0.011384
161	0.0113757
162	0.0113935
163	0.0114232
164	0.011431
165	0.0113968
166	0.0114149
167	0.0114153
168	0.0114544
169	0.0114585
170	0.0114438
171	0.0114358
172	0.0114643
173	0.011466
174	0.0114604
175	0.0114471
176	0.0114755
177	0.0114606
178	0.011455
179	0.0114631
180	0.0114486
181	0.0114486
182	0.0114814
183	0.0114803
184	0.0114925
185	0.0115364
186	0.0115316
187	0.0115144
188	0.0115284
189	0.0115507
190	0.0115393
191	0.0115514
192	0.0115662
193	0.0115754
194	0.0115957
195	0.0116019
196	0.0115788
197	0.0115801
198	0.0115774
199	0.011567
200	0.0115788
201	0.0115556
202	0.0115378
203	0.0115105
204	0.0115153
205	0.0114858
206	0.0114713
207	0.0114829
208	0.0114865
209	0.0114719
210	0.0114461
211	0.0114175
212	0.0114397
213	0.0114567
214	0.0114792
215	0.0115012
216	0.0115501
217	0.0115369
218	0.0115223
219	0.0115306
220	0.0115075
221	0.0115156
222	0.0115092
223	0.0115025
224	0.0115578
225	0.0115602
226	0.0115543
227	0.0115351
228	0.0115567
229	0.0115896
230	0.0115738
231	0.0115672
232	0.0115575
233	0.0115378
234	0.0115208
235	0.0114991
236	0.0115085
237	0.0115602
238	0.0115445
239	0.0115436
240	0.0115259
241	0.0115036
242	0.0115137
243	0.0115279
244	0.0115329
245	0.0115628
246	0.0115805
247	0.0115692
248	0.0115705
249	0.0115483
250	0.0115484
251	0.0115438
252	0.0115361
253	0.0115162
254	0.0114959
255	0.011506
256	0.0114999
257	0.0115045
258	0.0115285
259	0.0114984
260	0.0115031
261	0.0115334
262	0.0115281
263	0.0115221
264	0.0115019
265	0.0115242
266	0.0115321
267	0.0115311
268	0.0115133
269	0.0114869
270	0.0115249
271	0.0114965
272	0.0115138
273	0.011509
274	0.0115201
275	0.0115156
276	0.0115253
277	0.0115162
278	0.0115135
279	0.0115295
280	0.0115248
281	0.0115239
282	0.0115264
283	0.0115326
284	0.0115427
285	0.0115307
286	0.011519
287	0.0115007
288	0.0115121
289	0.0114965
290	0.0114872
291	0.0114932
292	0.0114805
293	0.0114897
294	0.0114889
295	0.0114804
296	0.0114796
297	0.011493
298	0.011494
299	0.0115506
300	0.0115413
301	0.0115291
302	0.0115401
303	0.0115284
304	0.0115428
305	0.0115446
306	0.0115271
307	0.0115462
308	0.0115351
309	0.011536
310	0.0115371
311	0.0115244
312	0.0115297
313	0.0115109
314	0.0115107
315	0.0115251
316	0.0115358
317	0.0115483
318	0.0115569
319	0.0115737
320	0.0115591
321	0.0115862
322	0.011575
323	0.0115541
324	0.0115537
325	0.0115508
326	0.0115442
327	0.0115326
328	0.0115191
329	0.011504
330	0.0115027
331	0.011486
332	0.0114807
333	0.0114781
334	0.0114704
335	0.0114427
336	0.0114251
337	0.0114325
338	0.0114307
339	0.0114259
340	0.0114181
341	0.0114264
342	0.0114287
343	0.0114346
344	0.0114249
345	0.0114336
346	0.0114329
347	0.011425
348	0.0114145
349	0.011413
350	0.011405
351	0.0114144
352	0.0114142
353	0.0114109
354	0.0114046
355	0.0114107
356	0.0114126
357	0.0113997
358	0.011404
359	0.0114146
360	0.0114038
361	0.0114092
362	0.0114027
363	0.0113952
364	0.011399
365	0.0114099
366	0.0114009
367	0.0113972
368	0.0113993
369	0.0113945
370	0.0113952
371	0.01138
372	0.0113798
373	0.0113794
374	0.0113844
375	0.0113814
376	0.0113755
377	0.0113798
378	0.0113715
379	0.0113641
380	0.0113549
381	0.0113445
382	0.011332
383	0.0113257
384	0.0113183
385	0.0113372
386	0.0113275
387	0.0113324
388	0.0113187
389	0.0113187
390	0.0113171
391	0.0113123
392	0.0113214
393	0.0113164
394	0.0113094
395	0.0113035
396	0.0112966
397	0.0112831
398	0.0112746
399	0.0112696
400	0.0112994
401	0.0113
402	0.0113121
403	0.0113107
404	0.0113272
405	0.011319
406	0.0113124
407	0.0113165
408	0.0113088
409	0.0113321
410	0.0113391
411	0.0113498
412	0.0113466
413	0.0113586
414	0.0113841
415	0.0113764
416	0.0113589
417	0.011364
418	0.0113637
419	0.0113717
420	0.0113723
421	0.0113812
422	0.0113877
423	0.0113823
424	0.0113733
425	0.0113761
426	0.0113925
427	0.0113963
428	0.0113926
429	0.0113896
430	0.0113817
431	0.0113874
432	0.0113855
433	0.0113894
434	0.0113851
435	0.0113924
436	0.0113888
437	0.0113893
438	0.0113866
439	0.011373
440	0.0113804
441	0.011378
442	0.0113755
443	0.011366
444	0.0113595
445	0.01135
446	0.011341
447	0.0113299
448	0.0113221
449	0.0113096
450	0.0112994
451	0.0113066
452	0.0113022
453	0.0113268
454	0.0113295
455	0.0113345
456	0.01133
457	0.0113281
458	0.0113296
459	0.0113298
460	0.0113379
461	0.0113422
462	0.0113373
463	0.0113473
464	0.0113476
465	0.0113489
466	0.0113494
467	0.0113426
468	0.0113488
469	0.0113461
470	0.0113362
471	0.0113406
472	0.0113367
473	0.0113216
474	0.0113092
475	0.0112977
476	0.0113067
477	0.0112974
478	0.0113001
479	0.0113115
480	0.0113081
481	0.0113182
482	0.0113143
483	0.0113053
484	0.011299
485	0.0113025
486	0.0112915
487	0.0112906
488	0.0112976
489	0.0112887
490	0.0112824
491	0.0112782
492	0.0112868
493	0.0112791
494	0.0112759
495	0.0112731
496	0.0112578
497	0.011259
498	0.0112552
499	0.0112574
