0	0.0209233
1	0.0339127
2	0.0425309
3	0.0444205
4	0.0444219
5	0.0437089
6	0.0455898
7	0.0483736
8	0.0493
9	0.0490733
10	0.0493123
11	0.0499116
12	0.0482783
13	0.0484572
14	0.0484188
15	0.0473063
16	0.0488868
17	0.0490222
18	0.0496531
19	0.0498708
20	0.050646
21	0.0510116
22	0.0521354
23	0.053278
24	0.053931
25	0.0544409
26	0.055827
27	0.0560783
28	0.0551718
29	0.0551969
30	0.0546474
31	0.0548486
32	0.0544008
33	0.0542515
34	0.0541296
35	0.0536943
36	0.0531881
37	0.0542858
38	0.0545161
39	0.0551318
40	0.0552455
41	0.0553853
42	0.0552388
43	0.0553275
44	0.0553644
45	0.0551073
46	0.0552258
47	0.0546169
48	0.0544553
49	0.0546295
50	0.0549236
51	0.0553165
52	0.0551426
53	0.055019
54	0.054779
55	0.0546761
56	0.0546075
57	0.054533
58	0.0545812
59	0.0545116
60	0.0545155
61	0.0546105
62	0.0544683
63	0.0547754
64	0.0548456
65	0.054872
66	0.0547426
67	0.0547422
68	0.0554256
69	0.0556092
70	0.0555366
71	0.0554596
72	0.0551817
73	0.054901
74	0.0547698
75	0.0550271
76	0.0548003
77	0.0548881
78	0.0549565
79	0.055174
80	0.0552616
81	0.0553814
82	0.0553056
83	0.0552232
84	0.0550729
85	0.0549529
86	0.0550462
87	0.0548634
88	0.0549056
89	0.0546529
90	0.0547054
91	0.0545789
92	0.0543878
93	0.0543531
94	0.0545526
95	0.0547608
96	0.0546207
97	0.0545443
98	0.0544629
99	0.0545823
100	0.0545273
101	0.0545179
102	0.0544161
103	0.0544618
104	0.0549205
105	0.0547415
106	0.0545756
107	0.0546778
108	0.0546141
109	0.0544809
110	0.0544914
111	0.0544676
112	0.0545231
113	0.054339
114	0.0541439
115	0.0542413
116	0.0541104
117	0.0540495
118	0.0539093
119	0.0537654
120	0.0540505
121	0.0541702
122	0.0541572
123	0.0539833
124	0.0540544
125	0.0541825
126	0.0541187
127	0.0541051
128	0.0540105
129	0.0541317
130	0.0542659
131	0.0543907
132	0.0542993
133	0.0543578
134	0.0543898
135	0.0543519
136	0.0544271
137	0.0543725
138	0.054436
139	0.0543683
140	0.0542895
141	0.0543788
142	0.0543944
143	0.0543608
144	0.0544289
145	0.0545238
146	0.0545025
147	0.0543715
148	0.0543264
149	0.0542299
150	0.054235
151	0.0540596
152	0.054113
153	0.0540278
154	0.0539777
155	0.0539466
156	0.0538727
157	0.0538027
158	0.0537461
159	0.0537173
160	0.0536125
161	0.053553
162	0.053727
163	0.0537416
164	0.0538316
165	0.0536979
166	0.0536485
167	0.0536417
168	0.0536714
169	0.0537136
170	0.0536789
171	0.0537256
172	0.0537044
173	0.0537247
174	0.0538071
175	0.053754
176	0.0538856
177	0.0538902
178	0.0539612
179	0.0540103
180	0.0539842
181	0.0539254
182	0.0540416
183	0.0539934
184	0.0539587
185	0.0540212
186	0.0539675
187	0.0539797
188	0.0540016
189	0.0540474
190	0.0540192
191	0.0540167
192	0.0540263
193	0.0540574
194	0.0540918
195	0.0540563
196	0.0540404
197	0.0540062
198	0.0540143
199	0.0540485
200	0.0539837
201	0.0540307
202	0.0539107
203	0.0538835
204	0.0539142
205	0.0538816
206	0.0537705
207	0.0537813
208	0.0538712
209	0.0538319
210	0.0537888
211	0.0536882
212	0.0538232
213	0.0539009
214	0.0539473
215	0.0539257
216	0.0540208
217	0.0539675
218	0.0539701
219	0.0540023
220	0.0539407
221	0.0538491
222	0.0538007
223	0.0537785
224	0.0538326
225	0.0538278
226	0.0538031
227	0.0538255
228	0.0539959
229	0.0541309
230	0.0541782
231	0.054162
232	0.0541983
233	0.0541457
234	0.053986
235	0.0539224
236	0.0539372
237	0.0540673
238	0.0539767
239	0.0539203
240	0.0538647
241	0.0538076
242	0.0538162
243	0.053888
244	0.0539729
245	0.0540815
246	0.0541391
247	0.0540955
248	0.0541182
249	0.054069
250	0.0541076
251	0.0541229
252	0.0540927
253	0.054108
254	0.0541298
255	0.0541102
256	0.0540943
257	0.0540602
258	0.0540872
259	0.0540258
260	0.0539915
261	0.0540509
262	0.0540166
263	0.0540222
264	0.0539657
265	0.0540455
266	0.0541065
267	0.0540571
268	0.0540362
269	0.0539762
270	0.0541084
271	0.0540343
272	0.0540603
273	0.054067
274	0.0541843
275	0.0543047
276	0.054347
277	0.0543586
278	0.0544817
279	0.0544411
280	0.0544581
281	0.0544704
282	0.0544779
283	0.0544954
284	0.0544831
285	0.0544564
286	0.0543897
287	0.0543149
288	0.0543966
289	0.0543338
290	0.0543008
291	0.0543706
292	0.0543358
293	0.0543661
294	0.0543376
295	0.0543869
296	0.0543527
297	0.054321
298	0.0543293
299	0.0543961
300	0.0543541
301	0.0543081
302	0.0543404
303	0.0543609
304	0.054375
305	0.0543083
306	0.0542817
307	0.0543018
308	0.0542232
309	0.0541889
310	0.0541967
311	0.0541378
312	0.0541794
313	0.0541322
314	0.0541481
315	0.0541922
316	0.054246
317	0.0542772
318	0.0542542
319	0.054336
320	0.0543093
321	0.0544449
322	0.0544172
323	0.0543226
324	0.0543264
325	0.0543233
326	0.0543057
327	0.0543437
328	0.054325
329	0.0542564
330	0.0542772
331	0.0542255
332	0.0541619
333	0.0541328
334	0.0541469
335	0.0540816
336	0.054043
337	0.0540661
338	0.0540085
339	0.0539586
340	0.0539992
341	0.0539942
342	0.0539886
343	0.0539892
344	0.0539532
345	0.0540154
346	0.0540156
347	0.0539677
348	0.0539186
349	0.0538825
350	0.0538257
351	0.0538812
352	0.0538514
353	0.0538193
354	0.0537364
355	0.053777
356	0.0537743
357	0.053761
358	0.0538456
359	0.053879
360	0.0538419
361	0.0538493
362	0.0538504
363	0.0538067
364	0.0537712
365	0.0537831
366	0.0538218
367	0.053866
368	0.0539074
369	0.0539005
370	0.0538526
371	0.0538193
372	0.0537972
373	0.0537517
374	0.0537736
375	0.0538037
376	0.0537767
377	0.0537441
378	0.0537317
379	0.0537395
380	0.0537478
381	0.0536696
382	0.0536673
383	0.0536183
384	0.0535625
385	0.053575
386	0.0535672
387	0.0535419
388	0.0535099
389	0.0534671
390	0.0534738
391	0.0534287
392	0.053459
393	0.0534497
394	0.0533991
395	0.053409
396	0.0534112
397	0.0533685
398	0.0533532
399	0.0533584
400	0.0533489
401	0.0533475
402	0.0533689
403	0.0534068
404	0.0534472
405	0.0534783
406	0.0534637
407	0.0535317
408	0.0535136
409	0.053546
410	0.0535772
411	0.0536262
412	0.0535862
413	0.053562
414	0.0535609
415	0.0535186
416	0.0534671
417	0.0535444
418	0.0535356
419	0.0535531
420	0.0535095
421	0.0535531
422	0.0535472
423	0.0535499
424	0.0535282
425	0.053556
426	0.0535992
427	0.0535965
428	0.0535725
429	0.053558
430	0.0535039
431	0.0535246
432	0.053562
433	0.0535825
434	0.0535853
435	0.0535788
436	0.0536292
437	0.0535965
438	0.0535456
439	0.0535058
440	0.0535178
441	0.0535302
442	0.0535352
443	0.0535241
444	0.0534919
445	0.0535026
446	0.0534935
447	0.0534793
448	0.0534847
449	0.0535093
450	0.0534703
451	0.0534859
452	0.0534446
453	0.0534411
454	0.0534414
455	0.0534305
456	0.0534368
457	0.0534051
458	0.0534768
459	0.0534861
460	0.0535027
461	0.0534848
462	0.0534944
463	0.0535503
464	0.0535406
465	0.0535922
466	0.0535502
467	0.0535641
468	0.0535942
469	0.0535685
470	0.0535426
471	0.0535379
472	0.0535136
473	0.0534813
474	0.0534263
475	0.0534165
476	0.053451
477	0.0534244
478	0.0534049
479	0.0534507
480	0.0534348
481	0.0534781
482	0.0534901
483	0.0534611
484	0.0534419
485	0.0534431
486	0.0534313
487	0.0534424
488	0.0534424
489	0.0534331
490	0.0534434
491	0.0534211
492	0.0534802
493	0.0534883
494	0.0535198
495	0.0535435
496	0.0535387
497	0.0535406
498	0.0535677
499	0.053554
