0	0.312684
1	0.338106
2	0.336791
3	0.32946
4	0.354957
5	0.342063
6	0.3719
7	0.364026
8	0.360579
9	0.350198
10	0.352675
11	0.347374
12	0.35884
13	0.367387
14	0.379346
15	0.381003
16	0.373082
17	0.369283
18	0.370969
19	0.364566
20	0.356037
21	0.353212
22	0.346895
23	0.348868
24	0.348801
25	0.349774
26	0.349755
27	0.345563
28	0.348103
29	0.349678
30	0.351196
31	0.352519
32	0.361949
33	0.361341
34	0.358664
35	0.357051
36	0.360759
37	0.360902
38	0.357487
39	0.35537
40	0.352651
41	0.354083
42	0.356486
43	0.36331
44	0.363245
45	0.364675
46	0.363939
47	0.365552
48	0.367491
49	0.366166
50	0.362806
51	0.362874
52	0.362495
53	0.364413
54	0.365284
55	0.364829
56	0.366999
57	0.367724
58	0.371999
59	0.372784
60	0.373983
61	0.374891
62	0.374088
63	0.375414
64	0.376052
65	0.376606
66	0.376817
67	0.378664
68	0.377633
69	0.379863
70	0.37933
71	0.377349
72	0.377972
73	0.376788
74	0.377511
75	0.376073
76	0.373685
77	0.373149
78	0.372632
79	0.374657
80	0.374114
81	0.372918
82	0.373061
83	0.371636
84	0.372246
85	0.371221
86	0.372097
87	0.372589
88	0.373342
89	0.372394
90	0.373475
91	0.374062
92	0.374381
93	0.374376
94	0.373124
95	0.373744
96	0.372662
97	0.374779
98	0.373145
99	0.373374
100	0.373531
101	0.371825
102	0.371276
103	0.371093
104	0.370619
105	0.368899
106	0.369584
107	0.369422
108	0.368079
109	0.366549
110	0.36853
111	0.369134
112	0.369995
113	0.370104
114	0.371184
115	0.370582
116	0.370548
117	0.371185
118	0.370239
119	0.369157
120	0.3692
121	0.368452
122	0.368207
123	0.367791
124	0.368091
125	0.368531
126	0.36874
127	0.367105
128	0.367531
129	0.366977
130	0.366495
131	0.36665
132	0.366565
133	0.366429
134	0.365355
135	0.36776
136	0.367376
137	0.367411
138	0.367134
139	0.36632
140	0.366074
141	0.36569
142	0.365684
143	0.366319
144	0.367647
145	0.368147
146	0.367489
147	0.367894
148	0.366891
149	0.3684
150	0.368065
151	0.368579
152	0.367935
153	0.368232
154	0.367099
155	0.365868
156	0.366527
157	0.366533
158	0.367287
159	0.36716
160	0.366983
161	0.366959
162	0.366666
163	0.366476
164	0.366577
165	0.366012
166	0.366635
167	0.367432
168	0.366904
169	0.367044
170	0.367882
171	0.366973
172	0.366547
173	0.366669
174	0.368716
175	0.368415
176	0.36835
177	0.367909
178	0.367437
179	0.366762
180	0.367246
181	0.367194
182	0.367581
183	0.366713
184	0.366301
185	0.365979
186	0.366437
187	0.366455
188	0.366115
189	0.365326
190	0.366097
191	0.365517
192	0.36654
193	0.366247
194	0.367025
195	0.366321
196	0.366292
197	0.365922
198	0.365619
199	0.365244
200	0.365073
201	0.365302
202	0.365172
203	0.365021
204	0.364263
205	0.36485
206	0.3646
207	0.365142
208	0.364883
209	0.364998
210	0.366004
211	0.365942
212	0.366742
213	0.36681
214	0.366771
215	0.367213
216	0.366965
217	0.36702
218	0.366807
219	0.366179
220	0.366463
221	0.366108
222	0.36663
223	0.366624
224	0.366711
225	0.367152
226	0.367087
227	0.366974
228	0.367172
229	0.367387
230	0.366939
231	0.366182
232	0.366349
233	0.366187
234	0.366653
235	0.366334
236	0.365868
237	0.365916
238	0.365799
239	0.366069
240	0.365445
241	0.365465
242	0.365389
243	0.365249
244	0.365599
245	0.366648
246	0.367482
247	0.368136
248	0.368955
249	0.368319
250	0.368776
251	0.368507
252	0.36866
253	0.368181
254	0.367792
255	0.367493
256	0.367607
257	0.367573
258	0.367315
259	0.369269
260	0.369304
261	0.368973
262	0.369087
263	0.369362
264	0.37017
265	0.369879
266	0.370054
267	0.370177
268	0.370239
269	0.370653
270	0.371023
271	0.37102
272	0.370801
273	0.370264
274	0.369662
275	0.369167
276	0.369344
277	0.369301
278	0.369195
279	0.369196
280	0.368524
281	0.368161
282	0.368334
283	0.368335
284	0.367837
285	0.367909
286	0.368136
287	0.368188
288	0.367719
289	0.368199
290	0.367931
291	0.368971
292	0.368916
293	0.369088
294	0.369495
295	0.369819
296	0.369515
297	0.370188
298	0.369808
299	0.369596
300	0.369508
301	0.370573
302	0.37112
303	0.371007
304	0.370907
305	0.371268
306	0.371081
307	0.370624
308	0.370797
309	0.371196
310	0.370875
311	0.370583
312	0.370488
313	0.370095
314	0.370527
315	0.370255
316	0.369892
317	0.370076
318	0.370005
319	0.370229
320	0.370557
321	0.37016
322	0.369631
323	0.369919
324	0.369573
325	0.369902
326	0.369631
327	0.370261
328	0.371038
329	0.370447
330	0.369948
331	0.369877
332	0.369679
333	0.369753
334	0.369952
335	0.370015
336	0.370318
337	0.370107
338	0.369966
339	0.369744
340	0.370034
341	0.370397
342	0.370395
343	0.370962
344	0.370824
345	0.370293
346	0.369713
347	0.369703
348	0.369332
349	0.369269
350	0.369463
351	0.369336
352	0.369211
353	0.369078
354	0.368766
355	0.368307
356	0.368516
357	0.368456
358	0.369181
359	0.368623
360	0.36929
361	0.368943
362	0.369023
363	0.368591
364	0.36865
365	0.368496
366	0.368964
367	0.368683
368	0.368805
369	0.369083
370	0.36885
371	0.368853
372	0.368862
373	0.368837
374	0.369013
375	0.368832
376	0.368738
377	0.368347
378	0.368674
379	0.368226
380	0.368719
381	0.368894
382	0.368727
383	0.368716
384	0.368474
385	0.368358
386	0.36831
387	0.36844
388	0.368256
389	0.368248
390	0.368294
391	0.368441
392	0.368498
393	0.368254
394	0.368226
395	0.368302
396	0.368146
397	0.367991
398	0.367872
399	0.368217
