0	0.388519
1	0.283376
2	0.280098
3	0.283448
4	0.306599
5	0.360134
6	0.348078
7	0.341443
8	0.337637
9	0.336076
10	0.333603
11	0.321514
12	0.317304
13	0.329788
14	0.327221
15	0.328804
16	0.330843
17	0.330768
18	0.333158
19	0.324743
20	0.330431
21	0.328349
22	0.328537
23	0.328602
24	0.323468
25	0.321607
26	0.327865
27	0.32395
28	0.327123
29	0.330879
30	0.331533
31	0.333041
32	0.328885
33	0.326263
34	0.324345
35	0.322327
36	0.31815
37	0.315669
38	0.319666
39	0.316795
40	0.317429
41	0.314729
42	0.313526
43	0.313243
44	0.315626
45	0.319415
46	0.322832
47	0.321388
48	0.322045
49	0.321571
50	0.319545
51	0.318359
52	0.321961
53	0.320466
54	0.318994
55	0.319622
56	0.318707
57	0.318634
58	0.316508
59	0.3159
60	0.318338
61	0.318121
62	0.317804
63	0.31665
64	0.315283
65	0.318141
66	0.317008
67	0.31633
68	0.316735
69	0.315016
70	0.313633
71	0.314793
72	0.313034
73	0.314034
74	0.312848
75	0.311225
76	0.311605
77	0.314492
78	0.313283
79	0.31323
80	0.31397
81	0.315159
82	0.315296
83	0.31603
84	0.31548
85	0.314302
86	0.315161
87	0.314796
88	0.3134
89	0.312187
90	0.312452
91	0.312664
92	0.31195
93	0.311789
94	0.312663
95	0.312044
96	0.311319
97	0.310826
98	0.310048
99	0.310229
100	0.309462
101	0.309947
102	0.309313
103	0.30906
104	0.308268
105	0.307693
106	0.307456
107	0.307888
108	0.308087
109	0.306945
110	0.307175
111	0.307534
112	0.307374
113	0.306649
114	0.30712
115	0.307729
116	0.308115
117	0.308613
118	0.30781
119	0.306476
120	0.306541
121	0.306176
122	0.305699
123	0.305832
124	0.305519
125	0.30496
126	0.304426
127	0.303986
128	0.303926
129	0.303259
130	0.304434
131	0.304022
132	0.30483
133	0.304414
134	0.304634
135	0.304016
136	0.304198
137	0.303488
138	0.303369
139	0.30349
140	0.302678
141	0.30278
142	0.302524
143	0.302569
144	0.301997
145	0.30225
146	0.302063
147	0.302127
148	0.302331
149	0.302397
150	0.301728
151	0.301734
152	0.301051
153	0.301192
154	0.300633
155	0.301199
156	0.300372
157	0.300533
158	0.300323
159	0.300112
160	0.300012
161	0.299864
162	0.300502
163	0.300732
164	0.300986
165	0.301041
166	0.301319
167	0.300181
168	0.299866
169	0.30027
170	0.300647
171	0.300273
172	0.299644
173	0.300647
174	0.301089
175	0.300631
176	0.300265
177	0.299959
178	0.300432
179	0.300489
180	0.300297
181	0.30117
182	0.301035
183	0.30061
184	0.300234
185	0.301416
186	0.30125
187	0.301458
188	0.301329
189	0.3009
190	0.301351
191	0.300764
192	0.300978
193	0.300944
194	0.300383
195	0.300125
196	0.299614
197	0.300543
198	0.301105
199	0.301969
200	0.302393
201	0.30321
202	0.303493
203	0.304086
204	0.303833
205	0.303591
206	0.303579
207	0.304088
208	0.303973
209	0.304611
210	0.304401
211	0.304304
212	0.30532
213	0.305062
214	0.305331
215	0.305789
216	0.305845
217	0.305913
218	0.306349
219	0.306339
220	0.305923
221	0.305799
222	0.305165
223	0.30482
224	0.305214
225	0.305075
226	0.305112
227	0.304453
228	0.304802
229	0.304628
230	0.304882
231	0.305328
232	0.305144
233	0.305443
234	0.305348
235	0.305605
236	0.305972
237	0.305778
238	0.306446
239	0.305958
240	0.306363
241	0.30605
242	0.305867
243	0.305765
244	0.305379
245	0.305018
246	0.305666
247	0.306805
248	0.306822
249	0.306697
250	0.306797
251	0.306518
252	0.307192
253	0.306806
254	0.307524
255	0.308111
256	0.308159
257	0.307831
258	0.307986
259	0.308678
260	0.308556
261	0.308765
262	0.308616
263	0.308794
264	0.308369
265	0.308967
266	0.309057
267	0.308765
268	0.308393
269	0.308501
270	0.308684
271	0.308432
272	0.30831
273	0.308175
274	0.308173
275	0.308169
276	0.308035
277	0.307645
278	0.307038
279	0.307224
280	0.30661
281	0.306675
282	0.306536
283	0.306376
284	0.306195
285	0.306594
286	0.306293
287	0.306678
288	0.306968
289	0.30681
290	0.306881
291	0.306998
292	0.306746
293	0.307055
294	0.306783
295	0.306711
296	0.306545
297	0.306637
298	0.306713
299	0.30662
300	0.306539
301	0.306404
302	0.306537
303	0.306388
304	0.306185
305	0.305975
306	0.306583
307	0.306451
308	0.306637
309	0.306839
310	0.307081
311	0.306946
312	0.306947
313	0.3071
314	0.30697
315	0.306796
316	0.307005
317	0.306655
318	0.307163
319	0.307115
320	0.307163
321	0.306793
322	0.306955
323	0.30713
324	0.306885
325	0.306617
326	0.306391
327	0.306162
328	0.306216
329	0.306308
330	0.306168
331	0.306509
332	0.306252
333	0.305815
334	0.30545
335	0.304903
336	0.305148
337	0.305258
338	0.305619
339	0.305693
340	0.305198
341	0.305786
342	0.30568
343	0.305238
344	0.305242
345	0.305387
346	0.305568
347	0.305457
348	0.305203
349	0.30524
350	0.305191
351	0.305221
352	0.30524
353	0.305106
354	0.304979
355	0.304975
356	0.305346
357	0.305686
358	0.305802
359	0.306384
360	0.306292
361	0.306146
362	0.306328
363	0.306549
364	0.307029
365	0.306929
366	0.306705
367	0.306737
368	0.306398
369	0.3066
370	0.306436
371	0.306328
372	0.30623
373	0.30624
374	0.30606
375	0.306432
376	0.306273
377	0.30624
378	0.306687
379	0.306846
380	0.30712
381	0.306845
382	0.306813
383	0.307018
384	0.30701
385	0.306905
386	0.306812
387	0.306862
388	0.306743
389	0.307513
390	0.307625
391	0.307475
392	0.307666
393	0.307669
394	0.307599
395	0.307271
396	0.307346
397	0.307432
398	0.30791
399	0.307673
