0	5.0338
1	6.57173
2	12.9363
3	11.1185
4	10.2606
5	10.0404
6	9.67289
7	9.26395
8	9.28203
9	9.13865
10	8.9785
11	8.70744
12	9.80659
13	9.80679
14	10.5553
15	10.5888
16	10.393
17	10.2224
18	10.4189
19	10.2641
20	9.96665
21	10.0661
22	9.73822
23	9.60344
24	9.63125
25	9.46761
26	9.34208
27	9.18358
28	9.16209
29	9.27006
30	9.69884
31	9.57923
32	9.5801
33	9.55035
34	9.45232
35	9.44783
36	9.49212
37	9.91304
38	9.84091
39	9.81614
40	9.7558
41	10.176
42	11.0346
43	11.844
44	11.9078
45	11.9943
46	11.8404
47	11.7756
48	11.7618
49	11.761
50	11.577
51	11.5324
52	11.5283
53	11.4943
54	11.419
55	11.3447
56	11.7868
57	11.7308
58	11.8197
59	12.0737
60	12.0565
61	12.2033
62	12.1198
63	12.1595
64	12.1606
65	12.1223
66	12.1454
67	12.1485
68	12.1232
69	12.2734
70	12.1705
71	12.0554
72	12.019
73	11.9588
74	11.9947
75	11.8973
76	11.7806
77	11.7604
78	11.7256
79	11.6789
80	11.5703
81	11.505
82	11.5073
83	11.4198
84	11.3676
85	11.3401
86	11.3639
87	11.3676
88	11.4182
89	11.3242
90	11.325
91	11.3848
92	11.4209
93	11.4091
94	11.4094
95	11.3978
96	11.3898
97	11.3496
98	11.3011
99	11.239
100	11.2643
101	11.1804
102	11.186
103	11.2176
104	11.186
105	11.0991
106	11.0611
107	11.1068
108	11.0474
109	10.9659
110	11.0819
111	11.2252
112	11.4129
113	11.3753
114	11.413
115	11.372
116	11.3297
117	11.3909
118	11.3296
119	11.2655
120	11.2291
121	11.1775
122	11.1679
123	11.1062
124	11.1197
125	11.1062
126	11.0541
127	10.9844
128	10.9961
129	11.0166
130	10.9709
131	10.9564
132	10.9385
133	10.9807
134	10.921
135	11.0525
136	11.0001
137	10.9706
138	10.9191
139	10.8917
140	10.8528
141	10.8254
142	10.819
143	10.8504
144	10.9594
145	11.0318
146	10.9829
147	10.9684
148	10.9053
149	10.9681
150	10.9512
151	10.8919
152	10.8488
153	10.903
154	10.8672
155	10.8096
156	10.8209
157	10.7944
158	10.817
159	10.8245
160	10.8087
161	10.7651
162	10.7492
163	10.7202
164	10.7159
165	10.6728
166	10.6423
167	10.6587
168	10.6326
169	10.6233
170	10.5942
171	10.5737
172	10.5607
173	10.588
174	10.8019
175	10.8449
176	10.8669
177	10.8803
178	10.8661
179	10.8467
180	10.8438
181	10.8304
182	10.8209
183	10.7845
184	10.8446
185	10.8353
186	10.8402
187	10.8078
188	10.8022
189	10.7679
190	10.742
191	10.7091
192	10.7507
193	10.7552
194	10.7634
195	10.7316
196	10.7014
197	10.6669
198	10.6321
199	10.5969
200	10.5658
201	10.5704
202	10.6404
203	10.6389
204	10.6078
205	10.6375
206	10.6451
207	10.6316
208	10.6393
209	10.6309
210	10.7251
211	10.7142
212	10.7287
213	10.7276
214	10.7284
215	10.7284
216	10.7154
217	10.7032
218	10.6835
219	10.6573
220	10.6671
221	10.6508
222	10.6401
223	10.6184
224	10.6068
225	10.5818
226	10.6073
227	10.5902
228	10.6114
229	10.6249
230	10.6098
231	10.577
232	10.5895
233	10.5966
234	10.6074
235	10.6121
236	10.5846
237	10.581
238	10.5614
239	10.5699
240	10.538
241	10.5195
242	10.502
243	10.5092
244	10.5271
245	10.6019
246	10.8207
247	10.9159
248	11.0135
249	10.9887
250	11.0247
251	11.0109
252	10.996
253	10.9948
254	10.9629
255	10.9416
256	10.9233
257	10.9543
258	10.9333
259	11.0279
260	11.03
261	11.02
262	11.0133
263	11.0245
264	11.0972
265	11.1303
266	11.1123
267	11.1208
268	11.0951
269	11.1881
270	11.2955
271	11.3223
272	11.3434
273	11.3146
274	11.2922
275	11.2584
276	11.2586
277	11.2379
278	11.2717
279	11.2762
280	11.2415
281	11.2195
282	11.2
283	11.2748
284	11.2584
285	11.237
286	11.2496
287	11.2586
288	11.2476
289	11.2366
290	11.2254
291	11.262
292	11.2718
293	11.26
294	11.2737
295	11.2801
296	11.2581
297	11.2607
298	11.2507
299	11.2253
300	11.2248
301	11.2161
302	11.2031
303	11.2133
304	11.2113
305	11.2047
306	11.1924
307	11.1758
308	11.2106
309	11.248
310	11.3131
311	11.2829
312	11.2667
313	11.2426
314	11.2407
315	11.2238
316	11.2011
317	11.2629
318	11.2716
319	11.2544
320	11.271
321	11.2508
322	11.2512
323	11.2818
324	11.2571
325	11.2962
326	11.2916
327	11.3047
328	11.3148
329	11.2887
330	11.2647
331	11.2549
332	11.2411
333	11.2436
334	11.2394
335	11.2594
336	11.2531
337	11.3183
338	11.2997
339	11.2744
340	11.2676
341	11.2552
342	11.2551
343	11.2681
344	11.2617
345	11.2419
346	11.2138
347	11.2002
348	11.1821
349	11.1768
350	11.2063
351	11.2986
352	11.2812
353	11.2608
354	11.2978
355	11.2876
356	11.3224
357	11.3085
358	11.3383
359	11.3228
360	11.332
361	11.3235
362	11.3
363	11.2802
364	11.2619
365	11.2529
366	11.2795
367	11.2675
368	11.2437
369	11.2336
370	11.2107
371	11.1958
372	11.198
373	11.1985
374	11.2064
375	11.1905
376	11.1821
377	11.1625
378	11.1783
379	11.1702
380	11.1952
381	11.2692
382	11.2539
383	11.2823
384	11.2688
385	11.2804
386	11.3213
387	11.3441
388	11.3557
389	11.3437
390	11.326
391	11.3117
392	11.3085
393	11.3002
394	11.3028
395	11.2868
396	11.277
397	11.2676
398	11.2516
399	11.2525
