0	6.22728
1	4.92887
2	5.05799
3	5.58414
4	6.35581
5	5.94019
6	5.84161
7	5.36828
8	5.18645
9	5.76724
10	6.30903
11	6.09443
12	5.93012
13	5.8623
14	5.90191
15	5.93391
16	6.07376
17	6.51475
18	6.53447
19	6.36946
20	6.19418
21	6.13383
22	6.26065
23	6.2827
24	6.16147
25	6.05814
26	5.92177
27	6.22851
28	6.18895
29	6.1133
30	6.01986
31	6.16994
32	6.2805
33	6.20179
34	6.24043
35	6.18968
36	6.13208
37	6.14888
38	6.10575
39	6.04385
40	6.04605
41	5.9806
42	5.9736
43	5.91246
44	5.96191
45	6.06246
46	6.11931
47	6.13679
48	6.08871
49	6.08584
50	6.08834
51	6.08532
52	6.02971
53	5.97377
54	5.9276
55	5.8944
56	5.90804
57	5.95812
58	5.94088
59	6.01339
60	6.01794
61	6.02908
62	6.02826
63	6.00274
64	6.07003
65	6.03493
66	6.00409
67	6.14639
68	6.13785
69	6.11349
70	6.16096
71	6.13014
72	6.09307
73	6.13793
74	6.17173
75	6.1327
76	6.18363
77	6.2705
78	6.23938
79	6.24615
80	6.22716
81	6.19285
82	6.24472
83	6.28741
84	6.28712
85	6.42586
86	6.57159
87	6.53326
88	6.5507
89	6.522
90	6.52206
91	6.52313
92	6.48973
93	6.50629
94	6.5097
95	6.49802
96	6.5056
97	6.48465
98	6.5103
99	6.50409
100	6.47522
101	6.44908
102	6.42339
103	6.40576
104	6.38181
105	6.40844
106	6.38071
107	6.34641
108	6.3309
109	6.3359
110	6.3065
111	6.34018
112	6.33127
113	6.30457
114	6.3161
115	6.3732
116	6.34235
117	6.31427
118	6.3256
119	6.33463
120	6.38864
121	6.37544
122	6.35197
123	6.32295
124	6.31608
125	6.31681
126	6.28492
127	6.30971
128	6.29436
129	6.37152
130	6.41382
131	6.39163
132	6.414
133	6.39478
134	6.39261
135	6.39183
136	6.3806
137	6.37915
138	6.35436
139	6.33766
140	6.33841
141	6.31579
142	6.29542
143	6.2791
144	6.2536
145	6.23805
146	6.23287
147	6.26157
148	6.29726
149	6.30292
150	6.32972
151	6.3117
152	6.2948
153	6.28111
154	6.25835
155	6.24249
156	6.23715
157	6.23046
158	6.22472
159	6.2115
160	6.20822
161	6.24912
162	6.25311
163	6.25654
164	6.24058
165	6.22539
166	6.23123
167	6.28529
168	6.27763
169	6.26266
170	6.29977
171	6.2917
172	6.29848
173	6.29087
174	6.27605
175	6.28588
176	6.27841
177	6.26929
178	6.25522
179	6.25719
180	6.23957
181	6.22915
182	6.21848
183	6.23528
184	6.22035
185	6.21888
186	6.2059
187	6.21633
188	6.23504
189	6.22262
190	6.24059
191	6.23945
192	6.22348
193	6.21537
194	6.24974
195	6.23797
196	6.2635
197	6.24919
198	6.26834
199	6.28767
200	6.28097
201	6.28527
202	6.27221
203	6.28495
204	6.27292
205	6.25553
206	6.24377
207	6.22708
208	6.24454
209	6.24521
210	6.23212
211	6.21946
212	6.23209
213	6.24677
214	6.23685
215	6.22455
216	6.23369
217	6.227
218	6.21747
219	6.20999
220	6.1962
221	6.22008
222	6.20602
223	6.21751
224	6.23501
225	6.23509
226	6.29239
227	6.29444
228	6.28429
229	6.27469
230	6.26301
231	6.27271
232	6.2624
233	6.40082
234	6.3953
235	6.39517
236	6.39638
237	6.44897
238	6.44799
239	6.43381
240	6.42286
241	6.41925
242	6.41409
243	6.40231
244	6.39613
245	6.38844
246	6.37945
247	6.37082
248	6.42568
249	6.4199
250	6.4161
251	6.40701
252	6.40584
253	6.39138
254	6.38657
255	6.37036
256	6.36847
257	6.36256
258	6.35645
259	6.35352
260	6.35043
261	6.33995
262	6.36482
263	6.36451
264	6.36006
265	6.36307
266	6.35102
267	6.35499
268	6.35915
269	6.34956
270	6.35924
271	6.35558
272	6.35291
273	6.34099
274	6.3286
275	6.3179
276	6.3122
277	6.31036
278	6.31666
279	6.31423
280	6.31415
281	6.30185
282	6.30538
283	6.31134
284	6.30408
285	6.29784
286	6.28863
287	6.3015
288	6.3143
289	6.30728
290	6.29804
291	6.29016
292	6.28754
293	6.28987
294	6.28039
295	6.27431
296	6.27415
297	6.2701
298	6.27182
299	6.2642
300	6.27035
301	6.28171
302	6.29673
303	6.28868
304	6.28112
305	6.28816
306	6.29142
307	6.29871
308	6.2933
309	6.30581
310	6.29915
311	6.28738
312	6.2853
313	6.28568
314	6.28728
315	6.28024
316	6.27251
317	6.26872
318	6.26194
319	6.2568
320	6.25183
321	6.27548
322	6.27205
323	6.27372
324	6.26453
325	6.25623
326	6.25333
327	6.24802
328	6.28281
329	6.28175
330	6.27606
331	6.27876
332	6.27678
333	6.28061
334	6.27206
335	6.27746
336	6.27101
337	6.26749
338	6.26178
339	6.25337
340	6.24794
341	6.24318
342	6.24098
343	6.24018
344	6.23571
345	6.23713
346	6.23075
347	6.23051
348	6.23394
349	6.23495
350	6.24591
351	6.24087
352	6.23499
353	6.22624
354	6.21564
355	6.21781
356	6.21501
357	6.21061
358	6.20639
359	6.20799
360	6.21513
361	6.20673
362	6.21107
363	6.21708
364	6.2081
365	6.2139
366	6.20309
367	6.20664
368	6.19876
369	6.19359
370	6.18755
371	6.17923
372	6.17556
373	6.17475
374	6.21574
375	6.2181
376	6.21321
377	6.21929
378	6.2179
379	6.2122
380	6.22866
381	6.2208
382	6.216
383	6.2087
384	6.20242
385	6.21505
386	6.21111
387	6.21584
388	6.20807
389	6.20457
390	6.20226
391	6.1931
392	6.21025
393	6.20311
394	6.19845
395	6.19327
396	6.19748
397	6.20256
398	6.20383
399	6.20621
400	6.20566
401	6.19851
402	6.19256
403	6.18546
404	6.19149
405	6.1857
406	6.19048
407	6.19765
408	6.1905
409	6.21311
410	6.2113
411	6.20828
412	6.20115
413	6.19325
414	6.18804
415	6.18501
416	6.1885
417	6.18391
418	6.18854
419	6.20308
420	6.20318
421	6.19946
422	6.19156
423	6.19375
424	6.19263
425	6.18831
426	6.18331
427	6.17759
428	6.17035
429	6.17065
430	6.17633
431	6.20192
432	6.20735
433	6.20404
434	6.21273
435	6.20913
436	6.20265
437	6.20445
438	6.20185
439	6.19507
440	6.19209
441	6.20401
442	6.20564
443	6.21803
444	6.22652
445	6.23583
446	6.23806
447	6.23747
448	6.24592
449	6.24054
450	6.23625
451	6.2332
452	6.22906
453	6.22256
454	6.23715
455	6.23403
456	6.22861
457	6.22282
458	6.2225
459	6.22054
460	6.21837
461	6.21211
462	6.25131
463	6.24731
464	6.24017
465	6.26004
466	6.26616
467	6.2606
468	6.25484
469	6.25026
470	6.24391
471	6.2394
472	6.29947
473	6.29562
474	6.30378
475	6.29846
476	6.30806
477	6.30984
478	6.30844
479	6.31705
480	6.31079
481	6.31649
482	6.31426
483	6.3101
484	6.32977
485	6.32698
486	6.31938
487	6.31339
488	6.3076
489	6.30241
490	6.32243
491	6.32232
492	6.32492
493	6.32195
494	6.32192
495	6.32948
496	6.32878
497	6.32908
498	6.33545
499	6.33185
