0	171.192
1	138.662
2	114.845
3	100.566
4	87.3923
5	98.1543
6	93.3948
7	135.877
8	151.679
9	158.841
10	173.787
11	218.353
12	209.006
13	221.291
14	212.211
15	203.243
16	197.981
17	190.562
18	191.605
19	204.04
20	198.004
21	191.833
22	187.225
23	194.048
24	205.135
25	200.039
26	195.856
27	202.835
28	197.959
29	193.757
30	196.093
31	192.699
32	188.306
33	185.814
34	183.979
35	180.785
36	177.847
37	175.269
38	173.052
39	170.803
40	168.968
41	170.704
42	168.118
43	166.326
44	164.048
45	162.353
46	160.34
47	158.457
48	156.767
49	155.946
50	154.32
51	152.534
52	150.791
53	149.413
54	148.77
55	160.06
56	160.27
57	162.371
58	160.698
59	159.127
60	159.117
61	159.801
62	158.755
63	158.414
64	158.487
65	158.37
66	158.595
67	157.301
68	158.133
69	156.796
70	158.842
71	159.02
72	160.678
73	161.961
74	160.619
75	159.343
76	158.819
77	157.551
78	156.542
79	155.409
80	154.132
81	158.034
82	157.54
83	156.41
84	156.755
85	156.836
86	157.792
87	156.711
88	156.117
89	160.33
90	159.245
91	160.418
92	180.802
93	197.136
94	203.809
95	202.529
96	201.301
97	199.924
98	199.238
99	198.478
100	197.282
101	195.949
102	194.575
103	193.838
104	192.906
105	191.846
106	190.991
107	190.111
108	215.626
109	231.013
110	229.543
111	228.118
112	226.659
113	225.222
114	223.814
115	222.603
116	221.514
117	220.761
118	219.549
119	218.311
120	217.463
121	217.317
122	216.083
123	217.588
124	216.769
125	221.973
126	220.885
127	219.964
128	224.056
129	223.466
130	222.664
131	221.591
132	220.489
133	220.991
134	220.373
135	219.229
136	218.393
137	219.009
138	218.406
139	217.324
140	216.302
141	215.3
142	216.163
143	217.118
144	216.165
145	215.916
146	215.126
147	214.158
148	217.403
149	216.578
150	217.811
151	217.756
152	217.061
153	217.571
154	216.762
155	216.801
156	216.158
157	215.167
158	214.431
159	215.548
160	215.173
161	214.314
162	213.423
163	213.051
164	212.562
165	211.745
166	210.894
167	211.028
168	210.212
169	209.533
170	209.002
171	209.373
172	208.986
173	208.251
174	207.7
175	206.931
176	207.523
177	206.827
178	206.122
179	205.36
180	204.582
181	203.844
182	203.727
183	203.542
184	203.049
185	202.294
186	201.725
187	201.297
188	205.575
189	204.943
190	204.246
191	203.56
192	202.945
193	202.453
194	202.066
195	201.433
196	200.698
197	200.191
198	204.636
199	206.577
200	205.93
201	205.337
202	204.951
203	204.342
204	203.679
205	203.498
206	204.02
207	203.545
208	203.082
209	202.902
210	203.211
211	202.665
212	202.063
213	203.334
214	203.188
215	202.575
216	203.982
217	203.381
218	202.865
219	202.326
220	202.79
221	202.563
222	205.331
223	205.34
224	205.702
225	206.696
226	206.011
227	205.548
228	209.811
229	216.602
230	216.321
231	216.627
232	216.059
233	215.466
234	214.978
235	214.394
236	213.893
237	213.349
238	212.753
239	212.265
240	211.711
241	211.109
242	210.768
243	210.341
244	210.344
245	209.927
246	210.472
247	210.074
248	209.502
249	215.419
250	215.953
251	215.863
252	219.312
253	218.761
254	218.405
255	217.931
256	217.779
257	217.238
258	216.646
259	216.112
260	215.777
261	215.246
262	214.89
263	214.386
264	216.481
265	216.056
266	215.509
267	214.929
268	214.468
269	213.959
270	213.434
271	212.848
272	212.318
273	212.387
274	212.092
275	211.598
276	211.088
277	211.91
278	211.917
279	211.409
280	210.931
281	210.394
282	210.069
283	209.562
284	209.079
285	208.594
286	208.183
287	207.712
288	207.731
289	207.442
290	206.986
291	206.539
292	206.14
293	206.941
294	206.467
295	206.367
296	205.921
297	205.544
298	205.42
299	205.48
300	205.125
301	204.726
302	204.337
303	203.947
304	203.505
305	203.092
306	202.97
307	202.576
308	202.103
309	201.632
310	201.409
311	201.115
312	200.859
313	200.804
314	200.732
315	200.302
316	199.869
317	200.219
318	200.084
319	199.726
320	199.287
321	199.251
322	199.367
323	198.936
324	198.638
325	198.297
326	197.891
327	197.519
328	197.238
329	196.876
330	196.473
331	196.081
332	195.804
333	195.412
334	195.046
335	194.647
336	194.258
337	193.924
338	194.088
339	193.812
340	193.601
341	193.513
342	193.383
343	193.167
344	193.099
345	193.099
346	192.73
347	192.528
348	192.296
349	192.955
350	192.601
351	192.294
352	191.973
353	191.826
354	192.736
355	193.719
356	193.427
357	193.12
358	192.763
359	192.376
360	192.19
361	191.809
362	191.802
363	191.494
364	191.181
365	190.861
366	190.546
367	190.73
368	190.433
369	190.079
370	190.071
371	189.717
372	189.417
373	189.129
374	189.287
375	189
376	188.774
377	188.628
378	188.597
379	189.329
380	189.12
381	188.804
382	189.608
383	190.012
384	189.995
385	189.915
386	189.689
387	189.393
388	189.265
389	189.845
390	189.608
391	189.235
392	188.909
393	189.119
394	188.832
395	188.613
396	188.279
397	187.979
398	187.745
399	187.411
400	187.278
401	187.087
402	187.275
403	187.194
404	186.952
405	186.737
406	186.415
407	186.288
408	185.983
409	185.941
410	186.198
411	185.896
412	185.629
413	185.341
414	185.245
415	185.522
416	185.381
417	185.264
418	184.995
419	184.697
420	184.523
421	184.358
422	184.154
423	183.866
424	183.584
425	183.318
426	183.046
427	182.85
428	182.641
429	182.987
430	183.919
431	183.647
432	183.393
433	183.108
434	182.962
435	182.935
436	182.676
437	182.489
438	182.226
439	181.985
440	181.75
441	181.496
442	181.419
443	181.14
444	181.029
445	180.832
446	180.579
447	180.32
448	180.153
449	179.896
450	179.762
451	179.453
452	179.219
453	179.356
454	179.139
455	178.951
456	178.712
457	178.501
458	178.508
459	178.885
460	178.618
461	178.37
462	178.14
463	177.934
464	177.685
465	177.513
466	177.67
467	177.616
468	177.955
469	177.75
470	177.646
471	183.384
472	183.618
473	183.358
474	183.133
475	182.898
476	183.98
477	183.75
478	183.513
479	183.252
480	183.138
481	183.268
482	183.033
483	182.793
484	182.593
485	182.842
486	182.638
487	182.395
488	182.697
489	183.174
490	183.131
491	182.891
492	182.673
493	182.494
494	182.258
495	182.019
496	182.282
497	182.198
498	182.017
499	181.791
