0	0.516719
1	0.493848
2	0.471318
3	0.496265
4	0.475586
5	0.478736
6	0.487725
7	0.478998
8	0.481735
9	0.487349
10	0.479611
11	0.488586
12	0.50481
13	0.505876
14	0.496733
15	0.497335
16	0.501971
17	0.503679
18	0.496758
19	0.497178
20	0.492374
21	0.491526
22	0.487405
23	0.487325
24	0.488577
25	0.490432
26	0.493916
27	0.491876
28	0.491167
29	0.490343
30	0.486307
31	0.487984
32	0.491438
33	0.49126
34	0.48974
35	0.493374
36	0.492193
37	0.492068
38	0.493699
39	0.492315
40	0.490097
41	0.48904
42	0.488728
43	0.490615
44	0.487304
45	0.486755
46	0.485499
47	0.484568
48	0.485243
49	0.485582
50	0.483422
51	0.485291
52	0.48657
53	0.486042
54	0.485972
55	0.48515
56	0.485872
57	0.4868
58	0.4875
59	0.48932
60	0.488619
61	0.487501
62	0.488499
63	0.488583
64	0.489133
65	0.489523
66	0.490666
67	0.489216
68	0.489552
69	0.490055
70	0.490984
71	0.492263
72	0.492085
73	0.491873
74	0.491883
75	0.491394
76	0.49296
77	0.491821
78	0.492198
79	0.491741
80	0.492693
81	0.493222
82	0.493884
83	0.493133
84	0.492715
85	0.491493
86	0.490159
87	0.489308
88	0.487997
89	0.486869
90	0.487624
91	0.488798
92	0.488079
93	0.487696
94	0.48736
95	0.48787
96	0.486989
97	0.487647
98	0.488079
99	0.487815
100	0.487048
101	0.487002
102	0.487934
103	0.487144
104	0.487771
105	0.487506
106	0.489042
107	0.488894
108	0.489215
109	0.488562
110	0.488832
111	0.488164
112	0.488346
113	0.488638
114	0.489344
115	0.488861
116	0.488109
117	0.4886
118	0.488459
119	0.487978
120	0.489317
121	0.489628
122	0.489173
123	0.489992
124	0.490911
125	0.490755
126	0.490106
127	0.490749
128	0.490947
129	0.491125
130	0.490333
131	0.490455
132	0.490857
133	0.4904
134	0.489719
135	0.489755
136	0.489544
137	0.48943
138	0.489137
139	0.490362
140	0.491038
141	0.490237
142	0.490039
143	0.489067
144	0.489454
145	0.489339
146	0.490322
147	0.490023
148	0.490211
149	0.490525
150	0.491787
151	0.491772
152	0.492111
153	0.49193
154	0.491946
155	0.491815
156	0.491476
157	0.491477
158	0.491288
159	0.492521
160	0.492177
161	0.491675
162	0.491169
163	0.490713
164	0.490428
165	0.489814
166	0.489458
167	0.489728
168	0.489512
169	0.489792
170	0.489132
171	0.489474
172	0.489203
173	0.488841
174	0.488385
175	0.488176
176	0.487914
177	0.487435
178	0.486985
179	0.486734
180	0.486352
181	0.486436
182	0.486193
183	0.485897
184	0.485856
185	0.486016
186	0.487096
187	0.486609
188	0.486271
189	0.486233
190	0.486243
191	0.486962
192	0.487279
193	0.488192
194	0.488643
195	0.4882
196	0.488107
197	0.488264
198	0.487935
199	0.487404
200	0.487475
201	0.487306
202	0.48732
203	0.487567
204	0.487265
205	0.486919
206	0.487149
207	0.48718
208	0.487023
209	0.48707
210	0.487093
211	0.488018
212	0.488572
213	0.488738
214	0.488492
215	0.487976
216	0.488339
217	0.488404
218	0.488098
219	0.487448
220	0.487214
221	0.487427
222	0.487028
223	0.487618
224	0.487224
225	0.487143
226	0.487142
227	0.486999
228	0.486946
229	0.486434
230	0.486224
231	0.486251
232	0.485974
233	0.486493
234	0.486817
235	0.487087
236	0.487245
237	0.487049
238	0.486947
239	0.487245
240	0.487068
241	0.486988
242	0.487056
243	0.487376
244	0.487423
245	0.487486
246	0.487697
247	0.48731
248	0.487798
249	0.487735
250	0.487797
251	0.488008
252	0.487731
253	0.487582
254	0.487454
255	0.487525
256	0.487223
257	0.487256
258	0.487307
259	0.487207
260	0.486877
261	0.486873
262	0.487042
263	0.486759
264	0.486783
265	0.48675
266	0.486799
267	0.486596
268	0.487315
269	0.487299
270	0.487182
271	0.487124
272	0.487063
273	0.486904
274	0.486949
275	0.486694
276	0.48701
277	0.486713
278	0.486657
279	0.486706
280	0.487674
281	0.487929
282	0.488321
283	0.488448
284	0.488274
285	0.488148
286	0.488672
287	0.488253
288	0.488626
289	0.488751
290	0.488691
291	0.488803
292	0.48876
293	0.488559
294	0.488469
295	0.488546
296	0.488776
297	0.48853
298	0.488062
299	0.487752
300	0.48803
301	0.487943
302	0.487871
303	0.487932
304	0.488091
305	0.488242
306	0.488456
307	0.488728
308	0.488606
309	0.488629
310	0.488564
311	0.488713
312	0.488921
313	0.488826
314	0.489017
315	0.489326
316	0.489667
317	0.489702
318	0.489469
319	0.489459
320	0.489289
321	0.489671
322	0.489689
323	0.489928
324	0.49023
325	0.490251
326	0.490117
327	0.490171
328	0.490423
329	0.490668
330	0.490646
331	0.490488
332	0.490246
333	0.489875
334	0.49033
335	0.4906
336	0.490657
337	0.490821
338	0.491213
339	0.49124
340	0.49137
341	0.491383
342	0.491275
343	0.490998
344	0.490729
345	0.490679
346	0.490581
347	0.490963
348	0.491015
349	0.490752
350	0.490608
351	0.490678
352	0.490321
353	0.490426
354	0.490352
355	0.490404
356	0.490416
357	0.490281
358	0.490101
359	0.489803
360	0.489906
361	0.490016
362	0.490203
363	0.490139
364	0.489921
365	0.490247
366	0.490078
367	0.489867
368	0.489945
369	0.490052
370	0.490096
371	0.489833
372	0.489812
373	0.490034
374	0.489958
375	0.489993
376	0.490073
377	0.490178
378	0.49017
379	0.490055
380	0.49049
381	0.490481
382	0.490283
383	0.490357
384	0.490492
385	0.49053
386	0.490622
387	0.490462
388	0.490687
389	0.490533
390	0.490536
391	0.490996
392	0.491329
393	0.491647
394	0.491792
395	0.49186
396	0.491931
397	0.492078
398	0.492119
399	0.49245
400	0.49265
401	0.49274
402	0.49257
403	0.492752
404	0.492946
405	0.49289
406	0.492682
407	0.492659
408	0.49291
409	0.492742
410	0.493015
411	0.493101
412	0.493258
413	0.493197
414	0.493195
415	0.493135
416	0.49309
417	0.493225
418	0.493262
419	0.493245
420	0.493366
421	0.493364
422	0.493282
423	0.493501
424	0.493505
425	0.493361
426	0.493588
427	0.493756
428	0.493993
429	0.494225
430	0.494239
431	0.49433
432	0.494276
433	0.494264
434	0.494555
435	0.494496
436	0.494444
437	0.494298
438	0.494015
439	0.493866
440	0.493713
441	0.493889
442	0.493748
443	0.493635
444	0.493855
445	0.493995
446	0.493871
447	0.493927
448	0.494333
449	0.494272
450	0.494413
451	0.495034
452	0.495244
453	0.495004
454	0.49476
455	0.494828
456	0.494866
457	0.49489
458	0.494865
459	0.494778
460	0.494831
461	0.495031
462	0.495063
463	0.494942
464	0.495044
465	0.495077
466	0.495006
467	0.495171
468	0.495365
469	0.495797
470	0.495977
471	0.496087
472	0.49588
473	0.495814
474	0.495939
475	0.495879
476	0.495985
477	0.495882
478	0.495873
479	0.495774
480	0.496193
481	0.496249
482	0.496296
483	0.496276
484	0.49672
485	0.496969
486	0.496797
487	0.496827
488	0.497246
489	0.497404
490	0.49754
491	0.497488
492	0.497457
493	0.497569
494	0.497529
495	0.497457
496	0.497524
497	0.497629
498	0.497291
499	0.497375
500	0.497422
501	0.497493
502	0.497444
503	0.497418
504	0.497559
505	0.497571
506	0.497301
507	0.497309
508	0.497315
509	0.497395
510	0.497224
511	0.497545
512	0.497753
513	0.497718
514	0.497534
515	0.497353
516	0.497345
517	0.497094
518	0.497324
519	0.497268
520	0.497393
521	0.49746
522	0.497516
523	0.497548
524	0.497654
525	0.497769
526	0.497839
527	0.497903
528	0.498016
529	0.49809
530	0.498218
531	0.498199
532	0.498367
533	0.498376
534	0.498369
535	0.498135
536	0.498101
537	0.498155
538	0.49831
539	0.498393
540	0.49828
541	0.497941
542	0.497893
543	0.497867
544	0.497808
545	0.497726
546	0.497569
547	0.49751
548	0.497523
549	0.497747
550	0.497636
551	0.497635
552	0.497554
553	0.497519
554	0.497763
555	0.497853
556	0.497832
557	0.49779
558	0.497684
559	0.497419
560	0.497433
561	0.497549
562	0.497743
563	0.497624
564	0.497653
565	0.497613
566	0.497551
567	0.497394
568	0.497231
569	0.497213
570	0.497451
571	0.497584
572	0.497689
573	0.497552
574	0.497427
575	0.497411
576	0.497473
577	0.497363
578	0.497349
579	0.497294
580	0.497304
581	0.497296
582	0.497369
583	0.49736
584	0.497232
585	0.497103
586	0.497039
587	0.497039
588	0.497036
589	0.496998
590	0.496962
591	0.49675
592	0.496572
593	0.496408
594	0.496663
595	0.496698
596	0.496509
597	0.496655
598	0.496771
599	0.497087
600	0.497102
601	0.496956
602	0.496816
603	0.497004
604	0.496916
605	0.497051
606	0.497118
607	0.49712
608	0.497136
609	0.497161
610	0.497285
611	0.497139
612	0.496947
613	0.497002
614	0.497192
615	0.497107
616	0.497135
617	0.497162
618	0.497267
619	0.497396
620	0.497329
621	0.497326
622	0.497364
623	0.497414
624	0.497379
625	0.497705
626	0.497898
627	0.497824
628	0.497737
629	0.497586
630	0.497763
631	0.497889
632	0.497759
633	0.497809
634	0.497975
635	0.497994
636	0.497955
637	0.497993
638	0.497942
639	0.498067
640	0.497976
641	0.49804
642	0.498062
643	0.497955
644	0.498179
645	0.498139
646	0.498126
647	0.498287
648	0.498258
649	0.498214
650	0.498058
651	0.497982
652	0.497989
653	0.497976
654	0.498003
655	0.497984
656	0.498018
657	0.498034
658	0.498007
659	0.498186
660	0.498081
661	0.497894
662	0.497794
663	0.497751
664	0.497525
665	0.497641
666	0.497688
667	0.497839
668	0.497762
669	0.497926
670	0.497992
671	0.497932
672	0.497843
673	0.497946
674	0.497825
675	0.497769
676	0.497785
677	0.497646
678	0.497699
679	0.49765
680	0.497585
681	0.497537
682	0.497506
683	0.497573
684	0.49768
685	0.497608
686	0.497517
687	0.497398
688	0.497242
689	0.497244
690	0.497243
691	0.497225
692	0.497195
693	0.497192
694	0.497206
695	0.497159
696	0.497206
697	0.49723
698	0.497249
699	0.497291
700	0.497419
701	0.497663
702	0.497537
703	0.497599
704	0.497511
705	0.497463
706	0.497355
707	0.497331
708	0.497444
709	0.497591
710	0.497567
711	0.497515
712	0.497387
713	0.497308
714	0.497592
715	0.497445
716	0.497451
717	0.497445
718	0.497582
719	0.4976
720	0.497801
721	0.497873
722	0.497832
723	0.497863
724	0.497887
725	0.498155
726	0.498244
727	0.498224
728	0.49835
729	0.498227
730	0.498137
731	0.497953
732	0.497994
733	0.498111
734	0.498202
735	0.498269
736	0.498438
737	0.498455
738	0.498315
739	0.498202
740	0.498219
741	0.498334
742	0.49843
743	0.498519
744	0.498409
745	0.498363
746	0.498327
747	0.498317
748	0.498352
749	0.498298
750	0.498534
751	0.498625
752	0.49852
753	0.498475
754	0.498734
755	0.498733
756	0.4988
757	0.498751
758	0.498716
759	0.498754
760	0.498695
761	0.498445
762	0.498592
763	0.498554
764	0.498525
765	0.498626
766	0.498652
767	0.498588
768	0.498584
769	0.498482
770	0.498505
771	0.498618
772	0.498743
773	0.498769
774	0.498865
775	0.498816
776	0.498661
777	0.498723
778	0.498739
779	0.49869
780	0.49858
781	0.49853
782	0.498693
783	0.49863
784	0.498616
785	0.498555
786	0.498593
787	0.498648
788	0.498654
789	0.498583
790	0.498508
791	0.498562
792	0.498717
793	0.498683
794	0.498685
795	0.498662
796	0.498699
797	0.49878
798	0.498749
799	0.498681
800	0.498655
801	0.49864
802	0.49866
803	0.498886
804	0.498888
805	0.498835
806	0.498751
807	0.498699
808	0.498643
809	0.498574
810	0.498531
811	0.498637
812	0.49873
813	0.49868
814	0.498785
815	0.498664
816	0.498844
817	0.498959
818	0.498806
819	0.498807
820	0.498846
821	0.498791
822	0.498714
823	0.498709
824	0.498756
825	0.498789
826	0.498818
827	0.498715
828	0.498773
829	0.498805
830	0.498598
831	0.498514
832	0.498536
833	0.498545
834	0.498493
835	0.498604
836	0.498452
837	0.498458
838	0.49858
839	0.498548
840	0.498667
841	0.498645
842	0.498513
843	0.498381
844	0.498447
845	0.498342
846	0.498322
847	0.498403
848	0.498363
849	0.498355
850	0.498224
851	0.498278
852	0.498318
853	0.498392
854	0.4984
855	0.498346
856	0.498332
857	0.498312
858	0.498236
859	0.498208
860	0.498309
861	0.498262
862	0.498304
863	0.498568
864	0.498555
865	0.498582
866	0.498532
867	0.498653
868	0.498686
869	0.498632
870	0.49859
871	0.498618
872	0.498527
873	0.498479
874	0.498617
875	0.498527
876	0.498672
877	0.498658
878	0.498631
879	0.498592
880	0.498574
881	0.498709
882	0.498763
883	0.498711
884	0.498591
885	0.498619
886	0.498705
887	0.498532
888	0.498423
889	0.498562
890	0.498639
891	0.498618
892	0.498591
893	0.498664
894	0.498711
895	0.498724
896	0.498745
897	0.498722
898	0.498654
899	0.498734
900	0.498658
901	0.498574
902	0.498584
903	0.498577
904	0.498585
905	0.498646
906	0.498637
907	0.498659
908	0.498537
909	0.498498
910	0.498585
911	0.498592
912	0.498524
913	0.498585
914	0.49858
915	0.498503
916	0.498646
917	0.498606
918	0.498483
919	0.498448
920	0.498478
921	0.498382
922	0.49851
923	0.498483
924	0.498495
925	0.498525
926	0.498464
927	0.498516
928	0.498526
929	0.498652
930	0.49874
931	0.498718
932	0.498586
933	0.498602
934	0.498642
935	0.498647
936	0.498683
937	0.498541
938	0.498672
939	0.498659
940	0.498656
941	0.498482
942	0.498301
943	0.49824
944	0.498391
945	0.498286
946	0.498416
947	0.498339
948	0.498331
949	0.498344
950	0.498347
951	0.49837
952	0.498375
953	0.498281
954	0.498246
955	0.498122
956	0.498094
957	0.498038
958	0.498085
959	0.498098
960	0.498205
961	0.49823
962	0.498277
963	0.498255
964	0.498362
965	0.498335
966	0.498364
967	0.498317
968	0.498262
969	0.498242
970	0.498163
971	0.49829
972	0.498193
973	0.4981
974	0.498127
975	0.498208
976	0.498244
977	0.498303
978	0.498361
979	0.498527
980	0.498435
981	0.49844
982	0.498424
983	0.498364
984	0.498264
985	0.498179
986	0.498149
987	0.498161
988	0.498174
989	0.498197
990	0.498147
991	0.498328
992	0.498347
993	0.498454
994	0.4985
995	0.498403
996	0.4984
997	0.498367
998	0.498289
999	0.498312
