0	0.0617825
1	0.0625526
2	0.0527112
3	0.0527759
4	0.05084
5	0.0489051
6	0.047999
7	0.0480419
8	0.0487883
9	0.048983
10	0.0473961
11	0.0479458
12	0.0479735
13	0.0482814
14	0.0475181
15	0.0482483
16	0.0483487
17	0.0495557
18	0.048552
19	0.0487437
20	0.0479096
21	0.0479309
22	0.0473828
23	0.0472468
24	0.0474934
25	0.0479263
26	0.0478911
27	0.0473949
28	0.0476214
29	0.0480552
30	0.0478055
31	0.047946
32	0.0479611
33	0.0477882
34	0.0475826
35	0.0481376
36	0.0478757
37	0.047892
38	0.0480687
39	0.047965
40	0.047729
41	0.0476665
42	0.0477093
43	0.0476202
44	0.0472911
45	0.0473457
46	0.0471775
47	0.0469778
48	0.0470296
49	0.0470263
50	0.0469475
51	0.0471929
52	0.0473248
53	0.0473171
54	0.0470032
55	0.0467256
56	0.0472017
57	0.0471247
58	0.046972
59	0.0474116
60	0.0471507
61	0.0470432
62	0.0470278
63	0.0470152
64	0.0469521
65	0.0468863
66	0.0469093
67	0.0468938
68	0.0470648
69	0.0471635
70	0.0473162
71	0.0474066
72	0.0476034
73	0.0475037
74	0.0475578
75	0.0474841
76	0.0476101
77	0.0474276
78	0.0474253
79	0.0476264
80	0.0477185
81	0.047729
82	0.0477298
83	0.0476719
84	0.0475317
85	0.0472693
86	0.0471495
87	0.0471696
88	0.0470453
89	0.0469304
90	0.0468592
91	0.0469309
92	0.0471091
93	0.0470781
94	0.0471016
95	0.0471819
96	0.046967
97	0.0470022
98	0.0470134
99	0.0470667
100	0.0469439
101	0.0468944
102	0.0470281
103	0.0469416
104	0.047051
105	0.0469604
106	0.0472285
107	0.0471609
108	0.0472687
109	0.0471906
110	0.0472098
111	0.0471061
112	0.0470388
113	0.0470894
114	0.0471475
115	0.0470649
116	0.0470877
117	0.0470998
118	0.0470807
119	0.047102
120	0.0472225
121	0.0472598
122	0.0472925
123	0.0476038
124	0.0477692
125	0.0477007
126	0.047747
127	0.047935
128	0.0479084
129	0.0480208
130	0.0479889
131	0.0479043
132	0.0479255
133	0.0477982
134	0.0478104
135	0.0479041
136	0.0478878
137	0.047805
138	0.0477911
139	0.0480707
140	0.048158
141	0.0479752
142	0.047947
143	0.0478495
144	0.0479883
145	0.0480388
146	0.048275
147	0.0483006
148	0.0482904
149	0.0481812
150	0.048232
151	0.0483038
152	0.0483155
153	0.0483104
154	0.0483697
155	0.0484529
156	0.0484725
157	0.048445
158	0.0484308
159	0.0484846
160	0.0484333
161	0.0483732
162	0.0483623
163	0.0483863
164	0.0483487
165	0.048262
166	0.0481934
167	0.048209
168	0.048153
169	0.0481837
170	0.0481211
171	0.0481631
172	0.0481216
173	0.0481174
174	0.0480928
175	0.047993
176	0.0480282
177	0.0479969
178	0.0478854
179	0.0478812
180	0.0477993
181	0.0478284
182	0.047802
183	0.0477771
184	0.0477867
185	0.0477582
186	0.0478001
187	0.0478219
188	0.0477938
189	0.0477682
190	0.0476983
191	0.0478817
192	0.0479267
193	0.0479419
194	0.0480571
195	0.0480282
196	0.0480122
197	0.0480457
198	0.0479671
199	0.0479184
200	0.0479803
201	0.0479574
202	0.0479544
203	0.04797
204	0.0478895
205	0.0478182
206	0.0478904
207	0.0478695
208	0.0477761
209	0.0477741
210	0.0478217
211	0.0479609
212	0.0480043
213	0.0479568
214	0.0479812
215	0.0479919
216	0.0480433
217	0.0480246
218	0.047996
219	0.0479084
220	0.0479154
221	0.0478858
222	0.0478491
223	0.0478735
224	0.0478182
225	0.0478621
226	0.0479268
227	0.0479578
228	0.0479554
229	0.0479279
230	0.0479188
231	0.0479392
232	0.0479019
233	0.0479877
234	0.0480018
235	0.0480375
236	0.0480292
237	0.0479658
238	0.048024
239	0.048074
240	0.0480245
241	0.0479831
242	0.0479509
243	0.047991
244	0.0480583
245	0.0481379
246	0.0481197
247	0.0480578
248	0.0480776
249	0.0481647
250	0.0481946
251	0.048185
252	0.0481445
253	0.048148
254	0.0481651
255	0.0481784
256	0.0481324
257	0.0481192
258	0.0480992
259	0.0480836
260	0.0480492
261	0.0480366
262	0.0480256
263	0.0479678
264	0.0479762
265	0.0480056
266	0.0480435
267	0.0480014
268	0.0480746
269	0.0481036
270	0.0480809
271	0.0480337
272	0.0480419
273	0.0480352
274	0.0480697
275	0.0480608
276	0.0481024
277	0.048051
278	0.0480512
279	0.0480344
280	0.0480485
281	0.0480541
282	0.0480986
283	0.0481197
284	0.0480908
285	0.0480667
286	0.0481352
287	0.0480837
288	0.0481406
289	0.0481779
290	0.0481518
291	0.0481454
292	0.0481813
293	0.0481205
294	0.0481448
295	0.0482143
296	0.0482577
297	0.0482245
298	0.0481535
299	0.0481093
300	0.0481114
301	0.0480709
302	0.0481032
303	0.0481068
304	0.0480905
305	0.0480563
306	0.0480583
307	0.0480651
308	0.0480744
309	0.04807
310	0.0480445
311	0.0480849
312	0.0480967
313	0.0480824
314	0.0481155
315	0.0481176
316	0.0481615
317	0.0481727
318	0.0481968
319	0.0482014
320	0.0481996
321	0.0482301
322	0.0482702
323	0.0482335
324	0.0482639
325	0.0483122
326	0.0483499
327	0.0483843
328	0.048394
329	0.0484082
330	0.048373
331	0.0483788
332	0.0483686
333	0.0483267
334	0.0484597
335	0.0485133
336	0.0485014
337	0.0485091
338	0.0485047
339	0.0485115
340	0.0485635
341	0.0485505
342	0.0485445
343	0.0485245
344	0.0485339
345	0.0485162
346	0.0484885
347	0.0485733
348	0.0485722
349	0.0485824
350	0.0485706
351	0.0486182
352	0.0486345
353	0.048631
354	0.0486213
355	0.0486183
356	0.0486329
357	0.0486298
358	0.0486034
359	0.0485883
360	0.0486017
361	0.0485942
362	0.0485878
363	0.0485813
364	0.0485632
365	0.0485572
366	0.0485524
367	0.0485423
368	0.0485229
369	0.0484909
370	0.0484924
371	0.0484692
372	0.0484496
373	0.0485228
374	0.0485757
375	0.0485725
376	0.0486093
377	0.0486164
378	0.0486377
379	0.0486468
380	0.0487241
381	0.0487355
382	0.04871
383	0.0487143
384	0.0487321
385	0.04874
386	0.0487687
387	0.0487372
388	0.0487601
389	0.0487662
390	0.0487903
391	0.0488115
392	0.0488345
393	0.048812
394	0.0487996
395	0.0487783
396	0.0488371
397	0.0488411
398	0.0488582
399	0.0489254
400	0.0489383
401	0.0489568
402	0.0489209
403	0.0489505
404	0.0490149
405	0.048995
406	0.048969
407	0.0490329
408	0.0490541
409	0.0490215
410	0.0490347
411	0.0490516
412	0.0490744
413	0.0490571
414	0.0490769
415	0.0490685
416	0.0490492
417	0.0490604
418	0.0490266
419	0.0490395
420	0.0490823
421	0.0490963
422	0.0491492
423	0.0491457
424	0.0491156
425	0.0491326
426	0.0491467
427	0.0491763
428	0.049163
429	0.0491737
430	0.0492043
431	0.0492162
432	0.049192
433	0.0491891
434	0.0492963
435	0.0492902
436	0.0493207
437	0.0493011
438	0.0492789
439	0.0492908
440	0.0492642
441	0.0492838
442	0.0492659
443	0.049249
444	0.0492848
445	0.0493087
446	0.049286
447	0.0492792
448	0.0492919
449	0.0492789
450	0.0493083
451	0.0493588
452	0.0493555
453	0.0493201
454	0.0493095
455	0.0492898
456	0.0493064
457	0.0493421
458	0.0493518
459	0.0493359
460	0.0493301
461	0.0493519
462	0.0493343
463	0.0493111
464	0.0493496
465	0.0493783
466	0.0493867
467	0.0493779
468	0.0494191
469	0.0494835
470	0.0494901
471	0.0494967
472	0.0494908
473	0.0494899
474	0.0494952
475	0.0494944
476	0.0494904
477	0.0494856
478	0.0494502
479	0.0494493
480	0.0494961
481	0.0494815
482	0.0495118
483	0.0495103
484	0.0495343
485	0.0495455
486	0.0495264
487	0.0495287
488	0.0495587
489	0.0495463
490	0.0495475
491	0.0495595
492	0.0495842
493	0.0496006
494	0.0495893
495	0.0495703
496	0.0495985
497	0.0496108
498	0.0495908
499	0.0496268
500	0.0496162
501	0.0495997
502	0.0496001
503	0.0496342
504	0.0496329
505	0.049644
506	0.0496017
507	0.0495992
508	0.0496214
509	0.0496207
510	0.0496208
511	0.0496386
512	0.0496651
513	0.0496683
514	0.0496509
515	0.0496305
516	0.0496258
517	0.0496063
518	0.0496265
519	0.0496186
520	0.0495978
521	0.049597
522	0.0496059
523	0.0496216
524	0.0496281
525	0.0496387
526	0.0496635
527	0.0496681
528	0.0496727
529	0.0497027
530	0.0497123
531	0.0497093
532	0.0497298
533	0.049737
534	0.0497375
535	0.0497027
536	0.049696
537	0.0496852
538	0.0496715
539	0.0496731
540	0.0496657
541	0.0496363
542	0.0496178
543	0.0496254
544	0.0496237
545	0.0496338
546	0.0496142
547	0.0495946
548	0.0495781
549	0.0495762
550	0.0495749
551	0.0495624
552	0.0495355
553	0.0495223
554	0.0495791
555	0.0496002
556	0.0495796
557	0.0495903
558	0.0495824
559	0.0495569
560	0.0495451
561	0.0495644
562	0.0495612
563	0.0495612
564	0.0495992
565	0.0495821
566	0.0495764
567	0.0495425
568	0.0495328
569	0.0495373
570	0.0495523
571	0.0495603
572	0.0495702
573	0.0495645
574	0.0495388
575	0.0495342
576	0.049551
577	0.0495405
578	0.0495162
579	0.0494995
580	0.0495031
581	0.0495158
582	0.0495283
583	0.0495151
584	0.0494864
585	0.049484
586	0.0494564
587	0.0494555
588	0.0494541
589	0.0494606
590	0.0494375
591	0.0494272
592	0.0494159
593	0.0494186
594	0.0494686
595	0.0494629
596	0.0494347
597	0.0494596
598	0.0495018
599	0.0495164
600	0.0495373
601	0.0495348
602	0.0495142
603	0.0495036
604	0.0494889
605	0.0494874
606	0.0494658
607	0.0494751
608	0.0494687
609	0.0494604
610	0.0494662
611	0.0494465
612	0.0494146
613	0.0494109
614	0.0494089
615	0.0493993
616	0.0494031
617	0.0494164
618	0.0494136
619	0.0494302
620	0.0494326
621	0.0494293
622	0.0494434
623	0.0494409
624	0.0494338
625	0.0494461
626	0.0494845
627	0.0494555
628	0.0494531
629	0.0494402
630	0.0494572
631	0.0494728
632	0.0494625
633	0.0494597
634	0.0494835
635	0.0494662
636	0.0494595
637	0.0494782
638	0.0494703
639	0.0494957
640	0.049496
641	0.0495382
642	0.0495615
643	0.0495541
644	0.049572
645	0.0495624
646	0.0495488
647	0.0495591
648	0.0495322
649	0.049538
650	0.0495181
651	0.0495148
652	0.049543
653	0.0495546
654	0.0495473
655	0.0495478
656	0.0495367
657	0.0495714
658	0.0495554
659	0.0495591
660	0.0495433
661	0.0495294
662	0.049544
663	0.0495379
664	0.0495164
665	0.0495299
666	0.0495408
667	0.0495773
668	0.0495561
669	0.049572
670	0.0495812
671	0.0495726
672	0.0495598
673	0.0495606
674	0.0495452
675	0.0495358
676	0.049543
677	0.0495338
678	0.0495231
679	0.0495379
680	0.0495128
681	0.0495062
682	0.0495188
683	0.049507
684	0.049523
685	0.0495276
686	0.0495096
687	0.0494997
688	0.0494741
689	0.0494665
690	0.0494657
691	0.0495021
692	0.0494896
693	0.0494983
694	0.0495102
695	0.0495125
696	0.0495301
697	0.0495349
698	0.0495285
699	0.0495309
700	0.0495613
701	0.0496075
702	0.0496016
703	0.0495926
704	0.0495768
705	0.0495677
706	0.0495551
707	0.0495632
708	0.0495822
709	0.0495972
710	0.0495987
711	0.0495903
712	0.0495813
713	0.049581
714	0.0495692
715	0.0495613
716	0.0495535
717	0.0495695
718	0.0495897
719	0.0495984
720	0.0496116
721	0.0496083
722	0.0496164
723	0.0496199
724	0.049623
725	0.0496501
726	0.0496404
727	0.0496321
728	0.0496447
729	0.0496291
730	0.0496194
731	0.0496203
732	0.0496477
733	0.0496473
734	0.0496564
735	0.0496554
736	0.0496805
737	0.0496597
738	0.0496408
739	0.0496337
740	0.0496537
741	0.0496682
742	0.0496612
743	0.049662
744	0.0496592
745	0.0496822
746	0.049682
747	0.0496931
748	0.0497027
749	0.0496953
750	0.049704
751	0.0497009
752	0.0497021
753	0.0496972
754	0.049729
755	0.049724
756	0.0497648
757	0.0497471
758	0.0497311
759	0.0497502
760	0.0497523
761	0.0497312
762	0.0497566
763	0.0497779
764	0.0497632
765	0.04979
766	0.0497866
767	0.0497857
768	0.0497874
769	0.0497903
770	0.0498204
771	0.0498456
772	0.0498479
773	0.0498395
774	0.0498611
775	0.0498645
776	0.0498529
777	0.0498666
778	0.0498575
779	0.0498659
780	0.0498471
781	0.0498393
782	0.0498684
783	0.0498656
784	0.0498723
785	0.0498551
786	0.0498583
787	0.0498656
788	0.0498479
789	0.0498404
790	0.0498226
791	0.049835
792	0.0498474
793	0.049845
794	0.0498472
795	0.0498527
796	0.0498516
797	0.0498651
798	0.0498548
799	0.0498573
800	0.0498681
801	0.049868
802	0.049868
803	0.0498588
804	0.0498647
805	0.0498582
806	0.0498553
807	0.0498377
808	0.0498247
809	0.0498141
810	0.0498155
811	0.049829
812	0.0498321
813	0.0498403
814	0.0498483
815	0.0498376
816	0.0498554
817	0.049875
818	0.0498576
819	0.0498526
820	0.049846
821	0.0498387
822	0.0498347
823	0.0498234
824	0.0498368
825	0.0498363
826	0.0498526
827	0.0498539
828	0.0498536
829	0.0498625
830	0.0498599
831	0.0498411
832	0.0498562
833	0.0498352
834	0.0498369
835	0.0498363
836	0.0498143
837	0.049806
838	0.0498253
839	0.0498223
840	0.049824
841	0.049834
842	0.0498093
843	0.0497965
844	0.0498116
845	0.0498161
846	0.0498416
847	0.0498438
848	0.0498503
849	0.0498432
850	0.0498306
851	0.0498303
852	0.0498385
853	0.0498318
854	0.0498261
855	0.0498326
856	0.0498327
857	0.0498473
858	0.0498358
859	0.0498511
860	0.0498548
861	0.0498496
862	0.0498337
863	0.0498854
864	0.0498965
865	0.0499045
866	0.0499002
867	0.0498991
868	0.0498939
869	0.0498686
870	0.0498442
871	0.0498584
872	0.0498465
873	0.0498383
874	0.0498727
875	0.0498543
876	0.0498687
877	0.0498689
878	0.0498506
879	0.0498602
880	0.0498614
881	0.0498522
882	0.0498842
883	0.0498651
884	0.049857
885	0.0498627
886	0.049876
887	0.0498501
888	0.0498441
889	0.0498854
890	0.0498814
891	0.0498753
892	0.0498891
893	0.0498994
894	0.0499026
895	0.0499056
896	0.049912
897	0.049908
898	0.0498962
899	0.0499007
900	0.0499025
901	0.0499009
902	0.0499095
903	0.0499072
904	0.0499054
905	0.049911
906	0.0499068
907	0.0499051
908	0.0498972
909	0.0498831
910	0.049894
911	0.0499005
912	0.0498893
913	0.0499181
914	0.0499203
915	0.0499205
916	0.0499398
917	0.0499318
918	0.0499183
919	0.0499004
920	0.0498933
921	0.0498917
922	0.0499185
923	0.0499172
924	0.0499123
925	0.0499054
926	0.0498901
927	0.0498847
928	0.0498987
929	0.049917
930	0.0499239
931	0.0499233
932	0.0499006
933	0.0499117
934	0.0499162
935	0.0499122
936	0.0499433
937	0.0499277
938	0.0499537
939	0.0499441
940	0.0499464
941	0.0499187
942	0.0499028
943	0.0498838
944	0.0499072
945	0.049899
946	0.0499182
947	0.0499076
948	0.0499088
949	0.0499254
950	0.0499177
951	0.0499128
952	0.0499009
953	0.0498792
954	0.0498806
955	0.0498637
956	0.0498595
957	0.0498493
958	0.049871
959	0.0498617
960	0.0498744
961	0.0498863
962	0.0498802
963	0.0498851
964	0.0498883
965	0.049875
966	0.0498684
967	0.0498541
968	0.0498461
969	0.0498457
970	0.0498383
971	0.04984
972	0.0498355
973	0.049829
974	0.0498169
975	0.0498218
976	0.0498187
977	0.0498315
978	0.049834
979	0.0498556
980	0.0498452
981	0.0498402
982	0.0498368
983	0.0498195
984	0.0498157
985	0.0498077
986	0.049792
987	0.0497964
988	0.0497937
989	0.0497893
990	0.0497806
991	0.049792
992	0.0498005
993	0.0498009
994	0.0498213
995	0.0498084
996	0.0498117
997	0.0498069
998	0.0497973
999	0.0497865
