0	0.0122139
1	0.0110431
2	0.0108341
3	0.0114621
4	0.0108432
5	0.0100998
6	0.0100077
7	0.0112462
8	0.010802
9	0.0103712
10	0.0116414
11	0.0117053
12	0.0117735
13	0.0115423
14	0.0113238
15	0.0113231
16	0.0110929
17	0.0108851
18	0.0109986
19	0.0109641
20	0.0110085
21	0.0110898
22	0.0111674
23	0.0113228
24	0.0111345
25	0.0115242
26	0.0115363
27	0.0117136
28	0.0116535
29	0.0116743
30	0.0118835
31	0.0119417
32	0.0119903
33	0.0118623
34	0.0118879
35	0.0119048
36	0.0120672
37	0.012029
38	0.0120087
39	0.0120487
40	0.0118725
41	0.0118103
42	0.011798
43	0.0118216
44	0.0117299
45	0.0116488
46	0.0117524
47	0.0118205
48	0.011664
49	0.0116384
50	0.0115444
51	0.0114893
52	0.0114046
53	0.0114675
54	0.0114779
55	0.0114404
56	0.011333
57	0.0113158
58	0.0112574
59	0.0113686
60	0.0113842
61	0.0114066
62	0.0115056
63	0.0114459
64	0.0114994
65	0.0114906
66	0.0114196
67	0.0113904
68	0.0113081
69	0.0112981
70	0.011276
71	0.0112415
72	0.0112314
73	0.0111631
74	0.011134
75	0.0111547
76	0.011169
77	0.0111612
78	0.0111239
79	0.0110712
80	0.0110836
81	0.0110837
82	0.0110608
83	0.0110289
84	0.0110391
85	0.0110891
86	0.0110978
87	0.0111187
88	0.0111518
89	0.0111579
90	0.0111371
91	0.0111119
92	0.0110978
93	0.0110911
94	0.0111213
95	0.0110958
96	0.0110661
97	0.0110911
98	0.0110779
99	0.0111824
100	0.011157
101	0.0111072
102	0.0111408
103	0.0111313
104	0.0111106
105	0.0111005
106	0.0110845
107	0.0110925
108	0.011103
109	0.0111202
110	0.0110775
111	0.0110333
112	0.0110471
113	0.0110682
114	0.0110379
115	0.0110094
116	0.0109809
117	0.0110402
118	0.0110229
119	0.0110393
120	0.0110414
121	0.0110023
122	0.0109559
123	0.011
124	0.0110204
125	0.011028
126	0.0110504
127	0.0110964
128	0.0110908
129	0.0110909
130	0.0111125
131	0.0110816
132	0.0111052
133	0.0111012
134	0.0110961
135	0.0110765
136	0.0110542
137	0.0110446
138	0.0110715
139	0.0110648
140	0.011064
141	0.0110248
142	0.0110154
143	0.0109889
144	0.0109817
145	0.0109658
146	0.0109412
147	0.0109309
148	0.0109159
149	0.0109507
150	0.01098
151	0.0109897
152	0.0109674
153	0.0110304
154	0.0110507
155	0.011023
156	0.010999
157	0.0109966
158	0.010978
159	0.0109888
160	0.0109974
161	0.01101
162	0.0110033
163	0.0110324
164	0.0110427
165	0.0110584
166	0.0110926
167	0.0110877
168	0.0110916
169	0.0110961
170	0.0110953
171	0.0110747
172	0.0110846
173	0.0110637
174	0.0110433
175	0.0110601
176	0.0110415
177	0.0110925
178	0.0110803
179	0.011074
180	0.0110811
181	0.0110938
182	0.0111064
183	0.0110955
184	0.0110734
185	0.0110655
186	0.0110599
187	0.0110517
188	0.011053
189	0.0110345
190	0.0110006
191	0.0110228
192	0.0110474
193	0.0110541
194	0.0110555
195	0.0110561
196	0.011053
197	0.0110386
198	0.0110644
199	0.0110857
200	0.0110922
201	0.0111023
202	0.0111137
203	0.0111247
204	0.0111494
205	0.0111578
206	0.0111747
207	0.0111599
208	0.0111734
209	0.0111703
210	0.0111466
211	0.011129
212	0.0111755
213	0.0111714
214	0.0111835
215	0.0111832
216	0.0111813
217	0.0111562
218	0.011138
219	0.0111186
220	0.0111058
221	0.0110967
222	0.0110874
223	0.0111025
224	0.0110782
225	0.0110854
226	0.0110687
227	0.0110955
228	0.0110906
229	0.0110826
230	0.0111353
231	0.0111401
232	0.0111376
233	0.0111388
234	0.0111673
235	0.0111676
236	0.0111764
237	0.0111672
238	0.0111848
239	0.0111698
240	0.0111695
241	0.0111691
242	0.0111618
243	0.0111727
244	0.0111741
245	0.0111814
246	0.0111668
247	0.0111677
248	0.0111783
249	0.0111666
250	0.0111487
251	0.0111319
252	0.0111469
253	0.0111307
254	0.0111519
255	0.011172
256	0.011164
257	0.0111587
258	0.0111595
259	0.0111717
260	0.0111632
261	0.0111857
262	0.0111774
263	0.0111842
264	0.0111908
265	0.0111842
266	0.0111816
267	0.011193
268	0.0112278
269	0.0112306
270	0.0112238
271	0.0112105
272	0.0112064
273	0.0112016
274	0.0112069
275	0.0111974
276	0.0111834
277	0.0111871
278	0.0111751
279	0.0111745
280	0.0111794
281	0.0111746
282	0.0111691
283	0.0111537
284	0.0111481
285	0.0111582
286	0.0111471
287	0.0111677
288	0.0111532
289	0.0111568
290	0.0111597
291	0.0111641
292	0.0111766
293	0.0111714
294	0.0111599
295	0.0111569
296	0.0111633
297	0.0111791
298	0.0111795
299	0.0111884
300	0.011211
301	0.0112176
302	0.0112118
303	0.0112087
304	0.0112192
305	0.0112094
306	0.0111882
307	0.011195
308	0.0111918
309	0.0111873
310	0.011187
311	0.0111893
312	0.0111833
313	0.0111631
314	0.0111581
315	0.0111465
316	0.0111367
317	0.0111652
318	0.0111821
319	0.0111801
320	0.0111935
321	0.0111776
322	0.0111767
323	0.0111689
324	0.0111676
325	0.0111854
326	0.0111945
327	0.011195
328	0.0112043
329	0.0112104
330	0.0112124
331	0.0112086
332	0.0112313
333	0.0112271
334	0.011231
335	0.0112241
336	0.0112161
337	0.0112141
338	0.0112124
339	0.0111986
340	0.0112126
341	0.0112283
342	0.0112243
343	0.0112248
344	0.0112145
345	0.0111981
346	0.0111925
347	0.0112012
348	0.0111905
349	0.0111836
350	0.0111764
351	0.0111714
352	0.0111804
353	0.0111782
354	0.0111732
355	0.0111703
356	0.0111773
357	0.0111922
358	0.0111849
359	0.0112174
360	0.0112245
361	0.011229
362	0.0112169
363	0.011235
364	0.0112338
365	0.01122
366	0.0112204
367	0.0112193
368	0.011213
369	0.0112122
370	0.0112271
371	0.0112333
372	0.0112172
373	0.0112026
374	0.0112021
375	0.0112055
376	0.0112056
377	0.0112015
378	0.0112042
379	0.0111965
380	0.0111954
381	0.0111841
382	0.0111802
383	0.0111951
384	0.0111975
385	0.0112003
386	0.0112017
387	0.0111999
388	0.011213
389	0.0112289
390	0.0112203
391	0.0112173
392	0.0112103
393	0.011229
394	0.0112085
395	0.0111963
396	0.0111891
397	0.0111853
398	0.0111802
399	0.0111765
400	0.0111798
401	0.0111632
402	0.011153
403	0.0111557
404	0.0111443
405	0.0111354
406	0.011142
407	0.0111422
408	0.0111323
409	0.0111401
410	0.0111326
411	0.0111309
412	0.0111296
413	0.0111261
414	0.0111294
415	0.0111223
416	0.0111238
417	0.0111213
418	0.0111143
419	0.0111013
420	0.0110959
421	0.0110891
422	0.0110773
423	0.011079
424	0.0110857
425	0.0110846
426	0.0110894
427	0.0110797
428	0.0110622
429	0.0110618
430	0.0110689
431	0.0110602
432	0.0110501
433	0.0110439
434	0.0110475
435	0.011038
436	0.0110453
437	0.0110434
438	0.0110502
439	0.0110641
440	0.0110723
441	0.0110754
442	0.0110698
443	0.011076
444	0.0110692
445	0.0110611
446	0.0110706
447	0.0110698
448	0.0110738
449	0.0110615
450	0.0110657
451	0.0110604
452	0.0110565
453	0.0110559
454	0.0110565
455	0.0110636
456	0.0110787
457	0.0110811
458	0.0110829
459	0.0110748
460	0.0110714
461	0.0110736
462	0.011069
463	0.0110627
464	0.0110678
465	0.0110597
466	0.0110659
467	0.0110866
468	0.0110825
469	0.0110856
470	0.0110893
471	0.0110795
472	0.0110865
473	0.0110835
474	0.0110822
475	0.011087
476	0.0110766
477	0.011076
478	0.0110635
479	0.011072
480	0.0110776
481	0.0110829
482	0.0110852
483	0.0111013
484	0.0110941
485	0.0110863
486	0.0110852
487	0.0110766
488	0.0110606
489	0.0110594
490	0.0110558
491	0.0110543
492	0.0110502
493	0.01106
494	0.0110627
495	0.0110575
496	0.0110592
497	0.0110626
498	0.011059
499	0.0110575
