0	0.0489211
1	0.0537008
2	0.0522243
3	0.0568423
4	0.0557156
5	0.0518898
6	0.0514417
7	0.0527956
8	0.0521929
9	0.0503594
10	0.0528069
11	0.0538945
12	0.0532707
13	0.0516936
14	0.0512071
15	0.0515886
16	0.0514131
17	0.0512997
18	0.0502084
19	0.0504301
20	0.0503342
21	0.0511149
22	0.0511395
23	0.0514091
24	0.0508938
25	0.0517472
26	0.0516927
27	0.0518645
28	0.0520381
29	0.0520702
30	0.0518573
31	0.051914
32	0.0520276
33	0.0521902
34	0.0522459
35	0.0522986
36	0.0526852
37	0.0524004
38	0.0528256
39	0.0539684
40	0.0537416
41	0.0534114
42	0.0530841
43	0.0532005
44	0.0529146
45	0.0525229
46	0.052529
47	0.0525437
48	0.0522203
49	0.0524533
50	0.0523724
51	0.052198
52	0.0518756
53	0.0522245
54	0.0521528
55	0.0517819
56	0.0514328
57	0.0515544
58	0.051347
59	0.0515479
60	0.0516864
61	0.0516294
62	0.0517562
63	0.0515308
64	0.0515145
65	0.0513741
66	0.051289
67	0.0510857
68	0.0507999
69	0.0507501
70	0.0508395
71	0.0507487
72	0.051088
73	0.0511152
74	0.0514868
75	0.0516897
76	0.0518854
77	0.0517457
78	0.0516096
79	0.0514959
80	0.051413
81	0.0514
82	0.051271
83	0.0511841
84	0.0512745
85	0.0514497
86	0.0514894
87	0.0513761
88	0.0515385
89	0.0513539
90	0.051251
91	0.0511143
92	0.0513767
93	0.051423
94	0.051539
95	0.051571
96	0.0515139
97	0.0515245
98	0.0515407
99	0.0516968
100	0.0516509
101	0.0516524
102	0.0515871
103	0.0514614
104	0.0513414
105	0.0512868
106	0.0511253
107	0.0511562
108	0.0511482
109	0.0512454
110	0.0510463
111	0.050792
112	0.0508704
113	0.0508619
114	0.0506852
115	0.0506871
116	0.0505814
117	0.0505303
118	0.0504234
119	0.050561
120	0.0505733
121	0.0505064
122	0.0503144
123	0.0503905
124	0.0504915
125	0.050389
126	0.0504571
127	0.0505252
128	0.050703
129	0.0506021
130	0.050531
131	0.0505047
132	0.0505996
133	0.0504995
134	0.0504613
135	0.050418
136	0.0503588
137	0.0503397
138	0.0504708
139	0.0504769
140	0.0504968
141	0.0504447
142	0.0505904
143	0.050593
144	0.0505341
145	0.0504947
146	0.050564
147	0.0505993
148	0.0505508
149	0.0506793
150	0.0506465
151	0.0506484
152	0.0505122
153	0.0506793
154	0.0506737
155	0.0506248
156	0.0506046
157	0.0506066
158	0.050506
159	0.0504087
160	0.0505399
161	0.0505568
162	0.0505706
163	0.0506927
164	0.0506991
165	0.0507756
166	0.0508343
167	0.0508958
168	0.0508906
169	0.0510592
170	0.0510265
171	0.0509065
172	0.0510072
173	0.0508885
174	0.0509031
175	0.0509306
176	0.0509536
177	0.0511102
178	0.0512256
179	0.0512847
180	0.0512602
181	0.0512572
182	0.05124
183	0.0511762
184	0.0511572
185	0.0510972
186	0.0511102
187	0.0511836
188	0.0511699
189	0.051259
190	0.0512124
191	0.0512385
192	0.0512994
193	0.0512442
194	0.0512451
195	0.0512664
196	0.0513009
197	0.0513252
198	0.0514437
199	0.0514915
200	0.0515988
201	0.0517012
202	0.0517704
203	0.0517924
204	0.0518075
205	0.0518584
206	0.0519478
207	0.0520433
208	0.052151
209	0.052112
210	0.0520653
211	0.0520516
212	0.0520997
213	0.0520748
214	0.0520583
215	0.05197
216	0.0520865
217	0.0520201
218	0.0519819
219	0.0519975
220	0.0520451
221	0.0520068
222	0.0519791
223	0.0519688
224	0.0519221
225	0.0519906
226	0.0518906
227	0.0519316
228	0.0519487
229	0.0519854
230	0.0520879
231	0.0520618
232	0.0520201
233	0.0520204
234	0.0520219
235	0.0519619
236	0.0520695
237	0.0520542
238	0.0521469
239	0.0521324
240	0.0521221
241	0.0521532
242	0.0521458
243	0.0521462
244	0.0521119
245	0.0521471
246	0.0521199
247	0.0521114
248	0.0522105
249	0.0521743
250	0.0522023
251	0.0521668
252	0.0522273
253	0.052175
254	0.0521486
255	0.0521985
256	0.0521836
257	0.0521771
258	0.0521324
259	0.0521427
260	0.0521207
261	0.0522379
262	0.052298
263	0.0523236
264	0.0523076
265	0.0522593
266	0.0522995
267	0.0523429
268	0.0523894
269	0.0524584
270	0.0524738
271	0.0524306
272	0.0524359
273	0.0523889
274	0.0524694
275	0.0524655
276	0.0524622
277	0.0524434
278	0.0523956
279	0.0524003
280	0.052359
281	0.0523245
282	0.0523371
283	0.052254
284	0.0522662
285	0.0522908
286	0.0522636
287	0.0523246
288	0.052284
289	0.0523375
290	0.0524062
291	0.052462
292	0.0526044
293	0.0525917
294	0.0525303
295	0.0524989
296	0.0524788
297	0.0524854
298	0.0525334
299	0.0525818
300	0.0526653
301	0.0527051
302	0.0526847
303	0.0527226
304	0.0527337
305	0.0526918
306	0.0525823
307	0.0525723
308	0.0525201
309	0.0525298
310	0.0526637
311	0.0526522
312	0.0526127
313	0.0525452
314	0.0525355
315	0.0524741
316	0.0524657
317	0.0524904
318	0.0524876
319	0.0524469
320	0.0524955
321	0.0524311
322	0.0524332
323	0.0523851
324	0.0523729
325	0.0524144
326	0.0524125
327	0.0524146
328	0.0524263
329	0.0524698
330	0.0524609
331	0.0524542
332	0.0524928
333	0.0524421
334	0.0524589
335	0.0524633
336	0.0524654
337	0.0524852
338	0.0525146
339	0.0524392
340	0.0525127
341	0.0525611
342	0.0525242
343	0.0525235
344	0.0524799
345	0.0524161
346	0.0524189
347	0.0524334
348	0.0524396
349	0.0524013
350	0.0523912
351	0.0523575
352	0.0524326
353	0.0523832
354	0.0523554
355	0.0524184
356	0.052445
357	0.0525418
358	0.0525606
359	0.0526343
360	0.0526229
361	0.0526877
362	0.0526241
363	0.052704
364	0.0527007
365	0.0526712
366	0.0526613
367	0.0526644
368	0.0526386
369	0.0526528
370	0.0526453
371	0.0526631
372	0.0526773
373	0.0526364
374	0.0526449
375	0.0526758
376	0.0526921
377	0.0526591
378	0.0526441
379	0.0526122
380	0.0527609
381	0.0527227
382	0.0526732
383	0.0527119
384	0.0527249
385	0.0527661
386	0.052824
387	0.0528203
388	0.0528581
389	0.0529357
390	0.052897
391	0.0528512
392	0.0527958
393	0.0528515
394	0.0528056
395	0.0527816
396	0.0527514
397	0.0527471
398	0.0527608
399	0.052752
400	0.0527462
401	0.0527059
402	0.0526584
403	0.0526301
404	0.0526548
405	0.0526562
406	0.0526463
407	0.0526676
408	0.0526921
409	0.0526722
410	0.0526497
411	0.0526202
412	0.0525972
413	0.0525625
414	0.0526029
415	0.0525599
416	0.0525486
417	0.0525481
418	0.0525483
419	0.0524862
420	0.0525204
421	0.0524941
422	0.0524652
423	0.0524405
424	0.0524321
425	0.0524144
426	0.0524743
427	0.0524416
428	0.0524369
429	0.0524293
430	0.0524394
431	0.0524379
432	0.0524351
433	0.0524186
434	0.0524345
435	0.0524178
436	0.0524583
437	0.0524685
438	0.0524536
439	0.052505
440	0.0525118
441	0.0525532
442	0.0525303
443	0.0525889
444	0.0525461
445	0.0525587
446	0.052589
447	0.0526264
448	0.0526274
449	0.0525879
450	0.0525962
451	0.0525988
452	0.0525956
453	0.0526252
454	0.0526667
455	0.0527645
456	0.0527799
457	0.0527787
458	0.0527979
459	0.0527967
460	0.0528257
461	0.0528209
462	0.0528028
463	0.0528117
464	0.0528174
465	0.0528144
466	0.0528016
467	0.0528413
468	0.0528549
469	0.052855
470	0.0528162
471	0.0527784
472	0.0527877
473	0.0528277
474	0.0528027
475	0.0528247
476	0.0528187
477	0.0527866
478	0.052771
479	0.0528366
480	0.0528299
481	0.0528794
482	0.0529082
483	0.0529556
484	0.0529286
485	0.052917
486	0.0528924
487	0.0528562
488	0.0527923
489	0.0527794
490	0.0527473
491	0.0527234
492	0.0526928
493	0.0527231
494	0.0527044
495	0.0527123
496	0.0527319
497	0.0527436
498	0.0527366
499	0.0527125
