0	1.31034
1	1.45683
2	1.37423
3	1.70116
4	1.66641
5	1.53613
6	1.54361
7	1.59689
8	1.56047
9	1.47498
10	1.6885
11	1.66312
12	1.63182
13	1.56788
14	1.53974
15	1.53191
16	1.50821
17	1.49111
18	1.44325
19	1.52719
20	1.51177
21	1.51524
22	1.52845
23	1.52229
24	1.50353
25	1.5127
26	1.49243
27	1.50449
28	1.49176
29	1.47419
30	1.46356
31	1.45219
32	1.46655
33	1.4948
34	1.49332
35	1.48753
36	1.50356
37	1.48917
38	1.50399
39	1.60851
40	1.60875
41	1.59115
42	1.57093
43	1.56358
44	1.55037
45	1.53031
46	1.52012
47	1.50827
48	1.50756
49	1.51644
50	1.5193
51	1.51546
52	1.50067
53	1.50631
54	1.50438
55	1.48645
56	1.47339
57	1.47106
58	1.46263
59	1.47342
60	1.47534
61	1.47791
62	1.48363
63	1.47984
64	1.47668
65	1.46504
66	1.4597
67	1.45335
68	1.4434
69	1.44054
70	1.44055
71	1.4332
72	1.46029
73	1.45531
74	1.47767
75	1.48136
76	1.49809
77	1.49216
78	1.48344
79	1.47463
80	1.4716
81	1.46926
82	1.46034
83	1.45473
84	1.45751
85	1.48279
86	1.48173
87	1.47421
88	1.47801
89	1.46807
90	1.46034
91	1.45112
92	1.46774
93	1.46395
94	1.47073
95	1.4722
96	1.46684
97	1.46568
98	1.46682
99	1.47477
100	1.47114
101	1.47277
102	1.46559
103	1.45789
104	1.45206
105	1.44733
106	1.44203
107	1.45292
108	1.45243
109	1.45115
110	1.44402
111	1.4363
112	1.43413
113	1.43155
114	1.42425
115	1.42389
116	1.41925
117	1.41522
118	1.40882
119	1.40928
120	1.4095
121	1.40735
122	1.40223
123	1.40711
124	1.40873
125	1.40453
126	1.4049
127	1.40761
128	1.41702
129	1.4138
130	1.40814
131	1.40615
132	1.40609
133	1.40165
134	1.39949
135	1.39889
136	1.39554
137	1.39263
138	1.39485
139	1.39382
140	1.39432
141	1.3946
142	1.4025
143	1.40236
144	1.39796
145	1.39541
146	1.39867
147	1.39541
148	1.39163
149	1.39481
150	1.39326
151	1.39012
152	1.38571
153	1.39101
154	1.3895
155	1.387
156	1.38308
157	1.37963
158	1.37685
159	1.37299
160	1.379
161	1.37849
162	1.37813
163	1.38525
164	1.38469
165	1.38888
166	1.39357
167	1.39414
168	1.39715
169	1.40356
170	1.40271
171	1.39741
172	1.40336
173	1.39925
174	1.39953
175	1.39706
176	1.39827
177	1.40219
178	1.41102
179	1.41304
180	1.41251
181	1.4124
182	1.40991
183	1.40796
184	1.40532
185	1.40165
186	1.40085
187	1.40768
188	1.40696
189	1.41062
190	1.41054
191	1.41062
192	1.4147
193	1.41249
194	1.41066
195	1.41137
196	1.41245
197	1.41262
198	1.41736
199	1.4203
200	1.42938
201	1.43208
202	1.43276
203	1.43739
204	1.43839
205	1.4377
206	1.43913
207	1.44164
208	1.44418
209	1.44297
210	1.43976
211	1.4378
212	1.43883
213	1.43784
214	1.43588
215	1.43264
216	1.43652
217	1.43486
218	1.43212
219	1.43253
220	1.43192
221	1.43055
222	1.42972
223	1.42828
224	1.42643
225	1.433
226	1.42942
227	1.43183
228	1.43403
229	1.43538
230	1.43919
231	1.43801
232	1.43643
233	1.43535
234	1.43493
235	1.4326
236	1.43711
237	1.43445
238	1.43801
239	1.4402
240	1.43931
241	1.43839
242	1.43762
243	1.43743
244	1.43536
245	1.43721
246	1.43717
247	1.43466
248	1.43717
249	1.43573
250	1.43442
251	1.43554
252	1.43733
253	1.43536
254	1.43388
255	1.43697
256	1.43509
257	1.43412
258	1.43241
259	1.43201
260	1.4331
261	1.43896
262	1.44332
263	1.44353
264	1.4426
265	1.4417
266	1.44529
267	1.44646
268	1.4467
269	1.45357
270	1.4543
271	1.45228
272	1.45257
273	1.45128
274	1.45682
275	1.45903
276	1.45997
277	1.45844
278	1.45606
279	1.45457
280	1.45227
281	1.45044
282	1.45204
283	1.44956
284	1.45073
285	1.45118
286	1.44982
287	1.4506
288	1.44908
289	1.45335
290	1.45531
291	1.45928
292	1.46583
293	1.46402
294	1.46203
295	1.46027
296	1.45849
297	1.45917
298	1.46109
299	1.46255
300	1.46603
301	1.46616
302	1.46439
303	1.46619
304	1.46494
305	1.46311
306	1.45959
307	1.45919
308	1.45687
309	1.45568
310	1.4595
311	1.45822
312	1.45632
313	1.45493
314	1.45388
315	1.45171
316	1.45107
317	1.45272
318	1.45257
319	1.45107
320	1.45225
321	1.4502
322	1.4521
323	1.45139
324	1.44954
325	1.45182
326	1.45255
327	1.45212
328	1.45111
329	1.45114
330	1.45017
331	1.44975
332	1.45231
333	1.4503
334	1.4501
335	1.44995
336	1.44911
337	1.44866
338	1.4497
339	1.44738
340	1.4487
341	1.4513
342	1.44948
343	1.44893
344	1.44705
345	1.44531
346	1.44493
347	1.44563
348	1.44528
349	1.44388
350	1.44448
351	1.44292
352	1.44769
353	1.44626
354	1.44422
355	1.44626
356	1.44648
357	1.44936
358	1.45129
359	1.46245
360	1.46312
361	1.46502
362	1.46234
363	1.4713
364	1.4721
365	1.47105
366	1.47054
367	1.47198
368	1.47097
369	1.47135
370	1.47002
371	1.46995
372	1.47099
373	1.46996
374	1.46904
375	1.47059
376	1.47042
377	1.4693
378	1.46793
379	1.46627
380	1.47915
381	1.47791
382	1.47695
383	1.48801
384	1.48941
385	1.49003
386	1.49178
387	1.49087
388	1.49169
389	1.4947
390	1.49342
391	1.49167
392	1.48991
393	1.49101
394	1.48934
395	1.48894
396	1.48738
397	1.48797
398	1.48788
399	1.48705
400	1.48624
401	1.48519
402	1.48295
403	1.48148
404	1.48216
405	1.48137
406	1.48118
407	1.48202
408	1.48492
409	1.48371
410	1.48219
411	1.48115
412	1.48061
413	1.47922
414	1.48079
415	1.47892
416	1.47755
417	1.47719
418	1.4767
419	1.4748
420	1.47874
421	1.47753
422	1.47619
423	1.4752
424	1.47446
425	1.47348
426	1.47766
427	1.47664
428	1.47834
429	1.47854
430	1.4804
431	1.47991
432	1.47952
433	1.4786
434	1.47913
435	1.47855
436	1.47879
437	1.48227
438	1.48044
439	1.48255
440	1.4834
441	1.48772
442	1.48682
443	1.48773
444	1.48667
445	1.48656
446	1.48724
447	1.48979
448	1.48957
449	1.48791
450	1.48824
451	1.48768
452	1.48739
453	1.48933
454	1.49145
455	1.49617
456	1.49512
457	1.49437
458	1.49497
459	1.49604
460	1.49649
461	1.49624
462	1.49569
463	1.49552
464	1.49635
465	1.49683
466	1.49549
467	1.4967
468	1.49827
469	1.50022
470	1.49823
471	1.49731
472	1.49666
473	1.49824
474	1.49633
475	1.49681
476	1.49667
477	1.49496
478	1.4945
479	1.49638
480	1.49826
481	1.50026
482	1.50175
483	1.50327
484	1.50215
485	1.50172
486	1.50122
487	1.50003
488	1.49861
489	1.49802
490	1.49703
491	1.49652
492	1.49497
493	1.49631
494	1.4958
495	1.49526
496	1.49537
497	1.49511
498	1.49507
499	1.4946
