0	0.906012
1	0.987201
2	0.866658
3	0.833784
4	0.816395
5	0.779235
6	0.779321
7	0.804673
8	0.792978
9	0.786447
10	0.796203
11	0.787218
12	0.795521
13	0.79729
14	0.79299
15	0.809122
16	0.801588
17	0.792159
18	0.79709
19	0.786073
20	0.786338
21	0.785665
22	0.786279
23	0.7808
24	0.780158
25	0.776076
26	0.77377
27	0.780708
28	0.784827
29	0.783253
30	0.782827
31	0.782407
32	0.782555
33	0.781526
34	0.787466
35	0.78261
36	0.782694
37	0.784664
38	0.786088
39	0.783146
40	0.781599
41	0.779775
42	0.784307
43	0.787204
44	0.785301
45	0.787311
46	0.791005
47	0.794646
48	0.797519
49	0.792257
50	0.791495
51	0.794609
52	0.799042
53	0.798582
54	0.799317
55	0.800282
56	0.800882
57	0.801262
58	0.801015
59	0.798857
60	0.79883
61	0.797565
62	0.798903
63	0.800547
64	0.799936
65	0.801263
66	0.801931
67	0.800653
68	0.801731
69	0.802279
70	0.800897
71	0.800594
72	0.801781
73	0.803836
74	0.804121
75	0.803648
76	0.805516
77	0.804699
78	0.809352
79	0.806311
80	0.805639
81	0.8061
82	0.809094
83	0.810035
84	0.810189
85	0.810154
86	0.809429
87	0.807329
88	0.806525
89	0.805074
90	0.807066
91	0.804749
92	0.805105
93	0.807893
94	0.806748
95	0.807338
96	0.80815
97	0.808518
98	0.807768
99	0.809356
100	0.80901
101	0.808886
102	0.808563
103	0.812398
104	0.810834
105	0.810781
106	0.81046
107	0.811265
108	0.811753
109	0.813049
110	0.813043
111	0.816496
112	0.816331
113	0.816142
114	0.817236
115	0.816442
116	0.815656
117	0.81485
118	0.81607
119	0.815995
120	0.814257
121	0.815525
122	0.815829
123	0.81544
124	0.813654
125	0.814679
126	0.814476
127	0.81399
128	0.815937
129	0.815044
130	0.816505
131	0.8157
132	0.815116
133	0.814345
134	0.813106
135	0.812979
136	0.812461
137	0.812237
138	0.812039
139	0.813003
140	0.812852
141	0.816168
142	0.818068
143	0.817612
144	0.818322
145	0.817157
146	0.816492
147	0.816123
148	0.81529
149	0.816025
150	0.815966
151	0.814557
152	0.814304
153	0.813776
154	0.81448
155	0.815383
156	0.816761
157	0.8164
158	0.816282
159	0.815818
160	0.816569
161	0.820413
162	0.820644
163	0.819703
164	0.818128
165	0.816979
166	0.816248
167	0.815421
168	0.815313
169	0.815322
170	0.814843
171	0.816558
172	0.816044
173	0.816876
174	0.817764
175	0.817915
176	0.816863
177	0.816667
178	0.816172
179	0.815646
180	0.815251
181	0.814359
182	0.813321
183	0.8137
184	0.813359
185	0.813245
186	0.812865
187	0.812784
188	0.812564
189	0.813967
190	0.813625
191	0.813274
192	0.81319
193	0.813295
194	0.814538
195	0.81428
196	0.814333
197	0.815212
198	0.816017
199	0.816149
200	0.816501
201	0.816051
202	0.815839
203	0.817894
204	0.818592
205	0.818798
206	0.818893
207	0.817692
208	0.817015
209	0.817166
210	0.81675
211	0.817715
212	0.818546
213	0.818382
214	0.818736
215	0.819659
216	0.821967
217	0.821533
218	0.822065
219	0.821409
220	0.822004
221	0.823224
222	0.823494
223	0.823138
224	0.822671
225	0.822494
226	0.823481
227	0.824412
228	0.824099
229	0.824403
230	0.824366
231	0.826168
232	0.826642
233	0.826491
234	0.826741
235	0.827441
236	0.827401
237	0.829156
238	0.829578
239	0.829274
240	0.829064
241	0.828545
242	0.827695
243	0.827741
244	0.82731
245	0.826318
246	0.826214
247	0.827026
248	0.826401
249	0.826271
250	0.828532
251	0.828084
252	0.827624
253	0.827782
254	0.827378
255	0.828637
256	0.828818
257	0.830066
258	0.83064
259	0.830271
260	0.830215
261	0.829706
262	0.830174
263	0.831287
264	0.830607
265	0.829925
266	0.829263
267	0.828988
268	0.828887
269	0.829402
270	0.828851
271	0.829264
272	0.830309
273	0.830548
274	0.83098
275	0.832228
276	0.832208
277	0.83175
278	0.831499
279	0.831277
280	0.832112
281	0.831853
282	0.832324
283	0.83254
284	0.831821
285	0.832032
286	0.831552
287	0.831107
288	0.831238
289	0.83121
290	0.831141
291	0.831442
292	0.831377
293	0.831194
294	0.831469
295	0.8315
296	0.831929
297	0.832237
298	0.83186
299	0.832018
300	0.831647
301	0.831568
302	0.831799
303	0.831738
304	0.831496
305	0.831003
306	0.83085
307	0.83
308	0.830398
309	0.830261
310	0.830078
311	0.829794
312	0.829715
313	0.829769
314	0.829521
315	0.829055
316	0.829785
317	0.829152
318	0.828458
319	0.828099
320	0.828752
321	0.829027
322	0.829443
323	0.829524
324	0.828851
325	0.829145
326	0.828329
327	0.828322
328	0.828743
329	0.828349
330	0.828494
331	0.828983
332	0.829358
333	0.829702
334	0.829234
335	0.828715
336	0.828702
337	0.828017
338	0.828404
339	0.828418
340	0.828999
341	0.829389
342	0.830334
343	0.830185
344	0.83081
345	0.831091
346	0.831087
347	0.831213
348	0.831342
349	0.83112
350	0.830721
351	0.83058
352	0.830301
353	0.83
354	0.830095
355	0.831481
356	0.831501
357	0.830841
358	0.830369
359	0.831053
360	0.831221
361	0.830864
362	0.830704
363	0.830623
364	0.82984
365	0.829858
366	0.829743
367	0.829563
368	0.829034
369	0.829287
370	0.829579
371	0.829609
372	0.829702
373	0.829258
374	0.830249
375	0.830193
376	0.830081
377	0.829835
378	0.829923
379	0.830277
380	0.830196
381	0.830158
382	0.830062
383	0.829316
384	0.829342
385	0.829048
386	0.828747
387	0.82858
388	0.82808
389	0.827888
390	0.827873
391	0.82817
392	0.8284
393	0.828138
394	0.827438
395	0.827365
396	0.826955
397	0.826915
398	0.826996
399	0.827098
400	0.827433
401	0.827587
402	0.827165
403	0.827459
404	0.827201
405	0.826902
406	0.82732
407	0.827142
408	0.826768
409	0.826556
410	0.826696
411	0.826365
412	0.825834
413	0.825778
414	0.825392
415	0.825536
416	0.824871
417	0.82514
418	0.824751
419	0.824487
420	0.824432
421	0.824349
422	0.824307
423	0.825046
424	0.824985
425	0.82464
426	0.824159
427	0.823875
428	0.823975
429	0.824529
430	0.824569
431	0.824296
432	0.825994
433	0.826629
434	0.826259
435	0.825723
436	0.825424
437	0.825025
438	0.825012
439	0.825307
440	0.824837
441	0.824533
442	0.824611
443	0.824146
444	0.824159
445	0.824439
446	0.824382
447	0.823982
448	0.824007
449	0.823828
450	0.824461
451	0.824269
452	0.824159
453	0.824068
454	0.824118
455	0.825148
456	0.825254
457	0.825034
458	0.824831
459	0.824297
460	0.82406
461	0.824427
462	0.82385
463	0.823477
464	0.823539
465	0.823339
466	0.823457
467	0.823292
468	0.822826
469	0.822326
470	0.822166
471	0.822214
472	0.82287
473	0.822788
474	0.822544
475	0.822553
476	0.822301
477	0.822322
478	0.822075
479	0.822102
480	0.822341
481	0.822519
482	0.822383
483	0.822754
484	0.823067
485	0.823375
486	0.8234
487	0.822991
488	0.822414
489	0.822314
490	0.822241
491	0.822559
492	0.8223
493	0.822544
494	0.822073
495	0.822505
496	0.822043
497	0.822227
498	0.821779
499	0.821954
