0	41.1573
1	32.3947
2	32.7161
3	31.6207
4	30.1295
5	27.1012
6	25.116
7	25.8617
8	24.9153
9	23.4185
10	25.7141
11	28.9341
12	29.2182
13	28.9671
14	28.3031
15	27.8557
16	27.3454
17	27.0136
18	26.3088
19	25.4158
20	25.5617
21	24.8732
22	24.3881
23	23.8301
24	24.2082
25	23.772
26	23.9581
27	25.8041
28	27.7377
29	27.4257
30	27.5321
31	27.0128
32	26.7213
33	26.5633
34	26.2022
35	26.0424
36	25.8417
37	26.2989
38	26.067
39	26.0905
40	25.7172
41	25.3837
42	25.5314
43	25.2947
44	25.0845
45	24.9614
46	24.8359
47	24.7075
48	24.7393
49	24.7123
50	24.4623
51	24.7386
52	25.1453
53	25.5872
54	25.5562
55	26.07
56	26.0328
57	25.8974
58	25.7093
59	25.4935
60	25.3492
61	25.2354
62	25.9003
63	26.2797
64	26.4594
65	26.2998
66	26.2513
67	26.1027
68	25.9561
69	26.0214
70	25.8428
71	26.0809
72	26.1603
73	26.589
74	26.5096
75	26.4237
76	26.2554
77	26.1687
78	26.1356
79	25.9541
80	25.8087
81	25.8059
82	25.847
83	25.8288
84	25.665
85	25.569
86	25.4502
87	25.3169
88	25.3119
89	25.1869
90	25.2352
91	25.4151
92	25.2982
93	25.5234
94	25.7172
95	25.6362
96	25.7486
97	25.6324
98	25.5334
99	25.5813
100	25.4284
101	25.6273
102	25.9226
103	25.9525
104	25.8899
105	25.8244
106	25.8817
107	25.9018
108	25.9169
109	26.0822
110	26.2929
111	26.536
112	27.3955
113	27.8749
114	27.8684
115	27.8019
116	27.6493
117	27.5532
118	27.6234
119	27.5407
120	27.3936
121	27.3097
122	27.3076
123	27.1783
124	27.0496
125	27.1509
126	27.0831
127	26.9733
128	27.513
129	27.5263
130	27.5047
131	27.4551
132	27.4003
133	27.2746
134	27.2103
135	27.121
136	27.0491
137	27.0263
138	26.9827
139	26.9223
140	26.9068
141	27.1005
142	27.6607
143	28.4632
144	28.7469
145	28.6829
146	28.6593
147	28.6278
148	28.5256
149	28.4284
150	28.3953
151	28.2926
152	28.2549
153	28.1803
154	28.1049
155	28.2692
156	29.2255
157	29.7466
158	29.6586
159	29.5532
160	29.5631
161	29.6135
162	29.6607
163	29.542
164	29.5128
165	29.3881
166	29.2978
167	29.1999
168	29.1497
169	29.0756
170	29.0041
171	29.1408
172	29.0288
173	28.9805
174	29.0812
175	29.1735
176	29.1227
177	29.0444
178	28.9804
179	28.8933
180	28.8542
181	28.7672
182	28.6729
183	28.6365
184	28.5547
185	28.5719
186	28.4993
187	28.4183
188	28.3334
189	28.4886
190	28.4549
191	28.3783
192	28.3449
193	28.322
194	28.4805
195	28.507
196	28.4488
197	28.5005
198	28.623
199	28.6547
200	28.5778
201	28.5284
202	28.4991
203	28.7333
204	28.7329
205	28.8394
206	28.8415
207	28.741
208	28.6584
209	28.8406
210	28.8189
211	28.9001
212	29.192
213	29.1399
214	29.1201
215	29.3431
216	29.3042
217	29.3232
218	29.2542
219	29.1729
220	29.1608
221	29.3587
222	29.4898
223	29.5885
224	29.5179
225	29.4534
226	29.7257
227	29.9014
228	29.8846
229	29.8629
230	29.865
231	30.2048
232	30.6342
233	30.6085
234	30.5689
235	30.4847
236	30.4418
237	30.687
238	31.3233
239	31.7636
240	31.8332
241	31.7741
242	31.6953
243	31.7401
244	31.6831
245	31.5853
246	31.5009
247	31.4965
248	31.4378
249	31.3422
250	31.6835
251	31.8026
252	31.7246
253	31.7038
254	31.6381
255	31.5899
256	31.5254
257	31.7305
258	31.7169
259	31.6721
260	31.6337
261	31.5661
262	31.5682
263	31.5458
264	31.5564
265	31.4965
266	31.4389
267	31.361
268	31.3035
269	31.3843
270	31.3839
271	31.337
272	31.4009
273	31.3848
274	31.3217
275	31.2839
276	31.2558
277	31.1825
278	31.1333
279	31.0598
280	31.0079
281	30.9373
282	30.9012
283	31.0639
284	31.0088
285	30.9653
286	30.8851
287	30.8174
288	30.8545
289	30.8314
290	30.7589
291	30.7313
292	30.7472
293	30.7041
294	30.8325
295	30.8881
296	31.1314
297	31.2415
298	31.4954
299	31.5827
300	31.5384
301	31.513
302	31.493
303	31.455
304	31.4065
305	31.3451
306	31.294
307	31.2161
308	31.2163
309	31.1929
310	31.1736
311	31.1564
312	31.117
313	31.1182
314	31.0782
315	31.0164
316	31.0775
317	31.0372
318	30.9725
319	30.9089
320	30.8643
321	30.8695
322	30.9064
323	30.9442
324	30.8655
325	30.8358
326	30.7996
327	30.8271
328	30.8552
329	30.8988
330	30.8807
331	30.8925
332	31.049
333	31.0347
334	30.9771
335	30.9232
336	30.8897
337	30.8445
338	30.8368
339	30.7797
340	30.7921
341	30.7795
342	30.7954
343	30.7602
344	30.7356
345	30.6972
346	30.6746
347	30.6291
348	30.617
349	30.597
350	30.5347
351	30.4929
352	30.4484
353	30.4288
354	30.4564
355	30.6692
356	30.8177
357	30.775
358	30.7376
359	30.8332
360	31.0228
361	30.9852
362	30.9359
363	30.9073
364	30.8819
365	30.8442
366	30.8763
367	30.8217
368	30.7606
369	30.7461
370	31.0138
371	31.2422
372	31.2173
373	31.1978
374	31.1895
375	31.1572
376	31.241
377	31.2101
378	31.188
379	31.1618
380	31.1321
381	31.09
382	31.07
383	31.0186
384	30.9828
385	30.9904
386	30.9443
387	30.895
388	30.8472
389	30.8134
390	30.8202
391	30.8062
392	30.8213
393	30.7807
394	30.7212
395	30.6808
396	30.6555
397	30.6312
398	30.6103
399	30.5744
400	30.6093
401	30.6126
402	30.5764
403	30.5639
404	30.5541
405	30.5073
406	30.4651
407	30.4155
408	30.3919
409	30.3604
410	30.343
411	30.3061
412	30.2494
413	30.2369
414	30.2222
415	30.1847
416	30.1311
417	30.0915
418	30.0442
419	29.9955
420	29.9777
421	29.9518
422	29.9179
423	29.9076
424	29.887
425	29.8518
426	29.8021
427	29.7588
428	29.7532
429	29.8508
430	29.9571
431	29.9791
432	30.0661
433	30.0435
434	29.9898
435	29.9386
436	29.8878
437	29.8412
438	29.8102
439	29.8127
440	29.7684
441	29.726
442	29.7314
443	29.7069
444	29.675
445	29.6774
446	29.6572
447	29.6326
448	29.6107
449	29.5991
450	29.5917
451	29.5647
452	29.557
453	29.5987
454	29.5884
455	29.7298
456	29.7093
457	29.6887
458	29.6481
459	29.6072
460	29.5759
461	29.5416
462	29.5231
463	29.4868
464	29.4485
465	29.4197
466	29.3946
467	29.3692
468	29.3318
469	29.3061
470	29.2903
471	29.2777
472	29.2695
473	29.2323
474	29.2032
475	29.2324
476	29.1996
477	29.1764
478	29.1438
479	29.1055
480	29.1985
481	29.1796
482	29.1441
483	29.158
484	29.1305
485	29.1013
486	29.0916
487	29.0482
488	29.0008
489	28.9691
490	28.9733
491	28.9795
492	28.9503
493	28.9537
494	28.923
495	28.9035
496	28.8843
497	28.8569
498	28.8326
499	28.8037
