0	11.9869
1	11.2496
2	11.0358
3	13.6656
4	15.7607
5	17.3763
6	24.2969
7	28.1018
8	27.3284
9	26.5422
10	25.4071
11	24.9807
12	24.1676
13	26.907
14	26.8085
15	25.8516
16	24.9945
17	24.9633
18	25.3103
19	25.0783
20	24.7352
21	25.1607
22	24.8582
23	24.8524
24	24.7044
25	25.4582
26	25.4215
27	25.8984
28	26.1568
29	25.7682
30	27.2819
31	30.053
32	29.556
33	29.1333
34	28.5736
35	28.1661
36	27.5712
37	27.2407
38	27.5564
39	27.3062
40	27.7105
41	28.4676
42	28.6228
43	28.1737
44	28.0401
45	27.8572
46	27.9637
47	27.7902
48	27.545
49	27.3433
50	27.0617
51	27.9354
52	27.7109
53	27.4769
54	27.3774
55	27.2192
56	26.8974
57	27.7882
58	27.971
59	27.7716
60	27.6768
61	27.912
62	27.6686
63	28.138
64	28.0604
65	27.8913
66	27.6477
67	27.4382
68	27.1736
69	26.9631
70	27.1566
71	26.9196
72	26.6768
73	26.637
74	26.4527
75	26.2793
76	26.0777
77	25.893
78	25.8989
79	25.7733
80	25.8287
81	25.6409
82	25.4661
83	26.0579
84	26.2787
85	26.3215
86	26.3274
87	26.1207
88	26.0427
89	26.0634
90	25.9167
91	26.0517
92	25.9902
93	26.4183
94	26.6769
95	26.7109
96	26.6462
97	26.4772
98	26.3598
99	26.2605
100	26.193
101	26.0278
102	25.8355
103	25.8786
104	25.9486
105	25.9282
106	26.0078
107	25.8833
108	25.7896
109	25.7117
110	25.7141
111	25.5687
112	25.6359
113	25.4992
114	25.3658
115	25.4957
116	25.6377
117	25.4989
118	25.3495
119	25.2003
120	25.2282
121	25.1835
122	25.0557
123	25.0702
124	25.0596
125	25.035
126	25.0893
127	25.0444
128	24.9181
129	24.9677
130	24.8541
131	24.7383
132	24.6798
133	24.6758
134	24.5611
135	24.5416
136	24.4691
137	24.3879
138	24.3463
139	24.3225
140	24.4035
141	24.456
142	24.447
143	24.4972
144	24.6298
145	25.2663
146	25.5221
147	25.5285
148	25.5753
149	25.4935
150	25.4545
151	25.4078
152	25.3129
153	25.2041
154	25.1033
155	25.0334
156	25.0227
157	25.0008
158	24.9001
159	24.8315
160	24.7673
161	24.6869
162	24.628
163	24.5571
164	24.651
165	24.617
166	24.5397
167	24.5434
168	24.5157
169	24.5572
170	24.5248
171	24.5087
172	24.427
173	24.5103
174	24.4774
175	24.399
176	24.3592
177	24.3174
178	24.2792
179	24.3551
180	24.3382
181	24.2328
182	24.2638
183	24.1984
184	24.1238
185	24.1763
186	24.1201
187	24.1208
188	24.2906
189	24.2332
190	24.1768
191	24.1437
192	24.093
193	24.0554
194	24.0368
195	24.0654
196	24.0177
197	23.9559
198	23.9369
199	23.8793
200	23.8626
201	23.8524
202	23.8793
203	23.9431
204	23.9598
205	23.9177
206	23.9466
207	23.9833
208	23.9085
209	23.8654
210	23.8047
211	23.8718
212	24.1243
213	24.2563
214	24.2148
215	24.181
216	24.2597
217	24.2462
218	24.2563
219	24.212
220	24.1795
221	24.218
222	24.2254
223	24.2322
224	24.2193
225	24.1842
226	24.2053
227	24.433
228	24.4562
229	24.4725
230	24.4768
231	24.4234
232	24.4205
233	24.4447
234	24.4001
235	24.3638
236	24.3229
237	24.3256
238	24.275
239	24.2436
240	24.225
241	24.1952
242	24.1403
243	24.1315
244	24.0643
245	24.0012
246	23.9498
247	23.9221
248	23.9359
249	23.8849
250	23.8537
251	23.8312
252	23.9542
253	24.3083
254	24.4768
255	24.4602
256	24.4829
257	24.4732
258	24.5182
259	24.6185
260	24.5579
261	24.7945
262	24.767
263	24.7538
264	24.7528
265	24.7354
266	24.7081
267	24.7768
268	24.8034
269	24.7946
270	25.0062
271	25.0165
272	25.0399
273	25.0693
274	25.0124
275	24.9751
276	24.9223
277	24.927
278	25.1197
279	25.1858
280	25.2786
281	25.2283
282	25.3028
283	25.4522
284	25.3942
285	25.3515
286	25.2916
287	25.2661
288	25.2624
289	25.2124
290	25.2042
291	25.2559
292	25.2509
293	25.2188
294	25.1639
295	25.1037
296	25.0536
297	25.0188
298	24.9669
299	24.9226
300	25.0089
301	24.9776
302	24.9838
303	25.0254
304	24.9729
305	24.9523
306	24.9023
307	24.9075
308	24.8952
309	24.8884
310	24.8334
311	24.8078
312	24.7891
313	24.7445
314	24.7296
315	24.7437
316	24.7281
317	24.6928
318	24.7275
319	24.713
320	24.6869
321	24.6336
322	24.6219
323	24.612
324	24.6161
325	24.6811
326	24.7303
327	24.6919
328	24.6509
329	24.6418
330	24.6474
331	24.6761
332	24.6383
333	24.5874
334	24.5759
335	24.5635
336	24.5527
337	24.5516
338	24.5089
339	24.491
340	24.4508
341	24.4245
342	24.4087
343	24.4153
344	24.3932
345	24.3856
346	24.368
347	24.4202
348	24.4126
349	24.4686
350	24.4849
351	24.4657
352	24.4771
353	24.5039
354	24.5937
355	24.6175
356	24.622
357	24.5992
358	24.6879
359	24.8092
360	24.8033
361	24.7852
362	24.8159
363	24.7905
364	24.8406
365	24.8103
366	24.8007
367	24.8646
368	25.1078
369	25.2985
370	25.2797
371	25.2816
372	25.2549
373	25.2115
374	25.2356
375	25.2431
376	25.2007
377	25.1582
378	25.1213
379	25.1507
380	25.1799
381	25.151
382	25.1423
383	25.0998
384	25.0978
385	25.104
386	25.1157
387	25.1028
388	25.0702
389	25.0467
390	25.0649
391	25.0208
392	24.9805
393	24.9667
394	24.9372
395	24.9321
396	24.9074
397	24.9359
398	25.1296
399	25.1677
400	25.2572
401	25.2398
402	25.2238
403	25.187
404	25.1448
405	25.1337
406	25.1073
407	25.1602
408	25.3145
409	25.2784
410	25.2477
411	25.2607
412	25.2224
413	25.1939
414	25.2036
415	25.1637
416	25.1374
417	25.1303
418	25.0975
419	25.1357
420	25.1164
421	25.1058
422	25.1212
423	25.1192
424	25.1492
425	25.1582
426	25.152
427	25.1351
428	25.0935
429	25.1195
430	25.1235
431	25.1103
432	25.1106
433	25.0788
434	25.0593
435	25.0304
436	25.0064
437	24.9805
438	24.9985
439	25.1405
440	25.1545
441	25.1599
442	25.129
443	25.161
444	25.1661
445	25.1542
446	25.1663
447	25.1439
448	25.1949
449	25.1741
450	25.135
451	25.113
452	25.0807
453	25.0496
454	25.0165
455	24.9819
456	24.9568
457	24.9327
458	24.896
459	24.906
460	24.8738
461	24.8856
462	24.9288
463	24.948
464	24.9795
465	24.9665
466	24.9326
467	24.9264
468	24.8965
469	24.8808
470	24.8848
471	24.8486
472	24.8161
473	24.8154
474	24.8449
475	24.8378
476	24.8762
477	24.8851
478	24.8634
479	24.8273
480	24.8143
481	24.8503
482	24.9306
483	24.9111
484	24.903
485	24.9255
486	24.9139
487	24.9027
488	24.8806
489	24.9144
490	24.9065
491	24.9968
492	25.1388
493	25.1413
494	25.1216
495	25.1058
496	25.0998
497	25.0822
498	25.1197
499	25.1208
500	25.0891
501	25.0604
502	25.0723
503	25.0734
504	25.0467
505	25.0145
506	25.0264
507	25.0521
508	25.1015
509	25.0716
510	25.0458
511	25.0418
512	25.0405
513	25.0289
514	25.0111
515	25.0203
516	25.0621
517	25.1931
518	25.2383
519	25.2113
520	25.2115
521	25.22
522	25.1929
523	25.2034
524	25.2121
525	25.207
526	25.3573
527	25.5014
528	25.487
529	25.4834
530	25.4566
531	25.4316
532	25.4036
533	25.3686
534	25.3717
535	25.3535
536	25.3176
537	25.3035
538	25.2939
539	25.2622
540	25.2601
541	25.3086
542	25.3213
543	25.2958
544	25.2766
545	25.2683
546	25.2746
547	25.244
548	25.2435
549	25.3136
550	25.2984
551	25.2729
552	25.2684
553	25.2604
554	25.248
555	25.2206
556	25.226
557	25.2347
558	25.2092
559	25.2439
560	25.2751
561	25.2916
562	25.2612
563	25.2504
564	25.2271
565	25.2181
566	25.2097
567	25.1767
568	25.1642
569	25.1581
570	25.1328
571	25.1194
572	25.0977
573	25.0763
574	25.0816
575	25.142
576	25.1257
577	25.1165
578	25.1135
579	25.0961
580	25.1047
581	25.0959
582	25.1093
583	25.0995
584	25.0808
585	25.0494
586	25.0298
587	25.0301
588	25.0104
589	24.9799
590	24.981
591	25.0364
592	25.0182
593	25.0016
594	24.9824
595	24.9815
596	24.9984
597	24.97
598	24.9489
599	24.9187
600	24.8959
601	24.8876
602	24.8662
603	24.8778
604	24.9515
605	24.9642
606	25.0087
607	25.0184
608	25.0056
609	24.976
610	24.9533
611	24.9293
612	24.9206
613	24.9343
614	24.9135
615	24.894
616	24.8707
617	24.8611
618	24.841
619	24.8217
620	24.7991
621	24.7772
622	24.77
623	24.7535
624	24.7516
625	24.7337
626	24.7097
627	24.6904
628	24.7486
629	24.8483
630	24.8682
631	24.9301
632	24.9071
633	24.8922
634	24.8622
635	24.846
636	24.8492
637	24.9286
638	25.0094
639	24.9974
640	24.9743
641	24.9701
642	24.9419
643	24.9418
644	25.0232
645	25.0599
646	25.0484
647	25.051
648	25.0466
649	25.0348
650	25.0144
651	24.9973
652	24.9761
653	24.9784
654	24.9639
655	24.9532
656	24.9428
657	24.9493
658	24.923
659	24.9217
660	24.9175
661	24.9062
662	24.905
663	24.8963
664	24.9399
665	24.9605
666	25.0069
667	25.0307
668	25.0286
669	25.0564
670	25.0428
671	25.0334
672	25.0081
673	25.0111
674	24.9898
675	24.9828
676	24.9802
677	24.9815
678	24.9686
679	24.9584
680	24.9472
681	24.936
682	24.9191
683	24.9419
684	25.0245
685	25.0239
686	25.0006
687	24.9918
688	24.9848
689	24.9735
690	24.9518
691	24.9385
692	24.9132
693	24.927
694	24.9199
695	24.9224
696	24.9688
697	24.9724
698	24.9786
699	24.9697
700	24.95
701	24.969
702	24.9623
703	24.9687
704	24.9512
705	24.9326
706	24.9402
707	24.9419
708	24.9733
709	24.9572
710	24.9618
711	24.9552
712	24.9347
713	24.9228
714	24.9778
715	25.0113
716	24.9941
717	24.9783
718	24.9566
719	24.9439
720	24.9228
721	24.9056
722	24.9059
723	24.8988
724	24.8889
725	24.8726
726	24.8693
727	24.8548
728	24.8686
729	24.8516
730	24.8998
731	24.9409
732	24.9351
733	24.9244
734	24.9275
735	24.9248
736	24.9215
737	24.8963
738	24.8728
739	24.872
740	24.9623
741	25.1054
742	25.0969
743	25.0825
744	25.065
745	25.0675
746	25.0483
747	25.0234
748	25.0267
749	25.0098
750	25.0015
751	25.0059
752	25.0398
753	25.0596
754	25.2071
755	25.2939
756	25.2821
757	25.3218
758	25.4247
759	25.4075
760	25.3929
761	25.3697
762	25.3612
763	25.3462
764	25.3247
765	25.314
766	25.3186
767	25.2992
768	25.4229
769	25.4355
770	25.4428
771	25.4471
772	25.4307
773	25.4422
774	25.427
775	25.4303
776	25.4296
777	25.4242
778	25.4256
779	25.4644
780	25.4702
781	25.4591
782	25.4418
783	25.4297
784	25.4166
785	25.5089
786	25.5238
787	25.5015
788	25.4769
789	25.4508
790	25.4531
791	25.4476
792	25.4348
793	25.447
794	25.4499
795	25.4477
796	25.4268
797	25.4119
798	25.4323
799	25.4508
800	25.4297
801	25.4474
802	25.4562
803	25.4453
804	25.4496
805	25.458
806	25.4856
807	25.4788
808	25.4629
809	25.4753
810	25.4902
811	25.492
812	25.4723
813	25.4617
814	25.4532
815	25.4435
816	25.4334
817	25.419
818	25.4014
819	25.4291
820	25.6024
821	25.782
822	25.8642
823	25.8442
824	25.8572
825	25.842
826	25.8333
827	25.8322
828	25.852
829	25.8613
830	25.8427
831	25.8543
832	25.8329
833	25.812
834	25.8026
835	25.8171
836	25.8273
837	25.8348
838	25.8794
839	25.8614
840	25.8861
841	25.8721
842	25.8752
843	25.8566
844	25.8457
845	25.8479
846	25.8532
847	25.8423
848	25.8234
849	25.8143
850	25.7954
851	25.7779
852	25.7619
853	25.7441
854	25.7383
855	25.7185
856	25.7303
857	25.7122
858	25.6924
859	25.733
860	25.7653
861	25.7432
862	25.7236
863	25.703
864	25.6849
865	25.687
866	25.6968
867	25.6794
868	25.6618
869	25.6457
870	25.6326
871	25.6227
872	25.6456
873	25.7009
874	25.6917
875	25.6792
876	25.6744
877	25.6693
878	25.6527
879	25.6346
880	25.6409
881	25.6353
882	25.7016
883	25.7595
884	25.7925
885	25.7737
886	25.757
887	25.7509
888	25.7549
889	25.7388
890	25.7272
891	25.7094
892	25.7037
893	25.7423
894	25.733
895	25.719
896	25.7134
897	25.7337
898	25.7352
899	25.7292
900	25.7061
901	25.6882
902	25.6753
903	25.6794
904	25.6696
905	25.652
906	25.637
907	25.6324
908	25.6378
909	25.6206
910	25.6217
911	25.606
912	25.5938
913	25.5809
914	25.5678
915	25.5713
916	25.5699
917	25.597
918	25.6081
919	25.629
920	25.6345
921	25.6158
922	25.6011
923	25.6031
924	25.6151
925	25.6886
926	25.6776
927	25.6678
928	25.6541
929	25.6475
930	25.6354
931	25.6161
932	25.6006
933	25.5968
934	25.6584
935	25.6836
936	25.6729
937	25.6642
938	25.6506
939	25.6377
940	25.6371
941	25.6206
942	25.6045
943	25.5907
944	25.5713
945	25.5644
946	25.5522
947	25.5377
948	25.5297
949	25.542
950	25.5309
951	25.5157
952	25.501
953	25.4818
954	25.4772
955	25.4962
956	25.5212
957	25.5381
958	25.5231
959	25.5045
960	25.503
961	25.5117
962	25.5092
963	25.5053
964	25.4977
965	25.4801
966	25.4734
967	25.4834
968	25.4654
969	25.4569
970	25.4493
971	25.4481
972	25.4712
973	25.4563
974	25.4697
975	25.4561
976	25.4407
977	25.4249
978	25.417
979	25.4827
980	25.4793
981	25.4758
982	25.4932
983	25.4792
984	25.4676
985	25.4531
986	25.4427
987	25.4775
988	25.5201
989	25.5483
990	25.5874
991	25.6391
992	25.6242
993	25.6108
994	25.6
995	25.5965
996	25.5864
997	25.5735
998	25.5827
999	25.6082
