0	0.0106078
1	0.0143876
2	0.0170121
3	0.0145883
4	0.0141375
5	0.0133083
6	0.0133505
7	0.0125728
8	0.0121519
9	0.0119218
10	0.0120431
11	0.0122478
12	0.0118811
13	0.0115267
14	0.0112501
15	0.0110087
16	0.0115182
17	0.0116096
18	0.0117491
19	0.0117142
20	0.0115931
21	0.0116309
22	0.0116998
23	0.0116382
24	0.0116141
25	0.0114039
26	0.0113718
27	0.0111828
28	0.0111204
29	0.0111473
30	0.0110195
31	0.0110835
32	0.0110535
33	0.0110048
34	0.0110951
35	0.0111817
36	0.0112624
37	0.0113539
38	0.0114604
39	0.0113737
40	0.0113062
41	0.0114074
42	0.011343
43	0.0112939
44	0.0113591
45	0.0113254
46	0.0112614
47	0.0112201
48	0.0113315
49	0.0113456
50	0.0115102
51	0.0114202
52	0.0115042
53	0.0115062
54	0.0115223
55	0.0114911
56	0.0115316
57	0.0115092
58	0.0114479
59	0.011427
60	0.011523
61	0.0114608
62	0.0113451
63	0.0113177
64	0.0113268
65	0.0113363
66	0.0114066
67	0.0113388
68	0.0113207
69	0.0113774
70	0.0113562
71	0.0112978
72	0.0113708
73	0.0114079
74	0.0114119
75	0.0113907
76	0.0113064
77	0.0113229
78	0.0113396
79	0.0113915
80	0.0114711
81	0.0115072
82	0.0114931
83	0.0114659
84	0.0115168
85	0.0114961
86	0.0114418
87	0.011427
88	0.0114244
89	0.0114131
90	0.0114105
91	0.0115537
92	0.011538
93	0.0116574
94	0.0115911
95	0.0115277
96	0.0115023
97	0.0114815
98	0.0115282
99	0.0114967
100	0.0114688
101	0.0114663
102	0.0114493
103	0.0114791
104	0.0115152
105	0.0115206
106	0.0114812
107	0.01145
108	0.0113861
109	0.0113787
110	0.0113888
111	0.0113871
112	0.0114015
113	0.0114122
114	0.0114196
115	0.011431
116	0.0113706
117	0.011342
118	0.0113205
119	0.0113303
120	0.0113867
121	0.0114053
122	0.0113801
123	0.0113804
124	0.0113471
125	0.0113536
126	0.0113561
127	0.0113334
128	0.0113258
129	0.0113036
130	0.0112597
131	0.0112859
132	0.0112759
133	0.0112548
134	0.0112901
135	0.0113492
136	0.01143
137	0.0114579
138	0.0114063
139	0.0114512
140	0.0114504
141	0.0114436
142	0.011466
143	0.0114602
144	0.0115118
145	0.0115196
146	0.01153
147	0.0115075
148	0.0114893
149	0.0114768
150	0.011467
151	0.0114687
152	0.0114652
153	0.0114717
154	0.0114555
155	0.0114433
156	0.0113925
157	0.0113741
158	0.0113521
159	0.011345
160	0.0113395
161	0.0113523
162	0.0113457
163	0.0112973
164	0.0112736
165	0.0112909
166	0.0112867
167	0.0112627
168	0.0112672
169	0.0112357
170	0.0112172
171	0.0112062
172	0.0111777
173	0.0111514
174	0.0111344
175	0.0111747
176	0.0111567
177	0.0111703
178	0.0111532
179	0.0111654
180	0.0111475
181	0.0112125
182	0.0112253
183	0.0111942
184	0.0112227
185	0.0112062
186	0.0112183
187	0.0112252
188	0.0112176
189	0.0112423
190	0.0112514
191	0.0112312
192	0.0112491
193	0.0112625
194	0.0112491
195	0.0112528
196	0.0112402
197	0.0112262
198	0.0112538
199	0.011246
200	0.0112519
201	0.0112622
202	0.0112543
203	0.0112545
204	0.0112488
205	0.0112583
206	0.0112504
207	0.0113012
208	0.011283
209	0.0112995
210	0.011296
211	0.0112626
212	0.0112673
213	0.0112852
214	0.0112794
215	0.0112984
216	0.0112876
217	0.011283
218	0.0113096
219	0.0112884
220	0.0112976
221	0.0112813
222	0.0112869
223	0.0112879
224	0.0112854
225	0.0112767
226	0.0112871
227	0.011274
228	0.0112965
229	0.0112908
230	0.0113035
231	0.011279
232	0.0112652
233	0.0112731
234	0.0112654
235	0.0112598
236	0.0112492
237	0.011239
238	0.0112415
239	0.0112411
240	0.0112356
241	0.0112381
242	0.0112324
243	0.0112218
244	0.0112149
245	0.0111902
246	0.0111974
247	0.0112384
248	0.0112335
249	0.0112305
250	0.0112171
251	0.011229
252	0.0112192
253	0.0112228
254	0.011243
255	0.0112633
256	0.0112551
257	0.0112437
258	0.0112225
259	0.0112109
260	0.0112442
261	0.0112413
262	0.0112335
263	0.0112242
264	0.0112223
265	0.0112334
266	0.011213
267	0.0111966
268	0.0112139
269	0.0112032
270	0.0111779
271	0.0111666
272	0.0111616
273	0.0111449
274	0.0111417
275	0.0111504
276	0.0111399
277	0.0111407
278	0.0111312
279	0.011131
280	0.0111336
281	0.0111401
282	0.0111398
283	0.0111263
284	0.0111107
285	0.0110985
286	0.0110981
287	0.0110864
288	0.0110948
289	0.0111016
290	0.0111248
291	0.0111186
292	0.0111071
293	0.011096
294	0.0111011
295	0.0110786
296	0.0110882
297	0.0110936
298	0.0110774
299	0.0110911
300	0.011085
301	0.0110916
302	0.0110802
303	0.0110842
304	0.0111051
305	0.0110998
306	0.0110832
307	0.0110762
308	0.0110741
309	0.0110872
310	0.0110815
311	0.0110812
312	0.0111008
313	0.011133
314	0.0111338
315	0.011148
316	0.0111275
317	0.0111296
318	0.01112
319	0.0111039
320	0.0111146
321	0.0111135
322	0.0111244
323	0.0111139
324	0.0111168
325	0.0111182
326	0.0111116
327	0.0111094
328	0.0111142
329	0.0111054
330	0.0110975
331	0.0110996
332	0.0111013
333	0.0110972
334	0.011115
335	0.0111072
336	0.0111184
337	0.0111209
338	0.0111254
339	0.0111141
340	0.011122
341	0.0111243
342	0.0111166
343	0.0111017
344	0.0111082
345	0.0111106
346	0.0111223
347	0.01111
348	0.0110973
349	0.0111117
350	0.0111234
351	0.0111204
352	0.0111222
353	0.0111046
354	0.0111086
355	0.0111043
356	0.0111048
357	0.0111075
358	0.011102
359	0.0111068
360	0.0111184
361	0.011111
362	0.0111158
363	0.0111435
364	0.011125
365	0.0111254
366	0.0111133
367	0.0111118
368	0.0111472
369	0.011137
370	0.0111243
371	0.0111369
372	0.0111354
373	0.0111426
374	0.0111543
375	0.0111415
376	0.0111771
377	0.0111782
378	0.0111807
379	0.0111977
380	0.0111883
381	0.0111803
382	0.0111783
383	0.0111714
384	0.0111728
385	0.0111743
386	0.0111792
387	0.0111797
388	0.0111696
389	0.0111617
390	0.0111577
391	0.01116
392	0.0111647
393	0.0111525
394	0.0111536
395	0.0111508
396	0.0111466
397	0.0111531
398	0.0111487
399	0.0111513
400	0.0111562
401	0.0111532
402	0.0111642
403	0.0111652
404	0.0111603
405	0.0111567
406	0.0111713
407	0.0111704
408	0.0111903
409	0.0111976
410	0.0112023
411	0.0111974
412	0.0111935
413	0.0111858
414	0.011176
415	0.0111644
416	0.0111575
417	0.0111419
418	0.0111463
419	0.0111544
420	0.0111567
421	0.011163
422	0.01116
423	0.0111587
424	0.0111495
425	0.0111527
426	0.0111874
427	0.0111812
428	0.0111763
429	0.0111695
430	0.0111726
431	0.0111747
432	0.0111677
433	0.0111776
434	0.0111771
435	0.011165
436	0.0111764
437	0.0111715
438	0.0111752
439	0.0111995
440	0.011194
441	0.0111904
442	0.0111953
443	0.0111885
444	0.0111823
445	0.0111805
446	0.0111976
447	0.011206
448	0.0112082
449	0.011207
450	0.0112074
451	0.011196
452	0.0111901
453	0.0111877
454	0.0111826
455	0.011192
456	0.0111848
457	0.0111866
458	0.0111811
459	0.0111898
460	0.011188
461	0.0111765
462	0.011178
463	0.011174
464	0.0111742
465	0.0111743
466	0.0111686
467	0.0111608
468	0.011152
469	0.0111557
470	0.0111505
471	0.0111536
472	0.0111504
473	0.0111477
474	0.0111407
475	0.0111334
476	0.0111288
477	0.011139
478	0.0111284
479	0.0111231
480	0.0111156
481	0.0111165
482	0.0111246
483	0.0111194
484	0.0111139
485	0.0111135
486	0.0111252
487	0.0111304
488	0.011125
489	0.0111257
490	0.0111181
491	0.0111145
492	0.0111223
493	0.0111216
494	0.0111226
495	0.011133
496	0.0111253
497	0.0111197
498	0.0111185
499	0.01112
