0	14.1796
1	12.0845
2	12.0698
3	13.7158
4	14.4494
5	14.4517
6	13.2292
7	13.2033
8	13.8017
9	13.7365
10	14.2239
11	16.9093
12	21.4599
13	21.45
14	20.5971
15	20.1835
16	19.7023
17	19.5347
18	20.4801
19	21.2855
20	21.2796
21	20.7859
22	21.0442
23	20.4851
24	20.6538
25	23.0709
26	22.7672
27	22.3889
28	22.7278
29	23.5442
30	23.3174
31	23.0293
32	22.7201
33	22.4864
34	22.2151
35	22.0942
36	21.8235
37	21.8099
38	21.9766
39	22.0281
40	22.136
41	22.2071
42	22.0778
43	21.7782
44	21.8186
45	22.336
46	23.2265
47	23.1471
48	22.9585
49	23.1362
50	22.9571
51	22.7155
52	22.8186
53	22.7986
54	22.5557
55	22.5354
56	22.3104
57	22.1247
58	22.1323
59	22.1734
60	22.0279
61	21.8336
62	21.7024
63	22.2772
64	23.6704
65	23.7808
66	23.5712
67	23.4827
68	23.9676
69	23.7678
70	23.8191
71	23.8434
72	23.6591
73	23.4827
74	23.5314
75	25.0937
76	24.916
77	24.8182
78	24.7838
79	24.9103
80	24.9687
81	24.9123
82	24.7301
83	24.7395
84	24.7303
85	24.6011
86	25.0825
87	24.939
88	24.7941
89	24.7156
90	24.6852
91	24.6343
92	24.6859
93	24.7394
94	24.6719
95	24.6595
96	24.8124
97	24.8564
98	24.6886
99	24.7559
100	24.626
101	24.5725
102	24.4269
103	24.3403
104	24.5421
105	24.6496
106	24.5133
107	24.593
108	24.5573
109	24.6898
110	24.6448
111	24.5389
112	24.7822
113	24.9509
114	24.915
115	24.8832
116	24.8495
117	24.7093
118	24.7504
119	24.6962
120	24.6114
121	24.5396
122	24.4317
123	24.3749
124	24.3699
125	24.2872
126	24.5815
127	24.6628
128	24.6131
129	24.5324
130	24.4204
131	24.3437
132	24.2881
133	24.636
134	24.5548
135	24.4889
136	24.4319
137	24.4287
138	24.6507
139	24.6156
140	24.6386
141	24.5594
142	24.5897
143	24.6828
144	24.7821
145	24.6913
146	24.8443
147	24.9226
148	24.8759
149	24.8516
150	24.7541
151	24.6649
152	24.5928
153	24.7163
154	24.8213
155	24.8485
156	24.8118
157	24.7577
158	24.6635
159	24.5682
160	24.6455
161	24.6104
162	24.5347
163	24.5601
164	24.5156
165	24.4576
166	24.4421
167	24.3646
168	24.3102
169	24.4062
170	24.6037
171	24.5523
172	24.4775
173	24.4769
174	24.9419
175	24.9502
176	24.8813
177	25.5686
178	25.47
179	25.3923
180	25.3916
181	25.3799
182	25.5298
183	25.621
184	25.6006
185	25.6047
186	25.6176
187	25.5341
188	25.4706
189	25.4426
190	25.4356
191	25.3471
192	25.5156
193	25.4368
194	25.3638
195	25.4427
196	25.4306
197	25.362
198	25.2982
199	25.258
200	25.2331
201	25.1631
202	25.1115
203	25.0547
204	25.2415
205	25.2315
206	25.1507
207	25.1332
208	25.4625
209	25.4691
210	25.4205
211	25.3414
212	25.3383
213	25.6413
214	25.5883
215	25.5083
216	25.4665
217	25.4732
218	25.4885
219	25.4964
220	25.5803
221	25.5164
222	25.4932
223	25.7871
224	25.7248
225	25.7045
226	25.7626
227	25.7767
228	25.7372
229	25.7498
230	25.7009
231	25.6447
232	25.6506
233	25.5951
234	25.5733
235	25.5141
236	25.5238
237	25.6246
238	25.7223
239	25.6927
240	25.7301
241	25.8851
242	25.8274
243	25.8943
244	25.8349
245	25.8262
246	25.7832
247	25.73
248	25.8345
249	25.9141
250	25.8551
251	25.844
252	26.0281
253	26.0516
254	26.0255
255	26.0148
256	26.2638
257	26.3861
258	26.3278
259	26.3119
260	26.2498
261	26.1958
262	26.1282
263	26.1401
264	26.0835
265	26.0269
266	26.0501
267	26.0101
268	26.0847
269	26.0573
270	26.1191
271	26.1097
272	26.0526
273	25.992
274	25.9527
275	26.0043
276	25.9504
277	25.9424
278	25.9578
279	25.9675
280	26.0424
281	25.9797
282	25.925
283	25.8915
284	25.83
285	25.9554
286	25.9171
287	25.9126
288	25.9151
289	25.8888
290	25.8319
291	25.922
292	25.8838
293	25.8614
294	25.896
295	25.9015
296	25.8559
297	25.8219
298	26.308
299	26.2617
300	26.2245
301	26.3243
302	26.3113
303	26.3173
304	26.2715
305	26.2285
306	26.184
307	26.1604
308	26.2217
309	26.2001
310	26.1696
311	26.238
312	26.2523
313	26.214
314	26.1599
315	26.1347
316	26.1546
317	26.1172
318	26.1164
319	26.1065
320	26.0726
321	26.0301
322	25.9911
323	26.2434
324	26.2324
325	26.1883
326	26.2505
327	26.2226
328	26.1756
329	26.2256
330	26.1894
331	26.2029
332	26.2001
333	26.1506
334	26.1046
335	26.1488
336	26.1519
337	26.1279
338	26.1046
339	26.1352
340	26.1287
341	26.1752
342	26.1479
343	26.1158
344	26.0881
345	26.096
346	26.086
347	26.1362
348	26.1035
349	26.1815
350	26.1518
351	26.1022
352	26.0743
353	26.0257
354	26.0035
355	25.9679
356	26.2534
357	26.3165
358	26.2794
359	26.2638
360	26.2365
361	26.2186
362	26.1982
363	26.1609
364	26.1634
365	26.1196
366	26.1132
367	26.113
368	26.2305
369	26.1928
370	26.1497
371	26.2159
372	26.3071
373	26.2732
374	26.2536
375	26.2095
376	26.1889
377	26.1705
378	26.1309
379	26.09
380	26.1541
381	26.1377
382	26.1083
383	26.1103
384	26.08
385	26.0383
386	26.0469
387	26.0827
388	26.0477
389	26.1122
390	26.076
391	26.0456
392	26.0471
393	26.0353
394	26.0366
395	26.1251
396	26.0842
397	26.0411
398	26.0054
399	26.0323
400	26.0926
401	26.0723
402	26.0349
403	26.0594
404	26.027
405	26.0119
406	26.0849
407	26.107
408	26.0807
409	26.0934
410	26.0739
411	26.1309
412	26.1505
413	26.1674
414	26.1574
415	26.1197
416	26.0789
417	26.1208
418	26.1947
419	26.2544
420	26.2498
421	26.2235
422	26.1903
423	26.1957
424	26.1564
425	26.1941
426	26.2564
427	26.2289
428	26.2478
429	26.2629
430	26.2306
431	26.2051
432	26.2083
433	27.0125
434	26.9802
435	26.962
436	26.9325
437	26.932
438	26.9252
439	26.8917
440	26.9517
441	27.0322
442	27.0152
443	27.0539
444	27.1031
445	27.066
446	27.091
447	27.079
448	27.0458
449	27.0209
450	27.0226
451	27.0277
452	26.9958
453	26.9682
454	26.9351
455	26.8998
456	26.8841
457	26.8505
458	26.8813
459	26.8551
460	26.8339
461	26.7993
462	26.791
463	26.7615
464	26.753
465	26.7329
466	26.7053
467	26.6826
468	26.6848
469	26.6742
470	26.6721
471	26.655
472	26.661
473	26.6295
474	26.6223
475	26.6393
476	26.6416
477	26.6181
478	26.5782
479	26.5421
480	26.528
481	26.57
482	26.5585
483	26.5344
484	26.5056
485	26.4919
486	26.4703
487	26.4363
488	26.4395
489	26.4132
490	26.3994
491	26.3841
492	26.3504
493	26.3145
494	26.3142
495	26.3044
496	26.2705
497	26.2629
498	26.2463
499	26.2311
