0	0.345059
1	0.395257
2	0.38612
3	0.378591
4	0.363302
5	0.361372
6	0.36102
7	0.365776
8	0.351753
9	0.345348
10	0.349861
11	0.368569
12	0.360365
13	0.367495
14	0.364449
15	0.362353
16	0.35466
17	0.364509
18	0.360174
19	0.355689
20	0.362092
21	0.364244
22	0.369417
23	0.369697
24	0.364877
25	0.364974
26	0.36294
27	0.361846
28	0.364808
29	0.372259
30	0.371017
31	0.373089
32	0.369315
33	0.369404
34	0.366464
35	0.364531
36	0.367943
37	0.367636
38	0.367197
39	0.368314
40	0.361725
41	0.358029
42	0.359713
43	0.362963
44	0.364037
45	0.362031
46	0.364243
47	0.36524
48	0.362743
49	0.361987
50	0.359939
51	0.359121
52	0.356377
53	0.35904
54	0.359309
55	0.360663
56	0.357416
57	0.358448
58	0.358173
59	0.35925
60	0.364096
61	0.364682
62	0.365439
63	0.364378
64	0.362495
65	0.365525
66	0.365776
67	0.366908
68	0.364627
69	0.365334
70	0.365008
71	0.365288
72	0.365031
73	0.364696
74	0.366032
75	0.365511
76	0.365997
77	0.364318
78	0.363654
79	0.36517
80	0.3644
81	0.365526
82	0.365249
83	0.36429
84	0.364358
85	0.36425
86	0.364915
87	0.365489
88	0.366749
89	0.365263
90	0.365946
91	0.364985
92	0.36635
93	0.365657
94	0.365436
95	0.368115
96	0.36661
97	0.366472
98	0.367682
99	0.366347
100	0.370131
101	0.37139
102	0.370227
103	0.3701
104	0.370005
105	0.370619
106	0.371787
107	0.371388
108	0.370363
109	0.371391
110	0.370755
111	0.370905
112	0.372502
113	0.372996
114	0.373205
115	0.374299
116	0.377153
117	0.377439
118	0.376985
119	0.378134
120	0.377403
121	0.376994
122	0.37847
123	0.379864
124	0.38109
125	0.380014
126	0.379945
127	0.382319
128	0.381719
129	0.382486
130	0.382101
131	0.382228
132	0.382923
133	0.382054
134	0.38322
135	0.383367
136	0.383913
137	0.384132
138	0.383296
139	0.384032
140	0.384649
141	0.383893
142	0.383983
143	0.384382
144	0.383477
145	0.382924
146	0.382269
147	0.381167
148	0.381162
149	0.382068
150	0.383549
151	0.382992
152	0.382658
153	0.381467
154	0.383
155	0.383271
156	0.382426
157	0.382053
158	0.381172
159	0.381548
160	0.380255
161	0.380894
162	0.380338
163	0.38008
164	0.379805
165	0.37865
166	0.378353
167	0.37737
168	0.377265
169	0.376836
170	0.376657
171	0.376079
172	0.375032
173	0.376148
174	0.376196
175	0.375442
176	0.375063
177	0.374515
178	0.374657
179	0.374661
180	0.376325
181	0.376648
182	0.376387
183	0.376549
184	0.375544
185	0.375624
186	0.375345
187	0.374734
188	0.373943
189	0.373715
190	0.373556
191	0.372686
192	0.372344
193	0.372374
194	0.37128
195	0.371489
196	0.371318
197	0.372034
198	0.372034
199	0.373711
200	0.373707
201	0.374056
202	0.374265
203	0.374552
204	0.373874
205	0.373343
206	0.373212
207	0.373703
208	0.373983
209	0.374329
210	0.373806
211	0.374074
212	0.373804
213	0.372971
214	0.372788
215	0.373038
216	0.373203
217	0.374587
218	0.374672
219	0.373801
220	0.373775
221	0.375539
222	0.375307
223	0.375439
224	0.376287
225	0.375593
226	0.374977
227	0.374244
228	0.374392
229	0.373778
230	0.373784
231	0.373338
232	0.37355
233	0.37456
234	0.373862
235	0.374267
236	0.373902
237	0.374167
238	0.373582
239	0.373116
240	0.373288
241	0.372875
242	0.37252
243	0.372391
244	0.372213
245	0.372294
246	0.371756
247	0.372518
248	0.372049
249	0.372185
250	0.372815
251	0.372593
252	0.372659
253	0.371838
254	0.37169
255	0.371513
256	0.371347
257	0.37087
258	0.370722
259	0.370324
260	0.370279
261	0.370034
262	0.370581
263	0.370134
264	0.370018
265	0.369657
266	0.370427
267	0.369954
268	0.370343
269	0.370752
270	0.370116
271	0.369857
272	0.370153
273	0.370416
274	0.3708
275	0.371206
276	0.370795
277	0.370517
278	0.37036
279	0.37076
280	0.370141
281	0.370306
282	0.370511
283	0.371481
284	0.37198
285	0.371763
286	0.371765
287	0.371587
288	0.371749
289	0.371578
290	0.371046
291	0.370675
292	0.370161
293	0.370308
294	0.370151
295	0.370172
296	0.370398
297	0.370189
298	0.369857
299	0.369438
300	0.369878
301	0.370021
302	0.369699
303	0.369156
304	0.369491
305	0.371375
306	0.372257
307	0.371947
308	0.371872
309	0.371693
310	0.371273
311	0.37126
312	0.370852
313	0.370734
314	0.370511
315	0.370589
316	0.370333
317	0.370382
318	0.369972
319	0.370229
320	0.370105
321	0.370682
322	0.373911
323	0.374441
324	0.375039
325	0.375238
326	0.375379
327	0.375252
328	0.375928
329	0.375633
330	0.375493
331	0.375689
332	0.376619
333	0.376146
334	0.375806
335	0.37538
336	0.375149
337	0.375146
338	0.375665
339	0.376109
340	0.37624
341	0.376303
342	0.376
343	0.375796
344	0.37586
345	0.376295
346	0.376115
347	0.376017
348	0.375722
349	0.375387
350	0.375087
351	0.374818
352	0.374835
353	0.374812
354	0.374668
355	0.374351
356	0.374823
357	0.374366
358	0.374726
359	0.374755
360	0.374632
361	0.374694
362	0.375087
363	0.374819
364	0.375235
365	0.37544
366	0.375165
367	0.374784
368	0.375176
369	0.374968
370	0.374988
371	0.374749
372	0.375206
373	0.375065
374	0.375499
375	0.375837
376	0.376054
377	0.375795
378	0.375632
379	0.375375
380	0.375115
381	0.375153
382	0.374967
383	0.374988
384	0.374867
385	0.374442
386	0.374352
387	0.374912
388	0.374919
389	0.374607
390	0.374872
391	0.37484
392	0.375027
393	0.375136
394	0.374703
395	0.374627
396	0.375127
397	0.374978
398	0.374965
399	0.374781
400	0.37464
401	0.374635
402	0.374975
403	0.374862
404	0.376102
405	0.375665
406	0.375948
407	0.375899
408	0.375969
409	0.375868
410	0.375746
411	0.375717
412	0.375676
413	0.375529
414	0.3757
415	0.375411
416	0.375254
417	0.375457
418	0.375468
419	0.375873
420	0.375836
421	0.37576
422	0.37555
423	0.375246
424	0.375082
425	0.375261
426	0.374994
427	0.37519
428	0.375103
429	0.374868
430	0.374697
431	0.374759
432	0.374326
433	0.373968
434	0.373782
435	0.374397
436	0.373993
437	0.37387
438	0.373933
439	0.373665
440	0.373656
441	0.373645
442	0.373798
443	0.374561
444	0.374365
445	0.374048
446	0.373938
447	0.374056
448	0.373946
449	0.374152
450	0.374434
451	0.3744
452	0.373998
453	0.374491
454	0.374603
455	0.374558
456	0.374501
457	0.374276
458	0.374015
459	0.374721
460	0.374642
461	0.374577
462	0.374842
463	0.37468
464	0.374483
465	0.374796
466	0.374947
467	0.375342
468	0.375176
469	0.375034
470	0.375404
471	0.375056
472	0.374738
473	0.374744
474	0.375523
475	0.37543
476	0.375215
477	0.37511
478	0.374945
479	0.375943
480	0.376048
481	0.375815
482	0.376025
483	0.376172
484	0.376068
485	0.375997
486	0.375738
487	0.375897
488	0.37565
489	0.375656
490	0.375908
491	0.375749
492	0.37548
493	0.375711
494	0.375697
495	0.375504
496	0.375302
497	0.375117
498	0.375122
499	0.375064
500	0.375745
501	0.375957
502	0.375658
503	0.375384
504	0.375381
505	0.375613
506	0.375453
507	0.375422
508	0.375286
509	0.375498
510	0.37538
511	0.375764
512	0.375623
513	0.37544
514	0.375181
515	0.375454
516	0.376183
517	0.376301
518	0.376705
519	0.376882
520	0.376697
521	0.376625
522	0.376522
523	0.376522
524	0.37656
525	0.376768
526	0.376863
527	0.376627
528	0.376664
529	0.376655
530	0.377052
531	0.37715
532	0.376808
533	0.377327
534	0.377348
535	0.377075
536	0.376748
537	0.37678
538	0.376913
539	0.376692
540	0.376931
541	0.376678
542	0.376601
543	0.376588
544	0.376345
545	0.376437
546	0.37625
547	0.376169
548	0.376437
549	0.376197
550	0.376232
551	0.376147
552	0.376244
553	0.3763
554	0.376203
555	0.376059
556	0.376002
557	0.376038
558	0.375928
559	0.375676
560	0.376013
561	0.376143
562	0.376069
563	0.376084
564	0.376078
565	0.376465
566	0.37622
567	0.376131
568	0.376026
569	0.376152
570	0.376074
571	0.375989
572	0.376375
573	0.376943
574	0.37686
575	0.377105
576	0.377087
577	0.377577
578	0.377576
579	0.377531
580	0.377413
581	0.377256
582	0.377249
583	0.377613
584	0.377497
585	0.377574
586	0.378407
587	0.378559
588	0.378364
589	0.378336
590	0.378277
591	0.378153
592	0.378204
593	0.378363
594	0.378397
595	0.378167
596	0.37833
597	0.378201
598	0.378133
599	0.378048
600	0.377964
601	0.37768
602	0.37758
603	0.377508
604	0.37786
605	0.37765
606	0.377412
607	0.377726
608	0.377656
609	0.377683
610	0.377669
611	0.377529
612	0.377441
613	0.37729
614	0.377369
615	0.377242
616	0.377156
617	0.37697
618	0.376833
619	0.376921
620	0.377435
621	0.377117
622	0.377164
623	0.377277
624	0.377431
625	0.37732
626	0.377311
627	0.377139
628	0.377095
629	0.376914
630	0.377092
631	0.377233
632	0.37697
633	0.376969
634	0.376732
635	0.376524
636	0.376478
637	0.376266
638	0.37627
639	0.376135
640	0.37642
641	0.376346
642	0.376595
643	0.376549
644	0.376684
645	0.37704
646	0.377189
647	0.377146
648	0.376887
649	0.376744
650	0.376631
651	0.376504
652	0.37662
653	0.376834
654	0.376676
655	0.37672
656	0.376966
657	0.377037
658	0.377104
659	0.377106
660	0.376985
661	0.376996
662	0.376802
663	0.376436
664	0.376448
665	0.376387
666	0.376486
667	0.376564
668	0.376469
669	0.376311
670	0.376541
671	0.3764
672	0.376316
673	0.376206
674	0.376299
675	0.376339
676	0.37644
677	0.376411
678	0.376764
679	0.376589
680	0.376428
681	0.376152
682	0.376361
683	0.376421
684	0.376383
685	0.376513
686	0.376573
687	0.376567
688	0.376761
689	0.376704
690	0.376588
691	0.376654
692	0.377288
693	0.377144
694	0.377165
695	0.377001
696	0.377248
697	0.377139
698	0.376988
699	0.377041
700	0.377086
701	0.377022
702	0.376926
703	0.376729
704	0.377041
705	0.376991
706	0.377227
707	0.377234
708	0.377225
709	0.37729
710	0.377463
711	0.377654
712	0.377618
713	0.377561
714	0.377488
715	0.377535
716	0.377521
717	0.377425
718	0.377062
719	0.376914
720	0.376719
721	0.376811
722	0.376842
723	0.376637
724	0.376467
725	0.376374
726	0.376424
727	0.376245
728	0.376112
729	0.376145
730	0.376067
731	0.376078
732	0.376277
733	0.376323
734	0.376223
735	0.376364
736	0.376433
737	0.376399
738	0.376298
739	0.376144
740	0.376223
741	0.376416
742	0.37629
743	0.376187
744	0.375998
745	0.375867
746	0.375647
747	0.375583
748	0.375418
749	0.375287
750	0.375611
751	0.375465
752	0.375431
753	0.375383
754	0.375299
755	0.375333
756	0.375265
757	0.375422
758	0.375874
759	0.375897
760	0.375861
761	0.376063
762	0.376016
763	0.376115
764	0.376664
765	0.376653
766	0.376588
767	0.376841
768	0.377004
769	0.377454
770	0.377463
771	0.377442
772	0.377169
773	0.377144
774	0.377055
775	0.376915
776	0.376872
777	0.377019
778	0.377129
779	0.377149
780	0.377133
781	0.37706
782	0.376909
783	0.377057
784	0.376803
785	0.376922
786	0.376917
787	0.377066
788	0.377101
789	0.377328
790	0.377158
791	0.377391
792	0.377487
793	0.377225
794	0.377176
795	0.377023
796	0.376986
797	0.377245
798	0.377196
799	0.377225
800	0.377421
801	0.377356
802	0.377093
803	0.37714
804	0.377943
805	0.377936
806	0.378044
807	0.377871
808	0.377786
809	0.377576
810	0.377393
811	0.377321
812	0.377245
813	0.377104
814	0.377096
815	0.377074
816	0.377071
817	0.376931
818	0.376924
819	0.377032
820	0.376986
821	0.377562
822	0.377643
823	0.377399
824	0.377309
825	0.377356
826	0.377404
827	0.377407
828	0.37745
829	0.377547
830	0.377397
831	0.377401
832	0.377455
833	0.377351
834	0.377265
835	0.377104
836	0.37691
837	0.376675
838	0.376861
839	0.377016
840	0.376923
841	0.376831
842	0.37672
843	0.376507
844	0.376867
845	0.377133
846	0.377273
847	0.377301
848	0.377311
849	0.377335
850	0.377246
851	0.377643
852	0.378066
853	0.378004
854	0.377816
855	0.377847
856	0.377797
857	0.377994
858	0.377807
859	0.377725
860	0.377708
861	0.377692
862	0.37754
863	0.377667
864	0.377662
865	0.377501
866	0.377458
867	0.377449
868	0.377478
869	0.377369
870	0.377279
871	0.377227
872	0.377267
873	0.377305
874	0.377606
875	0.377686
876	0.377971
877	0.377834
878	0.378033
879	0.378078
880	0.37816
881	0.378129
882	0.378106
883	0.378117
884	0.378139
885	0.378033
886	0.377935
887	0.377796
888	0.377956
889	0.377951
890	0.377763
891	0.377769
892	0.377924
893	0.377861
894	0.377897
895	0.37794
896	0.377899
897	0.377762
898	0.377947
899	0.377804
900	0.377779
901	0.378192
902	0.378323
903	0.378416
904	0.378348
905	0.378125
906	0.378126
907	0.378018
908	0.378067
909	0.377877
910	0.377705
911	0.377615
912	0.377446
913	0.377392
914	0.377423
915	0.377277
916	0.377093
917	0.377026
918	0.377036
919	0.376945
920	0.376871
921	0.376846
922	0.376729
923	0.376453
924	0.376502
925	0.376729
926	0.376637
927	0.37642
928	0.376295
929	0.376415
930	0.376417
931	0.376386
932	0.376456
933	0.37641
934	0.376308
935	0.376232
936	0.376157
937	0.376343
938	0.376487
939	0.376422
940	0.376557
941	0.376397
942	0.376383
943	0.376163
944	0.376059
945	0.375977
946	0.375876
947	0.37574
948	0.375671
949	0.375657
950	0.375615
951	0.375461
952	0.375438
953	0.375516
954	0.375504
955	0.375434
956	0.375329
957	0.375394
958	0.37545
959	0.375479
960	0.375365
961	0.375335
962	0.375371
963	0.375324
964	0.375277
965	0.375047
966	0.374897
967	0.374688
968	0.374537
969	0.374527
970	0.374471
971	0.374385
972	0.374486
973	0.374302
974	0.374376
975	0.374391
976	0.374226
977	0.374159
978	0.37424
979	0.374252
980	0.374329
981	0.37427
982	0.374312
983	0.374309
984	0.374094
985	0.374137
986	0.374217
987	0.374131
988	0.374155
989	0.37427
990	0.374268
991	0.374318
992	0.374207
993	0.374174
994	0.374118
995	0.374158
996	0.374202
997	0.374109
998	0.374033
999	0.374075
