0	1.76718
1	1.80995
2	1.80999
3	1.83773
4	1.80202
5	1.80752
6	1.82103
7	1.82539
8	1.78776
9	1.76394
10	1.77236
11	1.82587
12	1.80317
13	1.81556
14	1.80122
15	1.78853
16	1.7739
17	1.79283
18	1.78431
19	1.77252
20	1.78523
21	1.78859
22	1.80025
23	1.80233
24	1.79032
25	1.79065
26	1.78763
27	1.78547
28	1.79366
29	1.81592
30	1.81114
31	1.81741
32	1.81237
33	1.81251
34	1.80672
35	1.80407
36	1.81461
37	1.81412
38	1.81543
39	1.81983
40	1.80303
41	1.79511
42	1.79856
43	1.80856
44	1.81071
45	1.80576
46	1.8106
47	1.81247
48	1.80744
49	1.80585
50	1.80187
51	1.80125
52	1.79457
53	1.80256
54	1.80083
55	1.80509
56	1.79837
57	1.79877
58	1.79847
59	1.8015
60	1.81489
61	1.81685
62	1.81929
63	1.81625
64	1.81422
65	1.82014
66	1.82035
67	1.82168
68	1.81662
69	1.81936
70	1.81944
71	1.82045
72	1.81874
73	1.81781
74	1.82148
75	1.81957
76	1.82085
77	1.81833
78	1.81737
79	1.82065
80	1.81725
81	1.8197
82	1.81971
83	1.81754
84	1.81643
85	1.8153
86	1.81612
87	1.8177
88	1.82016
89	1.81817
90	1.82041
91	1.81797
92	1.82127
93	1.81896
94	1.818
95	1.82423
96	1.81975
97	1.82039
98	1.8242
99	1.82102
100	1.82897
101	1.83245
102	1.83166
103	1.83071
104	1.83
105	1.83176
106	1.83509
107	1.8356
108	1.83328
109	1.83561
110	1.83429
111	1.8334
112	1.83677
113	1.83741
114	1.83766
115	1.84022
116	1.84599
117	1.84662
118	1.84521
119	1.84697
120	1.84585
121	1.84491
122	1.84878
123	1.85134
124	1.85359
125	1.85157
126	1.8511
127	1.85632
128	1.85537
129	1.8563
130	1.85662
131	1.85669
132	1.85882
133	1.85666
134	1.85871
135	1.85916
136	1.86182
137	1.86253
138	1.85989
139	1.86119
140	1.86365
141	1.86304
142	1.86387
143	1.86484
144	1.86248
145	1.86196
146	1.85991
147	1.85692
148	1.85647
149	1.85881
150	1.86254
151	1.86132
152	1.86048
153	1.85808
154	1.86103
155	1.86153
156	1.8593
157	1.85794
158	1.85652
159	1.857
160	1.8531
161	1.85519
162	1.85401
163	1.85383
164	1.85346
165	1.8512
166	1.84957
167	1.84751
168	1.84652
169	1.84654
170	1.84533
171	1.84449
172	1.84181
173	1.84468
174	1.84482
175	1.84338
176	1.84288
177	1.8427
178	1.84223
179	1.84248
180	1.8465
181	1.84675
182	1.84658
183	1.84705
184	1.84397
185	1.84385
186	1.84387
187	1.84264
188	1.84108
189	1.84063
190	1.84059
191	1.83868
192	1.83803
193	1.83778
194	1.835
195	1.83536
196	1.83521
197	1.83649
198	1.83641
199	1.84037
200	1.84024
201	1.84103
202	1.8413
203	1.8416
204	1.8399
205	1.83836
206	1.83854
207	1.83976
208	1.84058
209	1.84179
210	1.84059
211	1.84083
212	1.83998
213	1.83836
214	1.83795
215	1.83892
216	1.83923
217	1.84193
218	1.84214
219	1.8401
220	1.84
221	1.84374
222	1.84312
223	1.84354
224	1.84521
225	1.84331
226	1.84193
227	1.84002
228	1.84047
229	1.83906
230	1.83941
231	1.83782
232	1.83907
233	1.84116
234	1.83958
235	1.84079
236	1.84006
237	1.84056
238	1.8392
239	1.8384
240	1.83871
241	1.83714
242	1.83568
243	1.83572
244	1.83547
245	1.8356
246	1.83394
247	1.83544
248	1.83496
249	1.83576
250	1.83722
251	1.83672
252	1.83668
253	1.83457
254	1.83431
255	1.83351
256	1.83323
257	1.83201
258	1.83195
259	1.83137
260	1.83127
261	1.83004
262	1.83125
263	1.83034
264	1.83012
265	1.82948
266	1.83122
267	1.83004
268	1.8315
269	1.83286
270	1.83168
271	1.83137
272	1.83165
273	1.83225
274	1.83329
275	1.83385
276	1.83284
277	1.83189
278	1.8314
279	1.83273
280	1.83125
281	1.83152
282	1.83177
283	1.83388
284	1.83555
285	1.83514
286	1.83523
287	1.83538
288	1.83583
289	1.83542
290	1.83451
291	1.8334
292	1.83274
293	1.83266
294	1.83248
295	1.83276
296	1.83336
297	1.83242
298	1.83163
299	1.8307
300	1.83197
301	1.83234
302	1.83161
303	1.8304
304	1.83127
305	1.83561
306	1.83761
307	1.83701
308	1.83693
309	1.8367
310	1.83552
311	1.83558
312	1.83449
313	1.83423
314	1.83362
315	1.83363
316	1.8331
317	1.83338
318	1.83239
319	1.83284
320	1.83227
321	1.83385
322	1.84085
323	1.84221
324	1.84346
325	1.84434
326	1.84468
327	1.84388
328	1.84545
329	1.84485
330	1.84455
331	1.84498
332	1.84712
333	1.84573
334	1.84471
335	1.84377
336	1.84382
337	1.84384
338	1.84514
339	1.84642
340	1.84642
341	1.84672
342	1.84589
343	1.84515
344	1.84555
345	1.84631
346	1.84559
347	1.84529
348	1.8444
349	1.84399
350	1.84306
351	1.84236
352	1.84249
353	1.84222
354	1.84167
355	1.84101
356	1.84186
357	1.84056
358	1.84113
359	1.84119
360	1.84081
361	1.84119
362	1.84203
363	1.84118
364	1.84241
365	1.84278
366	1.84202
367	1.84103
368	1.84147
369	1.84115
370	1.84084
371	1.84064
372	1.84156
373	1.84106
374	1.84256
375	1.84319
376	1.84341
377	1.84281
378	1.84266
379	1.84214
380	1.84189
381	1.84193
382	1.84148
383	1.84135
384	1.84143
385	1.8407
386	1.84049
387	1.84163
388	1.84146
389	1.84059
390	1.84125
391	1.841
392	1.84133
393	1.84157
394	1.8406
395	1.84012
396	1.84105
397	1.84075
398	1.84082
399	1.84049
400	1.84022
401	1.84021
402	1.84083
403	1.84044
404	1.84333
405	1.84218
406	1.84314
407	1.84286
408	1.84315
409	1.84286
410	1.84272
411	1.84245
412	1.8424
413	1.84236
414	1.84294
415	1.84218
416	1.84165
417	1.84234
418	1.84235
419	1.84306
420	1.84292
421	1.84242
422	1.84221
423	1.84144
424	1.84104
425	1.84145
426	1.84113
427	1.84157
428	1.84122
429	1.84048
430	1.83994
431	1.83975
432	1.83893
433	1.83821
434	1.83798
435	1.83939
436	1.83853
437	1.83828
438	1.8383
439	1.83808
440	1.83817
441	1.83801
442	1.83809
443	1.83945
444	1.83894
445	1.83841
446	1.83789
447	1.83826
448	1.83808
449	1.83855
450	1.83895
451	1.83868
452	1.83781
453	1.83849
454	1.83843
455	1.8382
456	1.8384
457	1.83769
458	1.83681
459	1.83836
460	1.83802
461	1.83774
462	1.83843
463	1.83789
464	1.83718
465	1.83803
466	1.83837
467	1.83933
468	1.83885
469	1.83867
470	1.83936
471	1.83856
472	1.83773
473	1.83756
474	1.83947
475	1.83938
476	1.83911
477	1.83863
478	1.83835
479	1.84041
480	1.84075
481	1.83999
482	1.84063
483	1.84105
484	1.84065
485	1.84056
486	1.84017
487	1.84082
488	1.84012
489	1.84035
490	1.84109
491	1.84083
492	1.83981
493	1.84018
494	1.8401
495	1.83957
496	1.83949
497	1.83902
498	1.83879
499	1.83875
500	1.84036
501	1.84091
502	1.84032
503	1.83986
504	1.83973
505	1.84034
506	1.83981
507	1.83972
508	1.83919
509	1.83976
510	1.83936
511	1.84036
512	1.83994
513	1.83937
514	1.83906
515	1.83969
516	1.84169
517	1.84206
518	1.84297
519	1.84325
520	1.84283
521	1.84241
522	1.84185
523	1.84194
524	1.84206
525	1.84278
526	1.84291
527	1.84238
528	1.8426
529	1.84247
530	1.8433
531	1.84337
532	1.84263
533	1.84365
534	1.84392
535	1.8434
536	1.84264
537	1.84269
538	1.84292
539	1.84207
540	1.84256
541	1.84216
542	1.84206
543	1.84188
544	1.84135
545	1.84149
546	1.84125
547	1.84106
548	1.84164
549	1.84088
550	1.84093
551	1.84051
552	1.84055
553	1.84053
554	1.84038
555	1.83998
556	1.83973
557	1.83994
558	1.83969
559	1.83906
560	1.83967
561	1.8398
562	1.83967
563	1.83932
564	1.83933
565	1.8403
566	1.83996
567	1.83953
568	1.83923
569	1.83951
570	1.83957
571	1.83921
572	1.84003
573	1.84133
574	1.84094
575	1.84147
576	1.8413
577	1.84271
578	1.84264
579	1.84263
580	1.84233
581	1.8419
582	1.84191
583	1.84266
584	1.84227
585	1.8425
586	1.8445
587	1.84507
588	1.84465
589	1.84453
590	1.84448
591	1.84406
592	1.84409
593	1.84421
594	1.84421
595	1.84362
596	1.84403
597	1.84376
598	1.84351
599	1.84334
600	1.84314
601	1.84263
602	1.84226
603	1.84214
604	1.843
605	1.84264
606	1.84188
607	1.84265
608	1.84237
609	1.84257
610	1.84234
611	1.84191
612	1.84174
613	1.84131
614	1.84142
615	1.84111
616	1.84083
617	1.84031
618	1.84006
619	1.84022
620	1.84122
621	1.84047
622	1.8405
623	1.84047
624	1.84077
625	1.84051
626	1.84063
627	1.84012
628	1.83996
629	1.83951
630	1.83996
631	1.84041
632	1.83971
633	1.83969
634	1.83914
635	1.83849
636	1.8382
637	1.83754
638	1.83744
639	1.83708
640	1.83793
641	1.83778
642	1.83841
643	1.83842
644	1.83868
645	1.8395
646	1.83984
647	1.84
648	1.83931
649	1.83911
650	1.83875
651	1.83845
652	1.83878
653	1.83922
654	1.83875
655	1.83877
656	1.83925
657	1.83952
658	1.83942
659	1.83931
660	1.83899
661	1.83887
662	1.83847
663	1.83764
664	1.83766
665	1.83746
666	1.83777
667	1.83794
668	1.83771
669	1.83731
670	1.83792
671	1.83763
672	1.83738
673	1.83719
674	1.83746
675	1.83763
676	1.83789
677	1.83766
678	1.83832
679	1.83797
680	1.8377
681	1.83705
682	1.83771
683	1.8377
684	1.83741
685	1.83764
686	1.838
687	1.83803
688	1.83852
689	1.83839
690	1.83798
691	1.83808
692	1.83953
693	1.83919
694	1.83931
695	1.83884
696	1.83925
697	1.83885
698	1.83851
699	1.83858
700	1.83872
701	1.83843
702	1.83814
703	1.83771
704	1.83845
705	1.83841
706	1.83894
707	1.83894
708	1.83908
709	1.83912
710	1.83952
711	1.8398
712	1.83987
713	1.83962
714	1.83952
715	1.83972
716	1.83976
717	1.83968
718	1.83889
719	1.83862
720	1.83818
721	1.83837
722	1.83838
723	1.83805
724	1.83763
725	1.83742
726	1.83739
727	1.83713
728	1.83683
729	1.83699
730	1.83672
731	1.83682
732	1.83689
733	1.8368
734	1.83662
735	1.83683
736	1.83669
737	1.83656
738	1.83629
739	1.83592
740	1.83612
741	1.83675
742	1.83651
743	1.83621
744	1.83585
745	1.83563
746	1.83534
747	1.83527
748	1.83479
749	1.83458
750	1.83525
751	1.83491
752	1.83488
753	1.8347
754	1.8345
755	1.83469
756	1.83443
757	1.83489
758	1.83604
759	1.83616
760	1.83597
761	1.83633
762	1.83638
763	1.83645
764	1.83773
765	1.8375
766	1.83757
767	1.83805
768	1.83841
769	1.83917
770	1.83912
771	1.83903
772	1.83837
773	1.83838
774	1.83827
775	1.83805
776	1.83784
777	1.83798
778	1.83838
779	1.83848
780	1.83838
781	1.83813
782	1.83767
783	1.83797
784	1.83732
785	1.8376
786	1.83747
787	1.83799
788	1.83802
789	1.83825
790	1.83777
791	1.83831
792	1.8386
793	1.83802
794	1.8379
795	1.83738
796	1.83751
797	1.83814
798	1.83803
799	1.83808
800	1.83842
801	1.83812
802	1.83746
803	1.83755
804	1.83938
805	1.83935
806	1.8396
807	1.83942
808	1.83925
809	1.83868
810	1.8382
811	1.83821
812	1.83803
813	1.83784
814	1.83778
815	1.83765
816	1.83766
817	1.83736
818	1.83739
819	1.83757
820	1.83744
821	1.8389
822	1.83915
823	1.83871
824	1.83849
825	1.83853
826	1.83852
827	1.83863
828	1.83865
829	1.83897
830	1.83863
831	1.83859
832	1.83878
833	1.83852
834	1.83837
835	1.83798
836	1.83757
837	1.83706
838	1.83737
839	1.83773
840	1.83759
841	1.83736
842	1.83706
843	1.83656
844	1.83734
845	1.83791
846	1.83827
847	1.83846
848	1.83857
849	1.83862
850	1.83816
851	1.839
852	1.83996
853	1.83968
854	1.83919
855	1.83935
856	1.83926
857	1.83968
858	1.83922
859	1.83889
860	1.8389
861	1.83893
862	1.83861
863	1.8389
864	1.83909
865	1.83877
866	1.83869
867	1.83865
868	1.83871
869	1.83822
870	1.83792
871	1.8377
872	1.83761
873	1.83757
874	1.83838
875	1.83855
876	1.8392
877	1.8388
878	1.83932
879	1.83933
880	1.83947
881	1.83927
882	1.83914
883	1.83905
884	1.83922
885	1.83901
886	1.83877
887	1.83861
888	1.83904
889	1.83917
890	1.83861
891	1.83863
892	1.83896
893	1.83874
894	1.83884
895	1.83892
896	1.83873
897	1.83841
898	1.83875
899	1.83831
900	1.83827
901	1.83929
902	1.83958
903	1.83984
904	1.83969
905	1.83921
906	1.8393
907	1.83909
908	1.83919
909	1.83864
910	1.83825
911	1.83809
912	1.83758
913	1.83734
914	1.83739
915	1.83702
916	1.83658
917	1.83647
918	1.8365
919	1.8364
920	1.83634
921	1.83617
922	1.83594
923	1.83538
924	1.83545
925	1.83586
926	1.8355
927	1.83498
928	1.83462
929	1.83486
930	1.83502
931	1.83502
932	1.83515
933	1.83497
934	1.83495
935	1.83467
936	1.83442
937	1.83473
938	1.8349
939	1.83472
940	1.83498
941	1.83478
942	1.83487
943	1.83437
944	1.83417
945	1.83414
946	1.83383
947	1.83351
948	1.83337
949	1.83334
950	1.83338
951	1.83297
952	1.83295
953	1.83306
954	1.83301
955	1.83283
956	1.83264
957	1.8328
958	1.83286
959	1.83301
960	1.83277
961	1.8325
962	1.83267
963	1.83256
964	1.83251
965	1.83208
966	1.83178
967	1.83137
968	1.83108
969	1.83105
970	1.83088
971	1.83073
972	1.83108
973	1.8306
974	1.8307
975	1.83066
976	1.83034
977	1.83012
978	1.83028
979	1.83038
980	1.83067
981	1.83056
982	1.83069
983	1.83064
984	1.83028
985	1.83049
986	1.83063
987	1.83046
988	1.83062
989	1.83083
990	1.83079
991	1.83084
992	1.83054
993	1.83049
994	1.83034
995	1.83039
996	1.83052
997	1.83034
998	1.83019
999	1.83037
