0	11.9024
1	26.0035
2	50.0242
3	39.6969
4	33.4533
5	31.5649
6	29.1711
7	28.2508
8	26.9842
9	25.9295
10	25.7207
11	28.2411
12	27.9059
13	26.896
14	26.1868
15	25.6031
16	24.6292
17	23.8846
18	23.7219
19	23.0614
20	23.0692
21	23.5871
22	28.4858
23	29.7633
24	28.973
25	28.447
26	28.0447
27	27.7356
28	27.8588
29	28.329
30	27.9047
31	27.5144
32	27.0332
33	27.3594
34	26.808
35	26.3722
36	26.1773
37	26.1634
38	26.2025
39	26.1648
40	25.6713
41	25.2376
42	25.0654
43	25.3457
44	25.7693
45	25.5564
46	26.0456
47	26.0761
48	25.7498
49	25.3342
50	25.3723
51	25.1144
52	24.7395
53	24.583
54	24.8062
55	25.1392
56	24.8923
57	24.8718
58	24.8369
59	24.8771
60	26.8218
61	29.2479
62	30.7979
63	30.573
64	30.235
65	30.7626
66	31.8525
67	32.0836
68	31.7387
69	31.5729
70	31.2622
71	31.2178
72	30.9338
73	31.0117
74	30.95
75	30.6688
76	30.4668
77	30.2334
78	30.0911
79	30.3741
80	30.169
81	29.9651
82	29.7736
83	29.5357
84	29.2748
85	29.1193
86	28.9455
87	28.8115
88	29.0024
89	28.8028
90	28.6045
91	28.7626
92	28.8059
93	28.6712
94	28.4759
95	28.5574
96	28.4115
97	28.2
98	28.3137
99	28.2156
100	28.1898
101	28.1106
102	27.9473
103	27.8555
104	27.8729
105	27.8907
106	27.7857
107	27.6495
108	27.5504
109	27.7264
110	27.6903
111	27.6767
112	27.7614
113	27.6658
114	27.5722
115	27.7389
116	27.765
117	28.0798
118	27.9341
119	28.1053
120	28.0575
121	27.9658
122	28.3452
123	28.8609
124	29.0646
125	29.009
126	28.9893
127	29.6003
128	29.9658
129	29.8997
130	29.735
131	29.7195
132	29.6978
133	29.5278
134	29.6546
135	29.5856
136	29.5896
137	29.5167
138	29.3688
139	29.4801
140	30.1307
141	29.9742
142	29.8574
143	29.8227
144	29.7081
145	29.5984
146	29.4626
147	29.3812
148	29.3528
149	29.2948
150	29.6045
151	29.4814
152	29.3461
153	29.209
154	29.1388
155	29.0383
156	28.917
157	28.8632
158	28.7181
159	28.6473
160	28.579
161	28.5041
162	28.41
163	28.3577
164	28.3577
165	28.2208
166	28.1593
167	28.097
168	28.0076
169	27.8826
170	27.8035
171	27.6835
172	27.5562
173	27.6135
174	27.6275
175	27.6214
176	27.5275
177	27.4797
178	27.5462
179	27.5682
180	27.8049
181	27.8701
182	27.9166
183	27.8361
184	27.7263
185	27.8166
186	27.8907
187	27.808
188	27.7119
189	27.7126
190	27.6771
191	27.5821
192	27.5701
193	27.7076
194	27.6143
195	27.5167
196	27.5573
197	27.6241
198	27.6938
199	27.8058
200	27.8374
201	27.822
202	27.8017
203	27.8776
204	27.7935
205	27.7154
206	27.6556
207	27.6378
208	27.7452
209	27.7142
210	27.7073
211	27.6701
212	27.6397
213	27.5445
214	27.5524
215	27.5135
216	27.4573
217	27.4514
218	27.4033
219	27.3188
220	27.2339
221	27.4656
222	27.6629
223	27.5793
224	27.5922
225	27.6068
226	27.5539
227	27.47
228	27.4971
229	27.4189
230	27.3926
231	27.3825
232	27.3618
233	27.4871
234	27.4374
235	27.4301
236	27.3702
237	27.3208
238	27.2554
239	27.1852
240	27.3532
241	27.3341
242	27.2638
243	27.2059
244	27.2008
245	27.2655
246	27.2607
247	27.2925
248	27.3294
249	27.3133
250	27.3201
251	27.4126
252	27.5401
253	27.4554
254	27.4094
255	27.3532
256	27.3105
257	27.2439
258	27.1744
259	27.1133
260	27.0594
261	27.0326
262	27.1526
263	27.1434
264	27.138
265	27.0738
266	27.2954
267	27.3613
268	27.305
269	27.2671
270	27.2036
271	27.1333
272	27.1026
273	27.1142
274	27.0974
275	27.1422
276	27.2178
277	27.2245
278	27.2258
279	27.1678
280	27.0944
281	27.0691
282	27.0454
283	27.098
284	27.1533
285	27.2547
286	27.2861
287	27.2447
288	27.2319
289	27.2783
290	27.2371
291	27.1732
292	27.1049
293	27.1642
294	27.3814
295	27.3443
296	27.3023
297	27.376
298	27.3175
299	27.2568
300	27.221
301	27.1888
302	27.1298
303	27.0751
304	27.0264
305	27.0383
306	27.2077
307	27.1503
308	27.102
309	27.0396
310	26.9953
311	26.9839
312	26.9727
313	27.0067
314	26.9635
315	26.9342
316	26.8975
317	26.8397
318	26.7805
319	26.738
320	26.7232
321	26.7505
322	26.9186
323	26.9727
324	27.0227
325	27.0038
326	26.9531
327	26.9453
328	26.9842
329	26.9564
330	26.9103
331	26.8849
332	26.8939
333	26.8384
334	26.7948
335	26.7389
336	26.7133
337	26.7506
338	26.8497
339	27.1126
340	27.3662
341	27.5626
342	27.5463
343	27.5664
344	27.5776
345	27.6066
346	27.5731
347	27.5608
348	27.5249
349	27.4745
350	27.4279
351	27.3775
352	27.411
353	27.4288
354	27.3869
355	27.3358
356	27.3052
357	27.2494
358	27.2867
359	27.3289
360	27.2947
361	27.2726
362	27.2446
363	27.1991
364	27.1942
365	27.4332
366	27.4661
367	27.4073
368	27.4445
369	27.5156
370	27.5035
371	27.5036
372	27.5095
373	27.464
374	27.4781
375	27.6226
376	27.6185
377	27.5682
378	27.5169
379	27.4684
380	27.4188
381	27.3891
382	27.3648
383	27.4251
384	27.4638
385	27.4112
386	27.3628
387	27.3498
388	27.4805
389	27.446
390	27.49
391	27.7952
392	27.894
393	27.9103
394	27.8584
395	27.8298
396	27.8629
397	27.8363
398	27.802
399	27.7621
400	27.7221
401	27.695
402	27.8363
403	27.8472
404	27.9079
405	27.9071
406	27.8887
407	27.8397
408	27.8065
409	27.7775
410	27.7441
411	27.7304
412	27.685
413	27.6498
414	27.6118
415	27.5702
416	27.6422
417	27.6909
418	27.6696
419	27.8284
420	28.0852
421	28.1083
422	28.0745
423	28.0419
424	28.0423
425	28.0153
426	27.9803
427	27.9695
428	28.026
429	27.9999
430	27.9683
431	27.9565
432	27.9042
433	27.8573
434	27.8164
435	27.8361
436	27.7879
437	27.7703
438	27.7775
439	27.7374
440	27.8474
441	27.8179
442	27.8847
443	27.8822
444	27.8937
445	27.8508
446	27.8308
447	27.815
448	27.7846
449	27.7632
450	27.7803
451	27.7749
452	27.7281
453	27.7474
454	27.9025
455	27.9123
456	27.8804
457	27.8617
458	27.8234
459	27.9311
460	27.9465
461	27.9041
462	27.8698
463	27.8591
464	27.8174
465	27.7842
466	27.9356
467	27.9369
468	27.9651
469	27.925
470	27.9164
471	27.8788
472	27.8397
473	27.823
474	27.8535
475	27.8597
476	27.8235
477	27.8832
478	27.854
479	27.9094
480	27.9284
481	27.899
482	27.9101
483	27.8819
484	27.8955
485	27.8918
486	27.8864
487	27.8838
488	27.8687
489	27.8287
490	27.7953
491	27.7691
492	27.7507
493	27.7781
494	27.7762
495	27.762
496	27.7284
497	27.7055
498	27.7181
499	27.6801
500	27.8869
501	27.8937
502	27.8598
503	27.8282
504	27.8023
505	27.7976
506	27.7832
507	27.7577
508	27.7458
509	27.7722
510	27.7701
511	27.8014
512	27.8242
513	27.8143
514	27.8016
515	27.8019
516	27.7904
517	27.8198
518	27.8675
519	27.8719
520	27.8474
521	27.8536
522	27.8224
523	27.8299
524	27.8583
525	27.8859
526	27.8613
527	27.829
528	27.8578
529	27.828
530	27.8148
531	27.8698
532	27.8409
533	27.8614
534	27.8586
535	27.829
536	27.7963
537	27.7993
538	27.785
539	27.7543
540	27.7692
541	27.7331
542	27.7074
543	27.695
544	27.6732
545	27.6629
546	27.6319
547	27.6098
548	27.5915
549	27.5722
550	27.5396
551	27.5175
552	27.5425
553	27.5237
554	27.5306
555	27.5142
556	27.49
557	27.4903
558	27.4791
559	27.4501
560	27.471
561	27.4529
562	27.43
563	27.4649
564	27.4765
565	27.4841
566	27.458
567	27.4496
568	27.4281
569	27.4046
570	27.384
571	27.3635
572	27.4228
573	27.4705
574	27.5043
575	27.4758
576	27.4502
577	27.4355
578	27.4442
579	27.4365
580	27.4409
581	27.4301
582	27.4159
583	27.4389
584	27.4193
585	27.4131
586	27.4771
587	27.4832
588	27.4785
589	27.4594
590	27.4271
591	27.4119
592	27.4095
593	27.4922
594	27.4919
595	27.4758
596	27.4529
597	27.4546
598	27.4358
599	27.4385
600	27.4587
601	27.4418
602	27.4399
603	27.4722
604	27.4707
605	27.4549
606	27.4257
607	27.4236
608	27.4361
609	27.4512
610	27.4599
611	27.4362
612	27.405
613	27.3866
614	27.3928
615	27.4047
616	27.3767
617	27.3541
618	27.3265
619	27.311
620	27.2892
621	27.2595
622	27.2451
623	27.2523
624	27.2802
625	27.2543
626	27.2479
627	27.221
628	27.2273
629	27.2014
630	27.1829
631	27.2152
632	27.1943
633	27.1858
634	27.1624
635	27.1501
636	27.1364
637	27.1095
638	27.097
639	27.0918
640	27.0741
641	27.1656
642	27.187
643	27.1581
644	27.1852
645	27.2469
646	27.2396
647	27.2479
648	27.2237
649	27.2026
650	27.1866
651	27.1654
652	27.196
653	27.1878
654	27.1624
655	27.1526
656	27.2094
657	27.3535
658	27.3858
659	27.3947
660	27.3709
661	27.3702
662	27.3742
663	27.3432
664	27.3346
665	27.3297
666	27.3314
667	27.3725
668	27.3627
669	27.3312
670	27.3126
671	27.285
672	27.2564
673	27.233
674	27.2109
675	27.2023
676	27.1925
677	27.183
678	27.2558
679	27.2768
680	27.2516
681	27.2277
682	27.2279
683	27.2182
684	27.2173
685	27.2137
686	27.1996
687	27.1839
688	27.1701
689	27.1678
690	27.1452
691	27.131
692	27.2039
693	27.1827
694	27.1592
695	27.1349
696	27.1288
697	27.1244
698	27.097
699	27.0899
700	27.0625
701	27.0529
702	27.0527
703	27.0341
704	27.0086
705	26.9907
706	27.0316
707	27.0296
708	27.0026
709	27.0366
710	27.1681
711	27.3296
712	27.3649
713	27.3491
714	27.3444
715	27.3302
716	27.3467
717	27.3474
718	27.3159
719	27.3072
720	27.2812
721	27.2796
722	27.3074
723	27.3031
724	27.2784
725	27.2587
726	27.2401
727	27.2172
728	27.2092
729	27.2198
730	27.2037
731	27.215
732	27.2454
733	27.3499
734	27.3507
735	27.3614
736	27.3427
737	27.3221
738	27.2977
739	27.2785
740	27.2763
741	27.2929
742	27.276
743	27.258
744	27.229
745	27.2053
746	27.18
747	27.1604
748	27.1376
749	27.1191
750	27.1674
751	27.1512
752	27.1314
753	27.116
754	27.0974
755	27.0845
756	27.0638
757	27.0803
758	27.1024
759	27.1503
760	27.1255
761	27.1325
762	27.1181
763	27.1085
764	27.1835
765	27.3077
766	27.3314
767	27.3266
768	27.344
769	27.4435
770	27.5224
771	27.5004
772	27.4786
773	27.4655
774	27.4453
775	27.4206
776	27.3972
777	27.3863
778	27.3685
779	27.3508
780	27.3301
781	27.3115
782	27.2952
783	27.2797
784	27.2573
785	27.2338
786	27.2217
787	27.2197
788	27.2664
789	27.2864
790	27.2737
791	27.2902
792	27.2771
793	27.2548
794	27.234
795	27.2149
796	27.1962
797	27.2023
798	27.2302
799	27.2397
800	27.308
801	27.3306
802	27.3053
803	27.315
804	27.3295
805	27.3946
806	27.4015
807	27.3863
808	27.3938
809	27.3747
810	27.3512
811	27.3381
812	27.3288
813	27.3102
814	27.2901
815	27.2741
816	27.2603
817	27.2364
818	27.2169
819	27.2192
820	27.2039
821	27.2499
822	27.2486
823	27.2257
824	27.2101
825	27.2134
826	27.2872
827	27.2741
828	27.27
829	27.3162
830	27.3008
831	27.299
832	27.2982
833	27.2785
834	27.2601
835	27.2346
836	27.2111
837	27.1864
838	27.1697
839	27.1679
840	27.1567
841	27.1494
842	27.1415
843	27.1184
844	27.1316
845	27.1378
846	27.1524
847	27.133
848	27.1239
849	27.1097
850	27.1004
851	27.0863
852	27.1217
853	27.1354
854	27.1124
855	27.0988
856	27.0882
857	27.0799
858	27.0709
859	27.0587
860	27.04
861	27.0297
862	27.0193
863	27.0143
864	27.0245
865	27.0112
866	26.9979
867	27.0024
868	27.0082
869	27.0116
870	27.0001
871	26.9968
872	27.0243
873	27.1339
874	27.1746
875	27.1716
876	27.193
877	27.1863
878	27.1953
879	27.2379
880	27.2993
881	27.3003
882	27.2832
883	27.2845
884	27.266
885	27.2521
886	27.2324
887	27.2128
888	27.2221
889	27.2061
890	27.1876
891	27.1849
892	27.2029
893	27.2034
894	27.199
895	27.1846
896	27.1658
897	27.1497
898	27.1503
899	27.1391
900	27.1357
901	27.1936
902	27.249
903	27.2585
904	27.2429
905	27.2265
906	27.2136
907	27.2039
908	27.1997
909	27.1773
910	27.155
911	27.1583
912	27.1455
913	27.1342
914	27.1157
915	27.1144
916	27.0926
917	27.0858
918	27.0777
919	27.0622
920	27.0522
921	27.0374
922	27.0284
923	27.005
924	26.9908
925	26.9976
926	26.9825
927	26.9631
928	26.9591
929	26.9902
930	27.0339
931	27.0182
932	27.0148
933	27.0063
934	26.9891
935	26.969
936	26.9531
937	26.9579
938	26.9567
939	26.9596
940	27.0052
941	26.9898
942	26.9785
943	26.9588
944	26.9413
945	26.925
946	26.9191
947	26.8995
948	26.8809
949	26.8652
950	26.8481
951	26.8327
952	26.8353
953	26.8289
954	26.8441
955	26.8531
956	26.8384
957	26.824
958	26.8107
959	26.8126
960	26.8098
961	26.8005
962	26.805
963	26.7946
964	26.7994
965	26.7779
966	26.7607
967	26.7405
968	26.7184
969	26.7113
970	26.708
971	26.6955
972	26.7014
973	26.6806
974	26.6761
975	26.672
976	26.6727
977	26.6578
978	26.6507
979	26.6616
980	26.6755
981	26.6727
982	26.6841
983	26.6677
984	26.65
985	26.6426
986	26.6417
987	26.6256
988	26.6139
989	26.6155
990	26.6378
991	26.6307
992	26.6234
993	26.6227
994	26.6068
995	26.6077
996	26.6035
997	26.5886
998	26.5803
999	26.5703
