0	0.328285
1	0.351876
2	0.328962
3	0.311507
4	0.323577
5	0.325665
6	0.335355
7	0.327991
8	0.317141
9	0.303946
10	0.298975
11	0.294085
12	0.305227
13	0.309001
14	0.305323
15	0.308176
16	0.303773
17	0.325802
18	0.319697
19	0.316156
20	0.318054
21	0.318406
22	0.3167
23	0.316154
24	0.320679
25	0.318764
26	0.318087
27	0.313713
28	0.311473
29	0.311542
30	0.314143
31	0.314024
32	0.312318
33	0.318725
34	0.317351
35	0.317849
36	0.319909
37	0.319384
38	0.320328
39	0.32468
40	0.32335
41	0.322656
42	0.323071
43	0.321858
44	0.319161
45	0.317675
46	0.318178
47	0.316519
48	0.315667
49	0.316015
50	0.315704
51	0.315262
52	0.318537
53	0.317838
54	0.318202
55	0.317405
56	0.315289
57	0.314772
58	0.313161
59	0.312022
60	0.311279
61	0.31061
62	0.309619
63	0.307773
64	0.30802
65	0.307196
66	0.307828
67	0.30819
68	0.308179
69	0.307012
70	0.306411
71	0.3067
72	0.30531
73	0.303946
74	0.305224
75	0.304552
76	0.303886
77	0.303956
78	0.304009
79	0.302863
80	0.301985
81	0.301535
82	0.299908
83	0.301993
84	0.30325
85	0.302058
86	0.302161
87	0.301647
88	0.300426
89	0.300916
90	0.301421
91	0.301045
92	0.299854
93	0.301423
94	0.301808
95	0.301657
96	0.3008
97	0.301224
98	0.300561
99	0.300261
100	0.299819
101	0.300515
102	0.300693
103	0.30213
104	0.300847
105	0.300039
106	0.299282
107	0.298614
108	0.299523
109	0.298858
110	0.298977
111	0.299679
112	0.299644
113	0.299794
114	0.299334
115	0.299734
116	0.298467
117	0.297939
118	0.297635
119	0.296777
120	0.295996
121	0.296281
122	0.295717
123	0.295696
124	0.295841
125	0.295114
126	0.295734
127	0.296203
128	0.296042
129	0.295555
130	0.295611
131	0.295554
132	0.29502
133	0.295256
134	0.294857
135	0.294803
136	0.294714
137	0.294286
138	0.293645
139	0.293622
140	0.293569
141	0.293787
142	0.294084
143	0.294262
144	0.293083
145	0.292436
146	0.292242
147	0.291641
148	0.290518
149	0.291316
150	0.291952
151	0.291856
152	0.292024
153	0.291552
154	0.291283
155	0.291159
156	0.291711
157	0.292156
158	0.291908
159	0.292388
160	0.292696
161	0.292651
162	0.292003
163	0.29315
164	0.292747
165	0.292408
166	0.292121
167	0.292581
168	0.292236
169	0.291328
170	0.291258
171	0.291065
172	0.290562
173	0.291053
174	0.291487
175	0.29159
176	0.291523
177	0.291647
178	0.292441
179	0.292837
180	0.292438
181	0.291955
182	0.292187
183	0.292397
184	0.292606
185	0.292516
186	0.292888
187	0.292458
188	0.292002
189	0.292149
190	0.291478
191	0.291616
192	0.292236
193	0.291632
194	0.292028
195	0.291648
196	0.292636
197	0.292441
198	0.292519
199	0.292324
200	0.291733
201	0.291694
202	0.292182
203	0.292002
204	0.291756
205	0.292046
206	0.291904
207	0.292112
208	0.292681
209	0.293099
210	0.292985
211	0.29336
212	0.293141
213	0.293275
214	0.293224
215	0.293895
216	0.294771
217	0.294435
218	0.294159
219	0.294138
220	0.293875
221	0.293663
222	0.293328
223	0.292839
224	0.293164
225	0.293319
226	0.293166
227	0.293462
228	0.293387
229	0.293457
230	0.292902
231	0.293198
232	0.293078
233	0.293157
234	0.293727
235	0.293946
236	0.294604
237	0.294393
238	0.294955
239	0.294753
240	0.294847
241	0.294956
242	0.294851
243	0.294615
244	0.294258
245	0.294507
246	0.294154
247	0.294132
248	0.294041
249	0.294619
250	0.294288
251	0.294167
252	0.2947
253	0.294945
254	0.294922
255	0.29511
256	0.29505
257	0.295282
258	0.294929
259	0.294867
260	0.295111
261	0.295609
262	0.295638
263	0.295555
264	0.295849
265	0.29579
266	0.296311
267	0.296396
268	0.295887
269	0.295964
270	0.29581
271	0.295318
272	0.295069
273	0.294379
274	0.294722
275	0.294434
276	0.294345
277	0.294414
278	0.294312
279	0.294218
280	0.294306
281	0.294533
282	0.294261
283	0.294171
284	0.294431
285	0.294262
286	0.293877
287	0.293881
288	0.294695
289	0.294578
290	0.294241
291	0.293918
292	0.293786
293	0.2937
294	0.293952
295	0.294179
296	0.293961
297	0.293912
298	0.293986
299	0.293753
300	0.293608
301	0.294105
302	0.294451
303	0.294543
304	0.294483
305	0.294799
306	0.294415
307	0.294311
308	0.295144
309	0.295497
310	0.295734
311	0.296
312	0.295871
313	0.295768
314	0.295478
315	0.295367
316	0.295248
317	0.295248
318	0.296156
319	0.295935
320	0.296205
321	0.296255
322	0.296156
323	0.296796
324	0.296434
325	0.29634
326	0.296634
327	0.296294
328	0.296077
329	0.296374
330	0.296641
331	0.296417
332	0.296725
333	0.296784
334	0.296873
335	0.297036
336	0.29711
337	0.29749
338	0.297248
339	0.29686
340	0.296878
341	0.297021
342	0.297145
343	0.297051
344	0.297191
345	0.297057
346	0.29705
347	0.296984
348	0.296862
349	0.296656
350	0.296874
351	0.296854
352	0.296895
353	0.296777
354	0.297092
355	0.297249
356	0.297086
357	0.297154
358	0.297309
359	0.297196
360	0.297424
361	0.297169
362	0.297329
363	0.297505
364	0.297491
365	0.297944
366	0.298432
367	0.298474
368	0.298261
369	0.29814
370	0.298071
371	0.298147
372	0.297788
373	0.297487
374	0.297212
375	0.297173
376	0.29756
377	0.297456
378	0.297448
379	0.297424
380	0.297381
381	0.297366
382	0.297216
383	0.296909
384	0.296637
385	0.296785
386	0.296585
387	0.296551
388	0.296695
389	0.297028
390	0.296844
391	0.296653
392	0.296226
393	0.296121
394	0.296107
395	0.296197
396	0.296331
397	0.296339
398	0.29628
399	0.296337
