0	0.0567478
1	0.0682012
2	0.0696155
3	0.0642408
4	0.0695244
5	0.0623758
6	0.0642972
7	0.063479
8	0.0618568
9	0.0606769
10	0.0590481
11	0.056705
12	0.0580744
13	0.0576292
14	0.0568296
15	0.0563143
16	0.0559895
17	0.0554342
18	0.0551389
19	0.0545264
20	0.0544248
21	0.0548671
22	0.0543969
23	0.0542735
24	0.054506
25	0.0544738
26	0.0542683
27	0.0550432
28	0.0541574
29	0.0541266
30	0.0540899
31	0.0553891
32	0.0549056
33	0.055044
34	0.0548871
35	0.0543613
36	0.0535241
37	0.0530712
38	0.0532762
39	0.0533604
40	0.0535028
41	0.0530146
42	0.0534576
43	0.053713
44	0.053994
45	0.053824
46	0.05404
47	0.0544309
48	0.0543856
49	0.0543625
50	0.0541742
51	0.0538662
52	0.0538583
53	0.053706
54	0.053247
55	0.0532603
56	0.0534493
57	0.0535637
58	0.0533683
59	0.053363
60	0.0532235
61	0.0533997
62	0.0533334
63	0.0530723
64	0.0528082
65	0.0525168
66	0.0521566
67	0.052266
68	0.0520276
69	0.052378
70	0.0522526
71	0.0523003
72	0.0522259
73	0.0520812
74	0.0522468
75	0.0522434
76	0.0521297
77	0.0519252
78	0.0519708
79	0.0518144
80	0.051561
81	0.0515687
82	0.0520666
83	0.0520158
84	0.0520589
85	0.0520993
86	0.0521712
87	0.0521543
88	0.052107
89	0.0522054
90	0.0522238
91	0.0521336
92	0.0521009
93	0.0526151
94	0.0528207
95	0.0528963
96	0.0529557
97	0.0530471
98	0.0529732
99	0.0532259
100	0.0534341
101	0.0535583
102	0.0532627
103	0.0533285
104	0.053893
105	0.0537819
106	0.0537115
107	0.0535583
108	0.0534553
109	0.0535661
110	0.0536462
111	0.0536195
112	0.0536133
113	0.0537175
114	0.0537586
115	0.0535851
116	0.0533825
117	0.0533221
118	0.0532551
119	0.053286
120	0.0531578
121	0.0531395
122	0.053097
123	0.0529707
124	0.0529385
125	0.052852
126	0.0526953
127	0.0525042
128	0.0523221
129	0.0523362
130	0.0523752
131	0.0524474
132	0.052451
133	0.0523128
134	0.0522032
135	0.0521931
136	0.0520225
137	0.0520815
138	0.0521078
139	0.0520403
140	0.0520268
141	0.0520624
142	0.0519958
143	0.0519554
144	0.0518334
145	0.0520023
146	0.0519445
147	0.0518461
148	0.051864
149	0.0518226
150	0.0516874
151	0.0517075
152	0.0516207
153	0.0515039
154	0.0514261
155	0.0513726
156	0.0513647
157	0.0513214
158	0.0511714
159	0.0510354
160	0.0511423
161	0.0512231
162	0.0512781
163	0.0513416
164	0.0513376
165	0.0512644
166	0.0512431
167	0.0510669
168	0.0509039
169	0.0511382
170	0.051125
171	0.0511507
172	0.0511144
173	0.0510979
174	0.0510968
175	0.0511266
176	0.0511321
177	0.0510987
178	0.0510802
179	0.0510454
180	0.051015
181	0.0511309
182	0.051112
183	0.0510698
184	0.051043
185	0.0511096
186	0.0510035
187	0.0510629
188	0.05107
189	0.0511914
190	0.051126
191	0.0511388
192	0.051222
193	0.0512282
194	0.0511796
195	0.0511013
196	0.0511067
197	0.0511436
198	0.0510825
199	0.0510168
200	0.0510897
201	0.0511
202	0.0510609
203	0.0511231
204	0.0510807
205	0.0509698
206	0.0508767
207	0.0510317
208	0.0509905
209	0.0510364
210	0.0510421
211	0.0511467
212	0.0510997
213	0.0510968
214	0.0509778
215	0.0509024
216	0.0508228
217	0.0507873
218	0.0508694
219	0.0509045
220	0.0509862
221	0.0509857
222	0.0508669
223	0.0508377
224	0.0510167
225	0.0511004
226	0.0510457
227	0.0510919
228	0.0512356
229	0.0514306
230	0.0514348
231	0.0514267
232	0.0514088
233	0.0515437
234	0.0515437
235	0.0515921
236	0.0514749
237	0.0515232
238	0.0515823
239	0.0516524
240	0.0516049
241	0.0516247
242	0.0516043
243	0.0517288
244	0.0517005
245	0.05179
246	0.0517259
247	0.0517667
248	0.0516846
249	0.0516415
250	0.0516339
251	0.0516213
252	0.0515997
253	0.0516385
254	0.0516349
255	0.0515182
256	0.0515674
257	0.0515438
258	0.0515077
259	0.0514394
260	0.0514243
261	0.0513871
262	0.0514278
263	0.0513919
264	0.0513408
265	0.051342
266	0.0513593
267	0.051378
268	0.0513607
269	0.0512814
270	0.0514054
271	0.0515349
272	0.0515342
273	0.0515322
274	0.0515719
275	0.0515527
276	0.0514693
277	0.0514373
278	0.0515713
279	0.0515521
280	0.0515344
281	0.0515954
282	0.0515705
283	0.0515642
284	0.0515741
285	0.051556
286	0.0514932
287	0.0515254
288	0.051502
289	0.0515087
290	0.051402
291	0.0514373
292	0.0514175
293	0.0514294
294	0.0513866
295	0.0513901
296	0.0512883
297	0.0512577
298	0.0512367
299	0.0511394
300	0.0510982
301	0.0510558
302	0.0509966
303	0.0509771
304	0.0510483
305	0.0510186
306	0.0510137
307	0.0510038
308	0.0510034
309	0.051004
310	0.0509697
311	0.050979
312	0.0510044
313	0.051083
314	0.0510929
315	0.0510971
316	0.0510912
317	0.0510759
318	0.051091
319	0.0511015
320	0.0510911
321	0.0510472
322	0.0510745
323	0.0510875
324	0.0510952
325	0.0510663
326	0.0511178
327	0.0511164
328	0.0510776
329	0.0511874
330	0.0511628
331	0.0511324
332	0.0511128
333	0.0510857
334	0.0511596
335	0.0511935
336	0.051239
337	0.0511922
338	0.0512424
339	0.0513366
340	0.0513835
341	0.0513428
342	0.0513357
343	0.0513254
344	0.0513491
345	0.0513972
346	0.0514219
347	0.0513518
348	0.0513968
349	0.051458
350	0.0514551
351	0.0514023
352	0.0514299
353	0.0514371
354	0.0514043
355	0.0514611
356	0.0514526
357	0.0514301
358	0.0514464
359	0.0514235
360	0.0514249
361	0.0515549
362	0.0515531
363	0.0516718
364	0.0516815
365	0.0516601
366	0.0516877
367	0.0517023
368	0.0517383
369	0.0517831
370	0.0517794
371	0.0517693
372	0.051802
373	0.0517535
374	0.0517343
375	0.0517192
376	0.0516964
377	0.0516738
378	0.0516643
379	0.051641
380	0.0516438
381	0.0515873
382	0.0515907
383	0.0516046
384	0.0516337
385	0.0516224
386	0.0516383
387	0.0515961
388	0.051631
389	0.0516104
390	0.0515708
391	0.0515842
392	0.0515402
393	0.0515178
394	0.0514879
395	0.0514645
396	0.0514604
397	0.0514029
398	0.0513778
399	0.0514541
