0	0.457252
1	0.424597
2	0.453328
3	0.459297
4	0.514614
5	0.520929
6	0.52109
7	0.492089
8	0.500212
9	0.504774
10	0.494603
11	0.499357
12	0.496088
13	0.494277
14	0.497524
15	0.494123
16	0.489972
17	0.483955
18	0.480705
19	0.482412
20	0.478514
21	0.472683
22	0.470496
23	0.475865
24	0.473954
25	0.471669
26	0.48079
27	0.480958
28	0.481867
29	0.480688
30	0.48272
31	0.478934
32	0.483897
33	0.483906
34	0.486156
35	0.491716
36	0.491023
37	0.499941
38	0.498381
39	0.499877
40	0.501029
41	0.503873
42	0.505717
43	0.509036
44	0.50663
45	0.507527
46	0.507055
47	0.508321
48	0.511117
49	0.511488
50	0.507969
51	0.511005
52	0.510697
53	0.511546
54	0.512402
55	0.511168
56	0.511809
57	0.511299
58	0.51155
59	0.513472
60	0.513697
61	0.512112
62	0.511986
63	0.511878
64	0.511032
65	0.513785
66	0.511468
67	0.513407
68	0.51313
69	0.51338
70	0.51406
71	0.514468
72	0.51532
73	0.516027
74	0.515201
75	0.514519
76	0.513874
77	0.512685
78	0.514526
79	0.514085
80	0.514293
81	0.514667
82	0.518132
83	0.518235
84	0.518201
85	0.520626
86	0.523069
87	0.522179
88	0.523646
89	0.524439
90	0.523231
91	0.522183
92	0.523028
93	0.522986
94	0.52382
95	0.523001
96	0.521109
97	0.520257
98	0.522772
99	0.521757
100	0.52155
101	0.521095
102	0.520487
103	0.520708
104	0.519319
105	0.51957
106	0.519937
107	0.518446
108	0.51699
109	0.516476
110	0.518085
111	0.518528
112	0.516885
113	0.517612
114	0.51758
115	0.515482
116	0.515508
117	0.516195
118	0.51524
119	0.514591
120	0.51422
121	0.514111
122	0.514715
123	0.513813
124	0.512905
125	0.514285
126	0.514414
127	0.513826
128	0.515078
129	0.514177
130	0.513131
131	0.512541
132	0.51156
133	0.511578
134	0.511717
135	0.511074
136	0.510903
137	0.511058
138	0.511814
139	0.512162
140	0.511882
141	0.511385
142	0.511287
143	0.511171
144	0.510487
145	0.509375
146	0.509548
147	0.509178
148	0.509752
149	0.510295
150	0.509771
151	0.509217
152	0.509304
153	0.508914
154	0.507802
155	0.508501
156	0.50845
157	0.507626
158	0.508596
159	0.508685
160	0.507879
161	0.506734
162	0.508117
163	0.507535
164	0.507996
165	0.508288
166	0.50859
167	0.508154
168	0.506829
169	0.507054
170	0.50731
171	0.506878
172	0.50696
173	0.506648
174	0.50554
175	0.505819
176	0.506072
177	0.506262
178	0.505445
179	0.505436
180	0.505161
181	0.505604
182	0.506157
183	0.505652
184	0.504824
185	0.504832
186	0.505134
187	0.505748
188	0.506392
189	0.507273
190	0.507644
191	0.507693
192	0.5078
193	0.508123
194	0.50775
195	0.50806
196	0.507832
197	0.508555
198	0.508169
199	0.508577
200	0.509835
201	0.510171
202	0.510284
203	0.51033
204	0.510047
205	0.509148
206	0.508769
207	0.508546
208	0.507718
209	0.507611
210	0.507145
211	0.508376
212	0.507982
213	0.507731
214	0.508345
215	0.508009
216	0.507484
217	0.50719
218	0.506495
219	0.506651
220	0.505972
221	0.505093
222	0.505361
223	0.506664
224	0.506517
225	0.505994
226	0.506195
227	0.505858
228	0.506257
229	0.506115
230	0.505583
231	0.505204
232	0.505214
233	0.505035
234	0.505262
235	0.504792
236	0.504425
237	0.504214
238	0.503662
239	0.503414
240	0.503278
241	0.502768
242	0.502793
243	0.502675
244	0.502914
245	0.502742
246	0.502226
247	0.502419
248	0.502518
249	0.502537
250	0.502481
251	0.502986
252	0.502907
253	0.502811
254	0.503612
255	0.503545
256	0.503258
257	0.502821
258	0.502507
259	0.503116
260	0.502652
261	0.503716
262	0.503615
263	0.504025
264	0.504268
265	0.503864
266	0.503994
267	0.503683
268	0.503816
269	0.504137
270	0.503924
271	0.503176
272	0.503013
273	0.502676
274	0.502592
275	0.50274
276	0.502731
277	0.50294
278	0.502803
279	0.502828
280	0.50263
281	0.502456
282	0.502231
283	0.50254
284	0.502639
285	0.502462
286	0.502878
287	0.503011
288	0.503655
289	0.503517
290	0.503759
291	0.50398
292	0.504232
293	0.503899
294	0.503684
295	0.504095
296	0.503874
297	0.503552
298	0.503459
299	0.503835
300	0.503624
301	0.503909
302	0.503804
303	0.503505
304	0.503535
305	0.503057
306	0.502962
307	0.50293
308	0.503255
309	0.503411
310	0.503501
311	0.50318
312	0.503558
313	0.503852
314	0.503633
315	0.503598
316	0.503418
317	0.503135
318	0.503139
319	0.503221
320	0.50291
321	0.502758
322	0.502989
323	0.503277
324	0.503682
325	0.503826
326	0.503849
327	0.503764
328	0.503711
329	0.503718
330	0.503994
331	0.503982
332	0.503928
333	0.503656
334	0.503653
335	0.503326
336	0.503647
337	0.503603
338	0.503152
339	0.503267
340	0.50291
341	0.503002
342	0.503563
343	0.503928
344	0.503811
345	0.504018
346	0.504088
347	0.50439
348	0.504359
349	0.504953
350	0.50476
351	0.504574
352	0.504421
353	0.504474
354	0.504272
355	0.504873
356	0.50574
357	0.505827
358	0.505938
359	0.505727
360	0.505802
361	0.505629
362	0.505364
363	0.505215
364	0.505071
365	0.505136
366	0.504765
367	0.504633
368	0.504867
369	0.504754
370	0.504997
371	0.504794
372	0.504952
373	0.504422
374	0.504655
375	0.504449
376	0.504734
377	0.50514
378	0.505074
379	0.505492
380	0.50526
381	0.505414
382	0.505343
383	0.505345
384	0.505295
385	0.505064
386	0.504886
387	0.505043
388	0.504618
389	0.504321
390	0.504284
391	0.50443
392	0.504559
393	0.504698
394	0.504595
395	0.504847
396	0.504646
397	0.504475
398	0.504286
399	0.504401
400	0.504353
401	0.504373
402	0.504319
403	0.504207
404	0.504454
405	0.504492
406	0.504434
407	0.504606
408	0.504353
409	0.504293
410	0.504166
411	0.504031
412	0.503917
413	0.503839
414	0.503834
415	0.503638
416	0.504458
417	0.504665
418	0.504523
419	0.504374
420	0.504382
421	0.504432
422	0.504378
423	0.504043
424	0.503996
425	0.50411
426	0.504002
427	0.503789
428	0.503921
429	0.503843
430	0.50359
431	0.503466
432	0.503818
433	0.503815
434	0.503513
435	0.503129
436	0.502937
437	0.502862
438	0.502728
439	0.502829
440	0.50272
441	0.50274
442	0.502706
443	0.502878
444	0.502776
445	0.502646
446	0.502719
447	0.502824
448	0.502515
449	0.502535
450	0.502481
451	0.502618
452	0.502659
453	0.502603
454	0.50312
455	0.503145
456	0.503086
457	0.502938
458	0.502902
459	0.502898
460	0.502879
461	0.502768
462	0.502798
463	0.502686
464	0.502498
465	0.502193
466	0.502143
467	0.502277
468	0.502362
469	0.502319
470	0.502387
471	0.502472
472	0.502244
473	0.502118
474	0.501956
475	0.50183
476	0.502129
477	0.501984
478	0.502354
479	0.502343
480	0.502416
481	0.502523
482	0.502285
483	0.502167
484	0.502187
485	0.502466
486	0.502369
487	0.502389
488	0.502146
489	0.501967
490	0.502018
491	0.502363
492	0.502238
493	0.502234
494	0.501961
495	0.501789
496	0.501677
497	0.501867
498	0.502225
499	0.502024
