0	2.39285
1	2.18913
2	2.35199
3	2.37716
4	2.59215
5	2.59784
6	2.57106
7	2.48561
8	2.51978
9	2.57194
10	2.5214
11	2.53417
12	2.51351
13	2.50689
14	2.51345
15	2.50456
16	2.47676
17	2.44843
18	2.43362
19	2.43524
20	2.41514
21	2.39083
22	2.38911
23	2.40503
24	2.39053
25	2.37755
26	2.4184
27	2.42104
28	2.42495
29	2.42219
30	2.42954
31	2.41281
32	2.43062
33	2.42903
34	2.44045
35	2.46526
36	2.46386
37	2.50378
38	2.49888
39	2.50037
40	2.50564
41	2.51921
42	2.52384
43	2.5386
44	2.53146
45	2.53086
46	2.52554
47	2.53146
48	2.54329
49	2.54327
50	2.52743
51	2.54114
52	2.5423
53	2.54
54	2.54448
55	2.53932
56	2.5404
57	2.53785
58	2.53855
59	2.54711
60	2.54935
61	2.54106
62	2.53915
63	2.53811
64	2.53574
65	2.54533
66	2.53344
67	2.5441
68	2.54295
69	2.54321
70	2.5483
71	2.55356
72	2.55446
73	2.5571
74	2.55426
75	2.55231
76	2.54731
77	2.54252
78	2.55059
79	2.54624
80	2.546
81	2.54663
82	2.56248
83	2.56365
84	2.56439
85	2.57571
86	2.58491
87	2.5801
88	2.58611
89	2.58749
90	2.58313
91	2.58026
92	2.58235
93	2.57959
94	2.58349
95	2.58043
96	2.57341
97	2.571
98	2.58026
99	2.57821
100	2.57607
101	2.57443
102	2.57125
103	2.57305
104	2.56754
105	2.56939
106	2.57061
107	2.56639
108	2.55981
109	2.55541
110	2.56299
111	2.56574
112	2.56012
113	2.56456
114	2.56373
115	2.5562
116	2.55571
117	2.55823
118	2.55481
119	2.5522
120	2.55181
121	2.54978
122	2.55176
123	2.54837
124	2.54526
125	2.55221
126	2.55253
127	2.55176
128	2.55766
129	2.5556
130	2.55102
131	2.54863
132	2.54508
133	2.54545
134	2.5462
135	2.54464
136	2.54288
137	2.54349
138	2.546
139	2.54784
140	2.54713
141	2.54634
142	2.54546
143	2.5454
144	2.54381
145	2.54074
146	2.54043
147	2.53878
148	2.54131
149	2.5426
150	2.54063
151	2.53773
152	2.53753
153	2.5355
154	2.5307
155	2.53259
156	2.53209
157	2.52899
158	2.53382
159	2.53425
160	2.53158
161	2.52685
162	2.53287
163	2.53186
164	2.53372
165	2.53433
166	2.53553
167	2.53312
168	2.52824
169	2.52837
170	2.52809
171	2.52572
172	2.52542
173	2.5242
174	2.52034
175	2.52074
176	2.52152
177	2.52241
178	2.52027
179	2.52036
180	2.5189
181	2.52177
182	2.5239
183	2.52257
184	2.51945
185	2.519
186	2.51944
187	2.52316
188	2.52593
189	2.53065
190	2.53225
191	2.53136
192	2.53122
193	2.5327
194	2.53044
195	2.53191
196	2.53092
197	2.53327
198	2.53072
199	2.53226
200	2.53779
201	2.53969
202	2.53979
203	2.54019
204	2.53808
205	2.53499
206	2.5326
207	2.532
208	2.52872
209	2.52763
210	2.52562
211	2.53222
212	2.53145
213	2.53151
214	2.53376
215	2.53318
216	2.53102
217	2.53064
218	2.52797
219	2.52809
220	2.52541
221	2.52269
222	2.52279
223	2.52816
224	2.5271
225	2.52511
226	2.52536
227	2.5237
228	2.52618
229	2.52594
230	2.52399
231	2.52246
232	2.5226
233	2.52109
234	2.52194
235	2.52095
236	2.5192
237	2.51811
238	2.51648
239	2.51488
240	2.51434
241	2.51268
242	2.51182
243	2.51089
244	2.51104
245	2.50989
246	2.50795
247	2.50852
248	2.50888
249	2.50951
250	2.50912
251	2.51099
252	2.51043
253	2.51031
254	2.5141
255	2.51424
256	2.5133
257	2.51135
258	2.50985
259	2.51218
260	2.50969
261	2.5142
262	2.51355
263	2.51482
264	2.51596
265	2.51434
266	2.51597
267	2.51428
268	2.5143
269	2.51548
270	2.51469
271	2.51183
272	2.51143
273	2.51086
274	2.51015
275	2.51075
276	2.51034
277	2.5104
278	2.50992
279	2.51005
280	2.50932
281	2.50812
282	2.50782
283	2.50833
284	2.5089
285	2.50812
286	2.50999
287	2.51024
288	2.51276
289	2.51297
290	2.51334
291	2.51459
292	2.51566
293	2.51482
294	2.51419
295	2.51554
296	2.51549
297	2.51362
298	2.5136
299	2.51521
300	2.51442
301	2.51587
302	2.51517
303	2.51404
304	2.51416
305	2.51281
306	2.51248
307	2.51266
308	2.51413
309	2.5156
310	2.51582
311	2.51473
312	2.51559
313	2.51718
314	2.51591
315	2.51588
316	2.51553
317	2.51398
318	2.51366
319	2.51407
320	2.51236
321	2.51179
322	2.51226
323	2.51313
324	2.51506
325	2.51547
326	2.51595
327	2.51521
328	2.51447
329	2.51485
330	2.51589
331	2.51596
332	2.51532
333	2.51359
334	2.51373
335	2.51252
336	2.51413
337	2.51375
338	2.51222
339	2.51231
340	2.51083
341	2.5116
342	2.51404
343	2.51592
344	2.51487
345	2.51583
346	2.51573
347	2.5172
348	2.51686
349	2.51931
350	2.51811
351	2.51735
352	2.51671
353	2.51679
354	2.51586
355	2.51833
356	2.52136
357	2.5214
358	2.52151
359	2.52106
360	2.52126
361	2.52034
362	2.51903
363	2.51869
364	2.51811
365	2.51802
366	2.51679
367	2.51589
368	2.51628
369	2.51546
370	2.51613
371	2.5156
372	2.51627
373	2.51451
374	2.51587
375	2.51463
376	2.51622
377	2.51784
378	2.51753
379	2.51909
380	2.51812
381	2.51877
382	2.51824
383	2.51798
384	2.5177
385	2.51672
386	2.51614
387	2.51674
388	2.51543
389	2.51432
390	2.5142
391	2.51487
392	2.51544
393	2.51601
394	2.51496
395	2.51558
396	2.51468
397	2.51443
398	2.51352
399	2.51336
400	2.51319
401	2.51301
402	2.51243
403	2.51185
404	2.51274
405	2.51301
406	2.51299
407	2.51348
408	2.51271
409	2.51291
410	2.51248
411	2.51235
412	2.51162
413	2.51104
414	2.51083
415	2.50965
416	2.51272
417	2.51396
418	2.51396
419	2.51314
420	2.51306
421	2.51338
422	2.51287
423	2.51215
424	2.51215
425	2.51237
426	2.51179
427	2.51074
428	2.51127
429	2.51066
430	2.50971
431	2.50934
432	2.51048
433	2.5109
434	2.50984
435	2.5084
436	2.50782
437	2.50765
438	2.50741
439	2.50803
440	2.50742
441	2.50744
442	2.50703
443	2.50744
444	2.5068
445	2.50656
446	2.50667
447	2.50701
448	2.5056
449	2.50568
450	2.50563
451	2.50593
452	2.5064
453	2.50585
454	2.50792
455	2.50782
456	2.50749
457	2.50681
458	2.50641
459	2.50616
460	2.50627
461	2.50595
462	2.5057
463	2.50518
464	2.50457
465	2.50331
466	2.50329
467	2.50373
468	2.50399
469	2.50394
470	2.5043
471	2.5046
472	2.50369
473	2.50281
474	2.50169
475	2.5011
476	2.50255
477	2.50173
478	2.5033
479	2.50316
480	2.50337
481	2.50376
482	2.50275
483	2.50201
484	2.50218
485	2.50346
486	2.50301
487	2.50328
488	2.50231
489	2.50147
490	2.50162
491	2.50328
492	2.50299
493	2.50293
494	2.50189
495	2.50069
496	2.50016
497	2.50069
498	2.50229
499	2.50111
