0	0.277194
1	0.343073
2	0.308725
3	0.28108
4	0.26093
5	0.251805
6	0.263682
7	0.261153
8	0.250597
9	0.246037
10	0.24548
11	0.238526
12	0.241561
13	0.246674
14	0.244423
15	0.247227
16	0.244476
17	0.236937
18	0.23811
19	0.242064
20	0.240689
21	0.242046
22	0.242583
23	0.24043
24	0.238327
25	0.239266
26	0.241175
27	0.239609
28	0.242043
29	0.246788
30	0.244508
31	0.241445
32	0.239743
33	0.240798
34	0.239881
35	0.238832
36	0.239506
37	0.238538
38	0.237405
39	0.236625
40	0.238657
41	0.23701
42	0.238852
43	0.240125
44	0.239503
45	0.238235
46	0.238879
47	0.23821
48	0.237931
49	0.241379
50	0.239635
51	0.240334
52	0.242395
53	0.241092
54	0.241194
55	0.239609
56	0.240844
57	0.24029
58	0.242196
59	0.242507
60	0.241019
61	0.24082
62	0.240866
63	0.242287
64	0.241851
65	0.241264
66	0.241426
67	0.240828
68	0.240358
69	0.240195
70	0.239209
71	0.240411
72	0.239589
73	0.238653
74	0.238219
75	0.238639
76	0.238781
77	0.23863
78	0.23775
79	0.237017
80	0.23756
81	0.236581
82	0.236742
83	0.238039
84	0.237004
85	0.238133
86	0.237988
87	0.238507
88	0.237719
89	0.238314
90	0.237247
91	0.23615
92	0.235426
93	0.236039
94	0.23758
95	0.237599
96	0.237128
97	0.236442
98	0.23661
99	0.238415
100	0.237751
101	0.237211
102	0.236719
103	0.23674
104	0.236528
105	0.236783
106	0.236647
107	0.236244
108	0.23612
109	0.235727
110	0.235451
111	0.234966
112	0.235222
113	0.236234
114	0.236438
115	0.23663
116	0.236851
117	0.237115
118	0.238234
119	0.237924
120	0.238781
121	0.238583
122	0.238638
123	0.2387
124	0.238876
125	0.238669
126	0.238884
127	0.239134
128	0.238533
129	0.23831
130	0.238265
131	0.238262
132	0.238671
133	0.23934
134	0.239676
135	0.239365
136	0.23929
137	0.238898
138	0.23938
139	0.239229
140	0.23875
141	0.238301
142	0.237316
143	0.237093
144	0.236684
145	0.236594
146	0.236588
147	0.236444
148	0.236092
149	0.236013
150	0.235911
151	0.235811
152	0.236116
153	0.235833
154	0.236964
155	0.23657
156	0.236781
157	0.237147
158	0.237173
159	0.237212
160	0.236595
161	0.236109
162	0.236063
163	0.236331
164	0.236396
165	0.237083
166	0.23659
167	0.236432
168	0.23588
169	0.235906
170	0.236318
171	0.236408
172	0.23591
173	0.236178
174	0.236536
175	0.236318
176	0.236072
177	0.237116
178	0.237216
179	0.236861
180	0.237282
181	0.23734
182	0.237173
183	0.236678
184	0.237024
185	0.236821
186	0.236528
187	0.236369
188	0.236026
189	0.236484
190	0.236793
191	0.23646
192	0.236363
193	0.236163
194	0.236388
195	0.236535
196	0.236457
197	0.23636
198	0.236271
199	0.236438
200	0.237195
201	0.237259
202	0.237091
203	0.237402
204	0.237304
205	0.23878
206	0.238805
207	0.239497
208	0.239191
209	0.239137
210	0.23955
211	0.240066
212	0.240121
213	0.240088
214	0.240092
215	0.240685
216	0.240659
217	0.24081
218	0.240454
219	0.240118
220	0.2402
221	0.24008
222	0.239769
223	0.23953
224	0.239763
225	0.240391
226	0.240128
227	0.240232
228	0.239977
229	0.239765
230	0.239701
231	0.239813
232	0.240349
233	0.240862
234	0.241528
235	0.240842
236	0.240824
237	0.240832
238	0.240516
239	0.240303
240	0.240812
241	0.240826
242	0.241107
243	0.241455
244	0.242185
245	0.242207
246	0.242402
247	0.242168
248	0.242006
249	0.241749
250	0.24192
251	0.242081
252	0.242122
253	0.242351
254	0.242347
255	0.242133
256	0.242105
257	0.242578
258	0.242838
259	0.243033
260	0.243104
261	0.242957
262	0.24303
263	0.24293
264	0.242943
265	0.243244
266	0.243271
267	0.242906
268	0.24283
269	0.242533
270	0.242649
271	0.242325
272	0.242717
273	0.242766
274	0.242692
275	0.242566
276	0.242269
277	0.242041
278	0.242143
279	0.24213
280	0.242012
281	0.241812
282	0.241972
283	0.241926
284	0.241888
285	0.241945
286	0.241896
287	0.241893
288	0.24184
289	0.241874
290	0.242141
291	0.241711
292	0.241333
293	0.241517
294	0.241437
295	0.24135
296	0.241347
297	0.240916
298	0.240824
299	0.240982
300	0.240781
301	0.240646
302	0.240875
303	0.24078
304	0.240688
305	0.240522
306	0.240601
307	0.24063
308	0.24057
309	0.240482
310	0.24066
311	0.240578
312	0.240923
313	0.241066
314	0.240721
315	0.240609
316	0.240591
317	0.240298
318	0.240742
319	0.241074
320	0.241295
321	0.241071
322	0.241332
323	0.241419
324	0.241828
325	0.24177
326	0.241726
327	0.241626
328	0.241774
329	0.241843
330	0.241693
331	0.241497
332	0.24147
333	0.241608
334	0.241807
335	0.241705
336	0.241579
337	0.241645
338	0.241683
339	0.241706
340	0.241584
341	0.241276
342	0.241082
343	0.241163
344	0.241347
345	0.241159
346	0.241107
347	0.240809
348	0.240831
349	0.240691
350	0.240895
351	0.240942
352	0.24127
353	0.24177
354	0.241662
355	0.241497
356	0.241483
357	0.241506
358	0.241813
359	0.241605
360	0.241495
361	0.241825
362	0.241789
363	0.241801
364	0.241664
365	0.241456
366	0.24141
367	0.241393
368	0.241267
369	0.241161
370	0.241217
371	0.241089
372	0.241044
373	0.24088
374	0.240813
375	0.240817
376	0.241135
377	0.241431
378	0.241434
379	0.241568
380	0.241609
381	0.24166
382	0.241602
383	0.241529
384	0.241484
385	0.241647
386	0.241378
387	0.241256
388	0.241739
389	0.241757
390	0.241918
391	0.241779
392	0.242097
393	0.241884
394	0.241922
395	0.241776
396	0.241482
397	0.241556
398	0.242138
399	0.242195
400	0.242051
401	0.241898
402	0.241781
403	0.241667
404	0.24163
405	0.241888
406	0.241962
407	0.242213
408	0.242068
409	0.242599
410	0.242465
411	0.242386
412	0.242192
413	0.242238
414	0.2422
415	0.242453
416	0.24263
417	0.242421
418	0.242862
419	0.242774
420	0.242641
421	0.242538
422	0.242593
423	0.242729
424	0.242749
425	0.24286
426	0.242856
427	0.242676
428	0.242629
429	0.242506
430	0.242352
431	0.242342
432	0.242192
433	0.242467
434	0.242196
435	0.242261
436	0.24211
437	0.242076
438	0.24201
439	0.24184
440	0.241875
441	0.241848
442	0.241995
443	0.242123
444	0.242247
445	0.242093
446	0.242358
447	0.242314
448	0.242408
449	0.242475
450	0.242461
451	0.24238
452	0.242196
453	0.242276
454	0.242181
455	0.24213
456	0.242212
457	0.242321
458	0.242282
459	0.242305
460	0.242615
461	0.242361
462	0.242196
463	0.242238
464	0.242245
465	0.242218
466	0.242094
467	0.242101
468	0.242244
469	0.242223
470	0.242384
471	0.24242
472	0.24255
473	0.242374
474	0.242331
475	0.242342
476	0.242179
477	0.242309
478	0.242209
479	0.242244
480	0.242322
481	0.242451
482	0.242595
483	0.242709
484	0.242511
485	0.242504
486	0.242637
487	0.242547
488	0.242508
489	0.242351
490	0.242281
491	0.242796
492	0.242818
493	0.242862
494	0.242908
495	0.242766
496	0.242711
497	0.242639
498	0.242453
499	0.242339
