0	0.0675446
1	0.0558343
2	0.0532164
3	0.0562582
4	0.0566194
5	0.0552901
6	0.0552221
7	0.0536971
8	0.0542748
9	0.055595
10	0.0548313
11	0.0547464
12	0.05541
13	0.0563311
14	0.0554971
15	0.0541531
16	0.0538459
17	0.0531518
18	0.0532606
19	0.0534156
20	0.0527954
21	0.0519372
22	0.0514654
23	0.0510399
24	0.0508928
25	0.0515219
26	0.051326
27	0.0510219
28	0.0510356
29	0.0516173
30	0.0528424
31	0.0529227
32	0.0528674
33	0.0524612
34	0.0523976
35	0.0524898
36	0.0523044
37	0.0520122
38	0.0519473
39	0.0514111
40	0.0515945
41	0.0515486
42	0.0515061
43	0.0515834
44	0.0512665
45	0.0508831
46	0.0507397
47	0.0506089
48	0.0505634
49	0.0508145
50	0.0506558
51	0.0503569
52	0.0501901
53	0.050057
54	0.0497892
55	0.0496607
56	0.0500275
57	0.0499846
58	0.049777
59	0.0499283
60	0.0498988
61	0.0498651
62	0.0499609
63	0.0502181
64	0.0503709
65	0.0503408
66	0.050464
67	0.050487
68	0.0504235
69	0.0505107
70	0.050573
71	0.0503792
72	0.0503506
73	0.0504902
74	0.0504028
75	0.0505191
76	0.0505054
77	0.0503992
78	0.0502875
79	0.050479
80	0.0504341
81	0.0503567
82	0.0506633
83	0.0506441
84	0.0505494
85	0.0505605
86	0.0504235
87	0.050425
88	0.0502554
89	0.0501908
90	0.050177
91	0.0501611
92	0.0501583
93	0.0501599
94	0.0500861
95	0.0501003
96	0.0499578
97	0.0498734
98	0.0498946
99	0.0501319
100	0.0502748
101	0.0503955
102	0.0503114
103	0.0505138
104	0.0504969
105	0.0506446
106	0.0505915
107	0.0504902
108	0.0505621
109	0.0505432
110	0.0506769
111	0.0506943
112	0.0506255
113	0.0507074
114	0.0505836
115	0.0505219
116	0.0504687
117	0.0505759
118	0.050656
119	0.050737
120	0.0506968
121	0.0505023
122	0.0504107
123	0.0503806
124	0.0504137
125	0.0503408
126	0.0508366
127	0.0509036
128	0.0508876
129	0.0509202
130	0.0508966
131	0.0507906
132	0.0508047
133	0.0507631
134	0.0508353
135	0.0507271
136	0.0507005
137	0.0506391
138	0.0505265
139	0.0506393
140	0.0507626
141	0.0508366
142	0.0507886
143	0.0507
144	0.0507473
145	0.0506807
146	0.0506541
147	0.0506632
148	0.0506384
149	0.0506841
150	0.0506819
151	0.0506339
152	0.0506181
153	0.0506084
154	0.0505476
155	0.0505506
156	0.0505428
157	0.0506671
158	0.050519
159	0.0504766
160	0.0503715
161	0.0504076
162	0.0503881
163	0.0503912
164	0.0503435
165	0.05037
166	0.0503051
167	0.0503478
168	0.0503013
169	0.0502386
170	0.0502192
171	0.0501423
172	0.0501444
173	0.0500582
174	0.0500914
175	0.0500553
176	0.0501216
177	0.0500513
178	0.0500716
179	0.0500481
180	0.0500254
181	0.0499834
182	0.049987
183	0.0499454
184	0.049959
185	0.0499141
186	0.0499632
187	0.0500579
188	0.0501033
189	0.0502776
190	0.0503131
191	0.0502339
192	0.0502748
193	0.0502326
194	0.050201
195	0.0502499
196	0.0502249
197	0.0501809
198	0.0501416
199	0.0501034
200	0.0501567
201	0.0500762
202	0.0500465
203	0.0501328
204	0.0501024
205	0.0501197
206	0.0501384
207	0.0501322
208	0.0500787
209	0.0500527
210	0.0501154
211	0.0500722
212	0.0500634
213	0.0500228
214	0.0499636
215	0.0499631
216	0.0499451
217	0.0499902
218	0.0499901
219	0.0500372
220	0.050039
221	0.0501143
222	0.0501414
223	0.0501832
224	0.0500726
225	0.0500788
226	0.0500878
227	0.0500776
228	0.0501074
229	0.0501717
230	0.0501899
231	0.0502125
232	0.0501694
233	0.0501264
234	0.050193
235	0.0501208
236	0.0500883
237	0.0500331
238	0.0501523
239	0.0501159
240	0.0501353
241	0.0500291
242	0.0500465
243	0.0500852
244	0.0500876
245	0.0501153
246	0.0501504
247	0.0502417
248	0.0503021
249	0.0502788
250	0.0502467
251	0.0501778
252	0.0501415
253	0.0500822
254	0.0500853
255	0.0500966
256	0.050059
257	0.0500252
258	0.0500566
259	0.0501151
260	0.0500998
261	0.0500649
262	0.0501144
263	0.0500893
264	0.0500725
265	0.0500597
266	0.0500642
267	0.050043
268	0.0501254
269	0.0501289
270	0.0500973
271	0.0501649
272	0.0501806
273	0.0501542
274	0.0501688
275	0.0501639
276	0.0502303
277	0.0502536
278	0.0504044
279	0.0504346
280	0.0504585
281	0.0504935
282	0.0504914
283	0.0505382
284	0.0505777
285	0.0505239
286	0.0506312
287	0.0506648
288	0.0505955
289	0.0505772
290	0.0506217
291	0.0505614
292	0.0505735
293	0.0505105
294	0.0505502
295	0.0505399
296	0.050551
297	0.050521
298	0.05049
299	0.0505654
300	0.050516
301	0.0504783
302	0.0503894
303	0.0503443
304	0.0503451
305	0.0503446
306	0.0503399
307	0.0503254
308	0.0503237
309	0.0503146
310	0.0502888
311	0.0502596
312	0.0502751
313	0.0502786
314	0.0503121
315	0.0503762
316	0.050435
317	0.0504738
318	0.0504945
319	0.050499
320	0.0504551
321	0.0504035
322	0.0504066
323	0.0504303
324	0.0504714
325	0.0504803
326	0.0505376
327	0.0505407
328	0.0505685
329	0.0505592
330	0.0507081
331	0.0506792
332	0.0506733
333	0.0506953
334	0.0507599
335	0.0507624
336	0.0507916
337	0.050755
338	0.0507273
339	0.0508076
340	0.0507867
341	0.0507478
342	0.0507241
343	0.0507573
344	0.0508128
345	0.0508166
346	0.0508141
347	0.0507621
348	0.0507595
349	0.0507907
350	0.0507732
351	0.0507838
352	0.0508275
353	0.0508188
354	0.0508162
355	0.0508006
356	0.0508213
357	0.0508547
358	0.0508283
359	0.0508453
360	0.0508426
361	0.0508119
362	0.0507835
363	0.0507884
364	0.0508132
365	0.0508351
366	0.0508251
367	0.0508247
368	0.0507944
369	0.0507437
370	0.0506941
371	0.0506813
372	0.0506418
373	0.0506192
374	0.0506031
375	0.0506328
376	0.0507069
377	0.0507152
378	0.0506789
379	0.0507021
380	0.0507457
381	0.0507104
382	0.0507142
383	0.0507284
384	0.0506905
385	0.0507281
386	0.0506896
387	0.0506722
388	0.0506414
389	0.0505888
390	0.0505559
391	0.0505543
392	0.0505242
393	0.0505124
394	0.0504765
395	0.0505107
396	0.0504894
397	0.0504511
398	0.0504562
399	0.0504384
400	0.0504545
401	0.0504149
402	0.0504135
403	0.050453
404	0.0504147
405	0.0503901
406	0.0504305
407	0.0503971
408	0.0503846
409	0.0503527
410	0.0503442
411	0.0503522
412	0.0503748
413	0.0503942
414	0.0503968
415	0.0503754
416	0.0503709
417	0.0504023
418	0.0504033
419	0.0504589
420	0.0504735
421	0.0504773
422	0.0504945
423	0.0504752
424	0.0505002
425	0.0505081
426	0.0504551
427	0.0504184
428	0.0504292
429	0.0504439
430	0.0504394
431	0.0504326
432	0.0504554
433	0.0504697
434	0.0504831
435	0.0504773
436	0.0505015
437	0.0504771
438	0.0504657
439	0.0504553
440	0.0504399
441	0.0503984
442	0.050344
443	0.0503433
444	0.0503285
445	0.050312
446	0.0503209
447	0.0503203
448	0.0503485
449	0.0503386
450	0.0503207
451	0.0502893
452	0.0503431
453	0.0503294
454	0.0503334
455	0.0503619
456	0.0503927
457	0.0503508
458	0.0503634
459	0.0503743
460	0.050358
461	0.0503516
462	0.0503738
463	0.0503634
464	0.0503661
465	0.0503857
466	0.0504004
467	0.0504203
468	0.0504179
469	0.0504194
470	0.0504214
471	0.0503908
472	0.0504025
473	0.0504043
474	0.0503703
475	0.0503453
476	0.0503586
477	0.0503303
478	0.0503427
479	0.0503377
480	0.0503252
481	0.0503066
482	0.0503159
483	0.0503331
484	0.0503283
485	0.0503355
486	0.0503157
487	0.0503143
488	0.050345
489	0.0503295
490	0.0503093
491	0.0503569
492	0.0503407
493	0.0503458
494	0.0503589
495	0.0503435
496	0.0503127
497	0.0502783
498	0.0502832
499	0.0502878
500	0.0503084
501	0.050292
502	0.0502688
503	0.0502598
504	0.0503111
505	0.0503135
506	0.0503044
507	0.0503155
508	0.0502799
509	0.0503581
510	0.0503444
511	0.0503521
512	0.0503869
513	0.0503868
514	0.0503769
515	0.0503739
516	0.0503793
517	0.050364
518	0.0503502
519	0.0503439
520	0.0503471
521	0.0503616
522	0.0503973
523	0.0504083
524	0.0503845
525	0.0504029
526	0.0503937
527	0.0503478
528	0.0503494
529	0.0503544
530	0.0503577
531	0.0503656
532	0.050364
533	0.0503835
534	0.0503666
535	0.0503363
536	0.050328
537	0.0503377
538	0.0503324
539	0.0503259
540	0.050313
541	0.0503007
542	0.0502936
543	0.0502815
544	0.0503068
545	0.0502777
546	0.0502874
547	0.0502936
548	0.050287
549	0.0502499
550	0.0502419
551	0.0502842
552	0.0502693
553	0.0502657
554	0.0502511
555	0.0502657
556	0.0502538
557	0.0502405
558	0.050223
559	0.050234
560	0.0502193
561	0.0501957
562	0.0502088
563	0.0501956
564	0.0502131
565	0.0502088
566	0.050209
567	0.0502193
568	0.0502478
569	0.0502676
570	0.0502377
571	0.0502574
572	0.0502831
573	0.0503226
574	0.0503427
575	0.0503731
576	0.0503362
577	0.0503298
578	0.0503523
579	0.050347
580	0.0503498
581	0.0503434
582	0.050308
583	0.0502762
584	0.0502782
585	0.0502809
586	0.050256
587	0.0502394
588	0.0502643
589	0.0502775
590	0.0503114
591	0.0502771
592	0.0502624
593	0.0502789
594	0.0502671
595	0.0502584
596	0.0502348
597	0.0502159
598	0.0502151
599	0.0502059
600	0.0502031
601	0.0502221
602	0.0502
603	0.0501942
604	0.0502155
605	0.0502407
606	0.0502293
607	0.0502441
608	0.050241
609	0.0502301
610	0.0502405
611	0.0502702
612	0.0502904
613	0.0502731
614	0.0502406
615	0.0502692
616	0.0502806
617	0.0502866
618	0.0503015
619	0.0503141
620	0.0502953
621	0.0502864
622	0.0503005
623	0.0503139
624	0.0503128
625	0.0503263
626	0.050334
627	0.0503323
628	0.0503241
629	0.0502938
630	0.0503194
631	0.0502898
632	0.0502981
633	0.0502776
634	0.0502807
635	0.050287
636	0.0503086
637	0.0502837
638	0.0502847
639	0.0502732
640	0.0502792
641	0.0502762
642	0.0502761
643	0.0502774
644	0.050268
645	0.0502672
646	0.0502682
647	0.050266
648	0.0502557
649	0.0502416
650	0.0502171
651	0.050232
652	0.0502383
653	0.0502645
654	0.0502582
655	0.0502428
656	0.0502618
657	0.0502616
658	0.0502584
659	0.0502637
660	0.0502488
661	0.0502505
662	0.0502371
663	0.0502307
664	0.0502475
665	0.0502453
666	0.0502405
667	0.0502393
668	0.0502509
669	0.0502964
670	0.0503162
671	0.0503094
672	0.0502873
673	0.0502885
674	0.0502701
675	0.0502737
676	0.0502556
677	0.0502878
678	0.0502761
679	0.0503073
680	0.0502984
681	0.050301
682	0.0503162
683	0.0503126
684	0.050324
685	0.0503201
686	0.0503348
687	0.0503474
688	0.05031
689	0.0502933
690	0.0502957
691	0.05029
692	0.0502989
693	0.0502907
694	0.0502668
695	0.0502566
696	0.0502631
697	0.0502748
698	0.0502669
699	0.0502556
700	0.0502455
701	0.0502803
702	0.050277
703	0.0502932
704	0.0502797
705	0.0502762
706	0.0503195
707	0.0503323
708	0.0503079
709	0.0502989
710	0.0503308
711	0.0503201
712	0.0503301
713	0.0503523
714	0.0503626
715	0.0503528
716	0.050374
717	0.0503799
718	0.0503848
719	0.0503865
720	0.0503886
721	0.0503758
722	0.0503772
723	0.0504027
724	0.0504146
725	0.0504077
726	0.0503992
727	0.050401
728	0.0504092
729	0.0504193
730	0.0504508
731	0.0504473
732	0.0504395
733	0.0504081
734	0.050405
735	0.0504045
736	0.0504165
737	0.0504153
738	0.0504231
739	0.0504306
740	0.0504298
741	0.0504245
742	0.0504182
743	0.0504264
744	0.050433
745	0.0504508
746	0.0504569
747	0.0504547
748	0.050434
749	0.0504424
750	0.0504722
751	0.0504459
752	0.0504313
753	0.0504321
754	0.0504377
755	0.0504558
756	0.0504443
757	0.0504407
758	0.0504307
759	0.0504158
760	0.0504161
761	0.0504117
762	0.0503978
763	0.0503884
764	0.050389
765	0.0503845
766	0.0504059
767	0.0504251
768	0.0504341
769	0.0504257
770	0.0504283
771	0.0504194
772	0.0504168
773	0.0504208
774	0.0504206
775	0.0503895
776	0.0503855
777	0.0503761
778	0.0503947
779	0.0503855
780	0.0503942
781	0.0503665
782	0.0503534
783	0.0503861
784	0.0503837
785	0.0503781
786	0.0503639
787	0.0503686
788	0.0503583
789	0.0503882
790	0.0503713
791	0.0503576
792	0.0503488
793	0.0503356
794	0.0503264
795	0.0503405
796	0.0503542
797	0.0503545
798	0.0503585
799	0.0503561
800	0.0503403
801	0.0503184
802	0.0503146
803	0.0503072
804	0.0502761
805	0.0502803
806	0.0502694
807	0.0502744
808	0.0502757
809	0.0502789
810	0.0502795
811	0.0502848
812	0.0503102
813	0.0503019
814	0.0503001
815	0.0503131
816	0.0503105
817	0.0503068
818	0.0503028
819	0.050301
820	0.050288
821	0.0502723
822	0.0502661
823	0.050269
824	0.0502658
825	0.0502922
826	0.0502958
827	0.050288
828	0.0502997
829	0.0502922
830	0.0502929
831	0.0502918
832	0.0502862
833	0.0502862
834	0.0503038
835	0.0502957
836	0.0503236
837	0.0503307
838	0.0503694
839	0.0503593
840	0.0503633
841	0.0503648
842	0.0503535
843	0.0503487
844	0.0503482
845	0.050371
846	0.0503769
847	0.050374
848	0.050357
849	0.0503273
850	0.0503224
851	0.0502984
852	0.0502902
853	0.0503011
854	0.0503004
855	0.0502847
856	0.0502673
857	0.0502785
858	0.0502665
859	0.050258
860	0.0502491
861	0.0502506
862	0.0502334
863	0.0502422
864	0.0502196
865	0.0502253
866	0.0502165
867	0.0502285
868	0.0502286
869	0.0502315
870	0.0502259
871	0.0502297
872	0.0502386
873	0.0502236
874	0.0502711
875	0.0502665
876	0.0502495
877	0.0502616
878	0.0502475
879	0.0502495
880	0.0502485
881	0.0502466
882	0.0502508
883	0.0502686
884	0.0502705
885	0.0502981
886	0.0502911
887	0.0502984
888	0.0502933
889	0.0502861
890	0.0502967
891	0.0502879
892	0.0502838
893	0.0502886
894	0.050295
895	0.0502949
896	0.0503001
897	0.0502943
898	0.0503137
899	0.0503052
900	0.0502936
901	0.0502854
902	0.0502833
903	0.0502565
904	0.0502508
905	0.0502783
906	0.0502914
907	0.0502925
908	0.0502735
909	0.0502564
910	0.0502542
911	0.0502488
912	0.05024
913	0.0502276
914	0.0502725
915	0.0502782
916	0.0502701
917	0.0503059
918	0.0502908
919	0.0502779
920	0.0502741
921	0.0502693
922	0.0502923
923	0.0502963
924	0.0503059
925	0.0503239
926	0.0503158
927	0.0503314
928	0.0503347
929	0.0503332
930	0.0503521
931	0.0503333
932	0.050321
933	0.0503238
934	0.0503222
935	0.0503079
936	0.0503008
937	0.0502968
938	0.0502807
939	0.0502995
940	0.0503184
941	0.0503118
942	0.0502928
943	0.0502878
944	0.0503141
945	0.0503092
946	0.0503251
947	0.0503261
948	0.0503191
949	0.0503173
950	0.0503296
951	0.0503508
952	0.0503559
953	0.0503595
954	0.0503658
955	0.0503661
956	0.050392
957	0.0504193
958	0.0504084
959	0.0503848
960	0.050395
961	0.0504023
962	0.0504359
963	0.0504265
964	0.050426
965	0.0504304
966	0.0504295
967	0.050427
968	0.0504191
969	0.0504047
970	0.0504311
971	0.0504408
972	0.0504208
973	0.0504133
974	0.0504117
975	0.050414
976	0.0504312
977	0.0504186
978	0.0504078
979	0.05041
980	0.0504161
981	0.0504038
982	0.0504038
983	0.0504159
984	0.0503989
985	0.0503941
986	0.0503888
987	0.0503723
988	0.0503761
989	0.050389
990	0.0504078
991	0.0503959
992	0.0503814
993	0.0503949
994	0.050395
995	0.0503921
996	0.0504011
997	0.0504275
998	0.0504359
999	0.0504295
