0	0.301632
1	0.275919
2	0.316781
3	0.322877
4	0.327076
5	0.31273
6	0.311929
7	0.310096
8	0.322489
9	0.324594
10	0.32174
11	0.324124
12	0.333106
13	0.329548
14	0.325474
15	0.317728
16	0.317213
17	0.314063
18	0.315435
19	0.312715
20	0.307348
21	0.301493
22	0.300444
23	0.302648
24	0.30566
25	0.309137
26	0.311515
27	0.310877
28	0.309145
29	0.312379
30	0.321307
31	0.322584
32	0.322913
33	0.3209
34	0.318702
35	0.319395
36	0.318418
37	0.316634
38	0.315506
39	0.313094
40	0.315488
41	0.314434
42	0.312684
43	0.312304
44	0.3108
45	0.309376
46	0.309339
47	0.309258
48	0.308236
49	0.308668
50	0.307195
51	0.305041
52	0.306714
53	0.305172
54	0.303023
55	0.30502
56	0.305026
57	0.303999
58	0.303181
59	0.302451
60	0.303005
61	0.302704
62	0.302801
63	0.302703
64	0.305151
65	0.304919
66	0.305136
67	0.305322
68	0.304474
69	0.304787
70	0.306099
71	0.304878
72	0.303559
73	0.303982
74	0.303097
75	0.303935
76	0.303999
77	0.303362
78	0.302598
79	0.302535
80	0.301935
81	0.301461
82	0.302462
83	0.302576
84	0.301966
85	0.302523
86	0.302096
87	0.302898
88	0.301654
89	0.301079
90	0.301235
91	0.300705
92	0.301824
93	0.301753
94	0.301684
95	0.301115
96	0.300633
97	0.299955
98	0.299979
99	0.299861
100	0.3014
101	0.30165
102	0.301806
103	0.30216
104	0.302061
105	0.302384
106	0.302846
107	0.302445
108	0.303043
109	0.30393
110	0.304525
111	0.304726
112	0.304699
113	0.304903
114	0.304159
115	0.303468
116	0.303269
117	0.30311
118	0.303895
119	0.303878
120	0.303384
121	0.302137
122	0.301949
123	0.301634
124	0.301487
125	0.300969
126	0.30264
127	0.302675
128	0.30272
129	0.302648
130	0.302339
131	0.302175
132	0.302002
133	0.302394
134	0.302563
135	0.302078
136	0.301397
137	0.30118
138	0.300854
139	0.300504
140	0.301496
141	0.301568
142	0.300915
143	0.301218
144	0.301171
145	0.301402
146	0.301062
147	0.300332
148	0.300425
149	0.30055
150	0.30045
151	0.30017
152	0.300032
153	0.300259
154	0.299782
155	0.299747
156	0.299719
157	0.300368
158	0.299537
159	0.299687
160	0.298949
161	0.29955
162	0.299651
163	0.299007
164	0.299043
165	0.299366
166	0.298991
167	0.299145
168	0.298992
169	0.298577
170	0.298555
171	0.298142
172	0.298613
173	0.298349
174	0.298497
175	0.298075
176	0.297842
177	0.297647
178	0.297576
179	0.29767
180	0.297282
181	0.296906
182	0.296864
183	0.296598
184	0.296319
185	0.295684
186	0.295595
187	0.295487
188	0.295733
189	0.296385
190	0.296507
191	0.296114
192	0.296358
193	0.296322
194	0.296241
195	0.296262
196	0.296322
197	0.296031
198	0.296065
199	0.29567
200	0.295747
201	0.295262
202	0.29518
203	0.295223
204	0.294973
205	0.295069
206	0.295242
207	0.29524
208	0.294718
209	0.2949
210	0.295039
211	0.29485
212	0.294863
213	0.294836
214	0.294625
215	0.294514
216	0.294257
217	0.294276
218	0.294245
219	0.294353
220	0.294425
221	0.29463
222	0.294821
223	0.295114
224	0.294926
225	0.295127
226	0.295115
227	0.295095
228	0.294906
229	0.295276
230	0.29536
231	0.295058
232	0.294827
233	0.294457
234	0.294701
235	0.294304
236	0.293884
237	0.293704
238	0.294072
239	0.293634
240	0.293694
241	0.293234
242	0.293431
243	0.293754
244	0.294038
245	0.29448
246	0.294792
247	0.295496
248	0.29612
249	0.296069
250	0.295859
251	0.2955
252	0.295368
253	0.295015
254	0.295051
255	0.29488
256	0.294675
257	0.294753
258	0.294808
259	0.295343
260	0.295455
261	0.295365
262	0.295601
263	0.295277
264	0.295184
265	0.295047
266	0.294962
267	0.294744
268	0.295045
269	0.295208
270	0.295097
271	0.295455
272	0.2958
273	0.295515
274	0.295256
275	0.295075
276	0.295869
277	0.296084
278	0.297038
279	0.297029
280	0.297274
281	0.297473
282	0.297422
283	0.297647
284	0.297666
285	0.297448
286	0.297841
287	0.298029
288	0.297817
289	0.297759
290	0.297761
291	0.297831
292	0.297734
293	0.297471
294	0.297635
295	0.297505
296	0.297841
297	0.297642
298	0.297385
299	0.297557
300	0.297318
301	0.297413
302	0.296946
303	0.297121
304	0.29698
305	0.296765
306	0.296881
307	0.296638
308	0.29667
309	0.296361
310	0.296357
311	0.296156
312	0.296514
313	0.296458
314	0.296638
315	0.296722
316	0.296734
317	0.296913
318	0.297172
319	0.297118
320	0.297188
321	0.296902
322	0.297099
323	0.297191
324	0.297019
325	0.297203
326	0.297311
327	0.297558
328	0.297467
329	0.297425
330	0.2978
331	0.297818
332	0.297892
333	0.298067
334	0.298453
335	0.298633
336	0.298701
337	0.298928
338	0.298995
339	0.299344
340	0.299297
341	0.299094
342	0.299028
343	0.298993
344	0.29888
345	0.298837
346	0.298655
347	0.298574
348	0.298662
349	0.298567
350	0.298399
351	0.298615
352	0.299055
353	0.299145
354	0.299393
355	0.299244
356	0.299566
357	0.299577
358	0.299302
359	0.299482
360	0.299458
361	0.299151
362	0.298908
363	0.298893
364	0.298738
365	0.298992
366	0.29901
367	0.299138
368	0.298874
369	0.298453
370	0.298206
371	0.298254
372	0.298106
373	0.298095
374	0.298127
375	0.29811
376	0.298111
377	0.298103
378	0.297941
379	0.298027
380	0.298155
381	0.298083
382	0.298065
383	0.298007
384	0.297814
385	0.298022
386	0.297874
387	0.297891
388	0.298038
389	0.298193
390	0.297941
391	0.297843
392	0.297776
393	0.297521
394	0.297365
395	0.297517
396	0.297299
397	0.297165
398	0.297133
399	0.297003
400	0.296914
401	0.296852
402	0.296865
403	0.296794
404	0.296568
405	0.296586
406	0.296679
407	0.296559
408	0.296535
409	0.296665
410	0.296666
411	0.296744
412	0.296715
413	0.296795
414	0.296924
415	0.296751
416	0.296884
417	0.297019
418	0.296924
419	0.297283
420	0.297375
421	0.297604
422	0.297899
423	0.297857
424	0.298012
425	0.297934
426	0.297753
427	0.297569
428	0.2976
429	0.297619
430	0.29767
431	0.297698
432	0.297597
433	0.29764
434	0.297838
435	0.297978
436	0.298148
437	0.298246
438	0.298334
439	0.298299
440	0.298337
441	0.298449
442	0.298208
443	0.298261
444	0.298088
445	0.297909
446	0.29795
447	0.29791
448	0.298156
449	0.298121
450	0.298113
451	0.297985
452	0.29832
453	0.29819
454	0.298193
455	0.298332
456	0.298568
457	0.298397
458	0.298472
459	0.298534
460	0.298394
461	0.29852
462	0.298347
463	0.298286
464	0.298153
465	0.298241
466	0.298076
467	0.298098
468	0.298138
469	0.29849
470	0.298562
471	0.298483
472	0.298517
473	0.298622
474	0.298434
475	0.298226
476	0.298394
477	0.298322
478	0.298401
479	0.298248
480	0.298325
481	0.298205
482	0.298179
483	0.298166
484	0.298267
485	0.298495
486	0.298382
487	0.298446
488	0.298431
489	0.298602
490	0.298521
491	0.298914
492	0.298875
493	0.29884
494	0.29894
495	0.299001
496	0.298944
497	0.298784
498	0.298715
499	0.298655
500	0.298654
501	0.298567
502	0.298451
503	0.298429
504	0.298648
505	0.298698
506	0.298714
507	0.298868
508	0.298672
509	0.298831
510	0.298756
511	0.298862
512	0.298887
513	0.29891
514	0.298812
515	0.298916
516	0.298923
517	0.298836
518	0.29887
519	0.298962
520	0.299097
521	0.299155
522	0.299214
523	0.299243
524	0.299233
525	0.299336
526	0.299215
527	0.299005
528	0.299146
529	0.299437
530	0.299549
531	0.299585
532	0.299622
533	0.299568
534	0.299438
535	0.299343
536	0.299116
537	0.299254
538	0.299076
539	0.299077
540	0.298961
541	0.298918
542	0.298892
543	0.299111
544	0.2992
545	0.299036
546	0.298995
547	0.29901
548	0.298909
549	0.298897
550	0.298854
551	0.29897
552	0.299029
553	0.299098
554	0.299262
555	0.299434
556	0.299412
557	0.299428
558	0.299414
559	0.2994
560	0.299291
561	0.299141
562	0.299279
563	0.299392
564	0.29942
565	0.299431
566	0.29959
567	0.299603
568	0.299897
569	0.300015
570	0.299875
571	0.299892
572	0.299908
573	0.299936
574	0.299951
575	0.299957
576	0.299852
577	0.299901
578	0.29991
579	0.299861
580	0.299789
581	0.299757
582	0.299609
583	0.299386
584	0.29943
585	0.299577
586	0.2995
587	0.29964
588	0.299786
589	0.29969
590	0.299958
591	0.299882
592	0.29974
593	0.299812
594	0.299759
595	0.299902
596	0.299749
597	0.299732
598	0.299699
599	0.299606
600	0.299548
601	0.299656
602	0.299495
603	0.299447
604	0.299556
605	0.299755
606	0.299683
607	0.299677
608	0.299675
609	0.299718
610	0.299828
611	0.299772
612	0.299697
613	0.299579
614	0.299512
615	0.299624
616	0.29973
617	0.299961
618	0.300018
619	0.30016
620	0.300049
621	0.30003
622	0.300191
623	0.300174
624	0.300198
625	0.300271
626	0.300263
627	0.300297
628	0.300387
629	0.300272
630	0.300507
631	0.300492
632	0.300442
633	0.300262
634	0.30025
635	0.300372
636	0.300402
637	0.300272
638	0.300371
639	0.300426
640	0.300508
641	0.300528
642	0.300465
643	0.300546
644	0.300437
645	0.300444
646	0.300409
647	0.300341
648	0.300317
649	0.300335
650	0.300271
651	0.300316
652	0.300258
653	0.300246
654	0.300249
655	0.300189
656	0.300144
657	0.300234
658	0.30025
659	0.300183
660	0.30014
661	0.300292
662	0.300134
663	0.300322
664	0.30031
665	0.300182
666	0.300052
667	0.300135
668	0.300116
669	0.300432
670	0.300479
671	0.300536
672	0.300452
673	0.300494
674	0.300331
675	0.300426
676	0.300381
677	0.30043
678	0.300327
679	0.300582
680	0.300514
681	0.300659
682	0.300735
683	0.300727
684	0.300686
685	0.300669
686	0.300704
687	0.300651
688	0.30043
689	0.300332
690	0.300182
691	0.300103
692	0.300072
693	0.300138
694	0.30013
695	0.300001
696	0.300034
697	0.300152
698	0.300107
699	0.300003
700	0.299906
701	0.299996
702	0.299985
703	0.300053
704	0.299967
705	0.299895
706	0.299988
707	0.30006
708	0.29999
709	0.300032
710	0.30008
711	0.300021
712	0.300048
713	0.300402
714	0.300519
715	0.300485
716	0.300552
717	0.300569
718	0.300608
719	0.300582
720	0.300594
721	0.300587
722	0.300559
723	0.300708
724	0.300816
725	0.30077
726	0.300693
727	0.300814
728	0.300931
729	0.300803
730	0.300804
731	0.300742
732	0.300768
733	0.300676
734	0.300603
735	0.300552
736	0.300507
737	0.300536
738	0.30057
739	0.300594
740	0.300525
741	0.300559
742	0.300501
743	0.300526
744	0.30058
745	0.300661
746	0.300717
747	0.300755
748	0.300816
749	0.300874
750	0.301119
751	0.300987
752	0.300898
753	0.300892
754	0.301011
755	0.30123
756	0.301174
757	0.301171
758	0.301073
759	0.301034
760	0.301029
761	0.301066
762	0.301093
763	0.301092
764	0.301068
765	0.301033
766	0.301147
767	0.301281
768	0.301385
769	0.301325
770	0.301377
771	0.30136
772	0.301351
773	0.301311
774	0.301381
775	0.301195
776	0.301221
777	0.301282
778	0.301371
779	0.301229
780	0.301151
781	0.301024
782	0.300963
783	0.300984
784	0.301122
785	0.301029
786	0.300949
787	0.300888
788	0.300797
789	0.301262
790	0.301351
791	0.301387
792	0.301314
793	0.30124
794	0.301181
795	0.301248
796	0.301362
797	0.301392
798	0.301324
799	0.301237
800	0.301117
801	0.300931
802	0.300858
803	0.300912
804	0.30081
805	0.300891
806	0.300794
807	0.300777
808	0.300814
809	0.300829
810	0.300725
811	0.300676
812	0.30077
813	0.300828
814	0.300884
815	0.300936
816	0.300871
817	0.300833
818	0.300802
819	0.30073
820	0.300614
821	0.300478
822	0.300457
823	0.300543
824	0.300561
825	0.300549
826	0.300589
827	0.300502
828	0.300488
829	0.300438
830	0.300424
831	0.300441
832	0.300409
833	0.300379
834	0.300663
835	0.300634
836	0.300679
837	0.300683
838	0.300755
839	0.300694
840	0.300662
841	0.300651
842	0.300647
843	0.300669
844	0.300691
845	0.30095
846	0.300916
847	0.300915
848	0.300783
849	0.300691
850	0.300705
851	0.300689
852	0.300652
853	0.300696
854	0.300778
855	0.300751
856	0.300728
857	0.300701
858	0.300656
859	0.300625
860	0.300574
861	0.300505
862	0.300433
863	0.300404
864	0.300306
865	0.300386
866	0.300376
867	0.300349
868	0.30039
869	0.300403
870	0.300357
871	0.300541
872	0.300608
873	0.300542
874	0.300741
875	0.300698
876	0.30063
877	0.300674
878	0.300637
879	0.30056
880	0.300489
881	0.300563
882	0.30056
883	0.300703
884	0.300719
885	0.30094
886	0.301001
887	0.301114
888	0.301135
889	0.301067
890	0.30117
891	0.301253
892	0.301187
893	0.301222
894	0.301257
895	0.301248
896	0.301229
897	0.301185
898	0.301362
899	0.301291
900	0.301166
901	0.301083
902	0.301039
903	0.300927
904	0.300909
905	0.301103
906	0.301062
907	0.301062
908	0.300971
909	0.300823
910	0.300789
911	0.300678
912	0.300669
913	0.300656
914	0.30078
915	0.300818
916	0.300809
917	0.300875
918	0.30081
919	0.300807
920	0.30074
921	0.300669
922	0.300745
923	0.30077
924	0.300782
925	0.300796
926	0.300781
927	0.300837
928	0.300767
929	0.300728
930	0.3008
931	0.300764
932	0.300687
933	0.300715
934	0.300786
935	0.300712
936	0.300616
937	0.300533
938	0.30057
939	0.300638
940	0.300667
941	0.300645
942	0.300578
943	0.300594
944	0.300638
945	0.300612
946	0.300887
947	0.300922
948	0.30082
949	0.300835
950	0.300895
951	0.301056
952	0.301089
953	0.301045
954	0.301143
955	0.30118
956	0.301235
957	0.301308
958	0.301336
959	0.301278
960	0.301314
961	0.301306
962	0.301623
963	0.301739
964	0.301762
965	0.30173
966	0.301688
967	0.301611
968	0.301535
969	0.301508
970	0.301764
971	0.30179
972	0.301721
973	0.301647
974	0.30165
975	0.301647
976	0.301772
977	0.30171
978	0.301783
979	0.301813
980	0.301795
981	0.301769
982	0.301715
983	0.301757
984	0.301661
985	0.301549
986	0.301519
987	0.301492
988	0.3015
989	0.301664
990	0.301765
991	0.30178
992	0.301717
993	0.30164
994	0.301788
995	0.301787
996	0.301833
997	0.301923
998	0.30202
999	0.301962
