0	0.251401
1	0.32032
2	0.36575
3	0.341565
4	0.319092
5	0.325043
6	0.301943
7	0.331619
8	0.329117
9	0.34418
10	0.35017
11	0.354187
12	0.342413
13	0.337743
14	0.337634
15	0.350188
16	0.351199
17	0.360649
18	0.352237
19	0.353366
20	0.349046
21	0.345085
22	0.347573
23	0.349069
24	0.350364
25	0.348522
26	0.347169
27	0.356955
28	0.35187
29	0.364119
30	0.370507
31	0.37108
32	0.37162
33	0.369619
34	0.373461
35	0.371838
36	0.369123
37	0.370023
38	0.366775
39	0.364388
40	0.363648
41	0.366545
42	0.367356
43	0.363628
44	0.364932
45	0.362446
46	0.362953
47	0.363782
48	0.361785
49	0.35953
50	0.35703
51	0.355337
52	0.355853
53	0.354084
54	0.351793
55	0.354392
56	0.354484
57	0.352154
58	0.356743
59	0.358602
60	0.361159
61	0.362014
62	0.362864
63	0.363085
64	0.362421
65	0.364179
66	0.364518
67	0.363448
68	0.363067
69	0.362591
70	0.361872
71	0.362305
72	0.361785
73	0.363658
74	0.362028
75	0.359647
76	0.360755
77	0.357901
78	0.359725
79	0.35821
80	0.359512
81	0.360149
82	0.359993
83	0.359382
84	0.36237
85	0.362243
86	0.361989
87	0.362502
88	0.360795
89	0.360312
90	0.360288
91	0.359806
92	0.360798
93	0.362918
94	0.363668
95	0.36234
96	0.361382
97	0.361254
98	0.360512
99	0.363506
100	0.364843
101	0.364601
102	0.363142
103	0.363442
104	0.364881
105	0.364731
106	0.366415
107	0.365843
108	0.364958
109	0.363684
110	0.364444
111	0.363732
112	0.363695
113	0.363691
114	0.362446
115	0.361614
116	0.360656
117	0.361064
118	0.360884
119	0.36164
120	0.362419
121	0.363452
122	0.363027
123	0.364958
124	0.36314
125	0.363723
126	0.363197
127	0.362441
128	0.361259
129	0.361219
130	0.362116
131	0.361288
132	0.361297
133	0.361775
134	0.361702
135	0.362558
136	0.361838
137	0.360454
138	0.360738
139	0.360764
140	0.360569
141	0.36063
142	0.360266
143	0.361412
144	0.360482
145	0.360406
146	0.361244
147	0.360054
148	0.358865
149	0.358129
150	0.357504
151	0.357109
152	0.356556
153	0.358892
154	0.359129
155	0.358851
156	0.359511
157	0.359055
158	0.358513
159	0.357935
160	0.358639
161	0.358669
162	0.360948
163	0.360592
164	0.360486
165	0.359832
166	0.359779
167	0.3598
168	0.359383
169	0.360181
170	0.359858
171	0.359815
172	0.36116
173	0.361198
174	0.360772
175	0.360629
176	0.361342
177	0.36106
178	0.360399
179	0.36177
180	0.361674
181	0.361588
182	0.361504
183	0.361686
184	0.361169
185	0.362486
186	0.364046
187	0.363496
188	0.363132
189	0.363249
190	0.362695
191	0.363825
192	0.363729
193	0.363492
194	0.363217
195	0.363191
196	0.36242
197	0.362523
198	0.362653
199	0.362755
200	0.362641
201	0.363144
202	0.362667
203	0.362115
204	0.361613
205	0.361084
206	0.361113
207	0.360442
208	0.360298
209	0.360298
210	0.360068
211	0.359872
212	0.359839
213	0.361733
214	0.362758
215	0.361892
216	0.361687
217	0.361712
218	0.362169
219	0.361515
220	0.361166
221	0.361107
222	0.360922
223	0.360839
224	0.3609
225	0.362067
226	0.362022
227	0.362502
228	0.361799
229	0.361847
230	0.363332
231	0.363656
232	0.36308
233	0.362653
234	0.362301
235	0.361532
236	0.361962
237	0.362394
238	0.362571
239	0.361745
240	0.361429
241	0.361558
242	0.361112
243	0.360683
244	0.361
245	0.36149
246	0.361611
247	0.361698
248	0.361368
249	0.361733
250	0.36186
251	0.361679
252	0.361753
253	0.36136
254	0.361106
255	0.361777
256	0.361763
257	0.362518
258	0.36294
259	0.362791
260	0.362664
261	0.362354
262	0.361732
263	0.361499
264	0.361816
265	0.361841
266	0.36198
267	0.362703
268	0.362201
269	0.362152
270	0.362291
271	0.362376
272	0.362482
273	0.362556
274	0.362236
275	0.362322
276	0.361779
277	0.361547
278	0.361072
279	0.361399
280	0.361085
281	0.360627
282	0.36156
283	0.361992
284	0.361435
285	0.361722
286	0.361931
287	0.361623
288	0.361881
289	0.361746
290	0.361789
291	0.36244
292	0.362652
293	0.362091
294	0.361892
295	0.362404
296	0.362601
297	0.362571
298	0.362519
299	0.362908
300	0.362857
301	0.362531
302	0.362886
303	0.363125
304	0.363576
305	0.363612
306	0.363981
307	0.363495
308	0.363635
309	0.36348
310	0.362884
311	0.363329
312	0.363604
313	0.363549
314	0.363935
315	0.364078
316	0.36431
317	0.36421
318	0.363819
319	0.364158
320	0.364095
321	0.364525
322	0.364958
323	0.364934
324	0.364544
325	0.364615
326	0.364252
327	0.365374
328	0.365145
329	0.364858
330	0.365113
331	0.365185
332	0.365333
333	0.365457
334	0.365309
335	0.364732
336	0.364532
337	0.364168
338	0.364159
339	0.364129
340	0.363936
341	0.363926
342	0.365421
343	0.365467
344	0.365295
345	0.3654
346	0.365255
347	0.365833
348	0.365915
349	0.365765
350	0.365885
351	0.365834
352	0.365652
353	0.36582
354	0.366141
355	0.365936
356	0.366085
357	0.365873
358	0.365473
359	0.365781
360	0.365389
361	0.365635
362	0.365827
363	0.365521
364	0.365412
365	0.365023
366	0.365407
367	0.364811
368	0.364877
369	0.365272
370	0.365022
371	0.364772
372	0.364592
373	0.36477
374	0.364597
375	0.364827
376	0.365032
377	0.364638
378	0.364442
379	0.364274
380	0.364079
381	0.364024
382	0.364188
383	0.36371
384	0.364391
385	0.364263
386	0.364171
387	0.36382
388	0.363683
389	0.363335
390	0.363363
391	0.363089
392	0.363317
393	0.363118
394	0.363478
395	0.363315
396	0.363153
397	0.363311
398	0.363102
399	0.363003
