0	6.73187
1	5.56031
2	6.0486
3	8.50862
4	7.69597
5	8.4461
6	7.74864
7	7.40512
8	7.32531
9	7.40957
10	7.389
11	7.72506
12	7.41391
13	7.35747
14	7.16078
15	7.46106
16	7.56579
17	7.82384
18	7.56431
19	7.37034
20	7.25923
21	7.08285
22	6.92097
23	6.92651
24	7.12309
25	7.14237
26	7.07225
27	7.44005
28	7.43443
29	8.90541
30	9.55869
31	9.71826
32	9.73689
33	9.58722
34	10.1397
35	10.2498
36	10.1522
37	10.0832
38	9.89
39	9.79373
40	9.6669
41	9.65432
42	9.94357
43	9.85392
44	9.80443
45	9.69331
46	9.63294
47	9.66036
48	9.50348
49	9.3907
50	9.28728
51	9.22114
52	9.46563
53	9.40858
54	9.3103
55	9.58928
56	9.50816
57	9.42224
58	9.55227
59	9.63994
60	9.6156
61	9.62431
62	9.63479
63	9.5317
64	9.51737
65	9.53156
66	9.48866
67	9.41812
68	9.42099
69	9.45181
70	9.39494
71	9.32569
72	9.30742
73	9.31365
74	9.28702
75	9.19983
76	9.21199
77	9.17824
78	9.23125
79	9.19355
80	9.14716
81	9.16019
82	9.13165
83	9.07275
84	9.19209
85	9.41954
86	9.38919
87	9.34071
88	9.30953
89	9.25999
90	9.25187
91	9.53524
92	9.84903
93	9.85422
94	9.85982
95	9.82627
96	9.78793
97	9.7337
98	9.6773
99	9.69259
100	9.93573
101	10.0004
102	9.93711
103	9.89804
104	9.88688
105	9.88598
106	9.90565
107	9.87502
108	9.81936
109	9.79988
110	9.77381
111	9.72333
112	9.82481
113	10.0196
114	9.97716
115	9.91725
116	9.88853
117	9.86726
118	9.84775
119	9.90036
120	9.91225
121	10.1621
122	10.2525
123	10.2458
124	10.2034
125	10.2147
126	10.2243
127	10.1746
128	10.1134
129	10.0892
130	10.1025
131	10.0717
132	10.0938
133	10.1463
134	10.1337
135	10.1189
136	10.1042
137	10.1103
138	10.1038
139	10.0932
140	10.0666
141	10.0678
142	10.0336
143	10.0326
144	10.0264
145	9.98114
146	9.96889
147	9.91151
148	9.89384
149	9.8592
150	9.82631
151	9.8189
152	9.80142
153	9.98535
154	9.97085
155	9.93063
156	9.9256
157	9.93077
158	9.92944
159	9.89629
160	9.94715
161	9.98733
162	9.99213
163	10.0224
164	9.97982
165	9.95029
166	9.93462
167	9.91831
168	9.88501
169	9.87931
170	9.85996
171	9.87212
172	9.87721
173	9.86413
174	9.85393
175	9.86481
176	9.86354
177	9.84117
178	9.83002
179	9.81076
180	9.81611
181	9.95639
182	10.0919
183	10.0924
184	10.092
185	10.1155
186	10.2056
187	10.2225
188	10.2205
189	10.2341
190	10.195
191	10.3145
192	10.4045
193	10.3672
194	10.3285
195	10.3303
196	10.2878
197	10.272
198	10.3198
199	10.3203
200	10.3004
201	10.3159
202	10.3036
203	10.2908
204	10.2691
205	10.2483
206	10.2549
207	10.3103
208	10.3075
209	10.2913
210	10.3558
211	10.36
212	10.3504
213	10.4028
214	10.4176
215	10.3919
216	10.3774
217	10.3578
218	10.3382
219	10.3156
220	10.2952
221	10.2767
222	10.287
223	10.3282
224	10.3025
225	10.393
226	10.4133
227	10.4817
228	10.451
229	10.4471
230	10.5213
231	10.5897
232	10.6296
233	10.6189
234	10.6036
235	10.5702
236	10.5898
237	10.5898
238	10.6126
239	10.6022
240	10.5862
241	10.5657
242	10.5314
243	10.5136
244	10.5211
245	10.543
246	10.5446
247	10.5808
248	10.5967
249	10.5773
250	10.5735
251	10.5498
252	10.5398
253	10.534
254	10.5113
255	10.5295
256	10.5166
257	10.5181
258	10.6016
259	10.5924
260	10.559
261	10.536
262	10.52
263	10.5042
264	10.5166
265	10.4988
266	10.4907
267	10.528
268	10.5148
269	10.5043
270	10.5416
271	10.5347
272	10.5307
273	10.556
274	10.5313
275	10.6109
276	10.5821
277	10.5834
278	10.5528
279	10.5774
280	10.5529
281	10.5343
282	10.5373
283	10.5759
284	10.6004
285	10.5885
286	10.5827
287	10.5621
288	10.5484
289	10.5386
290	10.5381
291	10.6054
292	10.6845
293	10.6702
294	10.66
295	10.772
296	11.0547
297	11.1434
298	11.1247
299	11.1778
300	11.3265
301	11.3508
302	11.3371
303	11.3687
304	11.4544
305	11.4334
306	11.5024
307	11.4847
308	11.4895
309	11.477
310	11.4475
311	11.4446
312	11.4724
313	11.4769
314	11.4715
315	11.4836
316	11.4862
317	11.4795
318	11.4618
319	11.4374
320	11.4077
321	11.4142
322	11.4441
323	11.4294
324	11.4169
325	11.4039
326	11.3888
327	11.3734
328	11.3542
329	11.3388
330	11.3728
331	11.3879
332	11.3833
333	11.3841
334	11.3868
335	11.3689
336	11.3474
337	11.3232
338	11.2995
339	11.3193
340	11.3006
341	11.2893
342	11.2855
343	11.2659
344	11.2445
345	11.236
346	11.2161
347	11.2541
348	11.2399
349	11.2239
350	11.2062
351	11.2012
352	11.1785
353	11.194
354	11.212
355	11.2008
356	11.2278
357	11.2108
358	11.1901
359	11.1817
360	11.1758
361	11.1712
362	11.1803
363	11.168
364	11.1557
365	11.134
366	11.1487
367	11.1286
368	11.1181
369	11.1342
370	11.1091
371	11.0943
372	11.1008
373	11.0974
374	11.0957
375	11.1
376	11.0956
377	11.07
378	11.0732
379	11.0754
380	11.0558
381	11.0494
382	11.0415
383	11.0248
384	11.0789
385	11.0768
386	11.0686
387	11.0553
388	11.0783
389	11.0649
390	11.0909
391	11.0716
392	11.0761
393	11.0658
394	11.0847
395	11.0831
396	11.1273
397	11.1242
398	11.1522
399	11.1709
