0	0.167557
1	0.323782
2	0.398076
3	0.325433
4	0.298119
5	0.271414
6	0.27856
7	0.261564
8	0.260423
9	0.250312
10	0.269381
11	0.266267
12	0.258163
13	0.246129
14	0.236741
15	0.229075
16	0.267536
17	0.276682
18	0.283744
19	0.277231
20	0.273882
21	0.276476
22	0.278908
23	0.273416
24	0.271968
25	0.263945
26	0.264517
27	0.257577
28	0.253544
29	0.252028
30	0.246064
31	0.245224
32	0.242098
33	0.239278
34	0.240268
35	0.242712
36	0.241922
37	0.24055
38	0.241751
39	0.240029
40	0.236826
41	0.238401
42	0.237348
43	0.23554
44	0.236169
45	0.235006
46	0.232753
47	0.231402
48	0.233087
49	0.232207
50	0.234163
51	0.231773
52	0.232474
53	0.233503
54	0.233308
55	0.231829
56	0.232204
57	0.230597
58	0.228972
59	0.227542
60	0.232991
61	0.230781
62	0.228342
63	0.228129
64	0.227748
65	0.227559
66	0.228392
67	0.22628
68	0.226952
69	0.228934
70	0.227859
71	0.226982
72	0.228278
73	0.22939
74	0.229069
75	0.227771
76	0.225977
77	0.226109
78	0.225649
79	0.227402
80	0.229459
81	0.232793
82	0.232055
83	0.231257
84	0.231402
85	0.231362
86	0.229822
87	0.228855
88	0.228363
89	0.22843
90	0.228007
91	0.233587
92	0.233376
93	0.236897
94	0.23559
95	0.233785
96	0.232659
97	0.232331
98	0.234858
99	0.233702
100	0.233219
101	0.232548
102	0.23243
103	0.23326
104	0.234853
105	0.234715
106	0.233427
107	0.233027
108	0.231341
109	0.230425
110	0.230881
111	0.230951
112	0.232119
113	0.232569
114	0.232228
115	0.231582
116	0.230227
117	0.22971
118	0.228846
119	0.228641
120	0.22948
121	0.230518
122	0.229868
123	0.23044
124	0.229303
125	0.229398
126	0.229339
127	0.229017
128	0.229964
129	0.229887
130	0.228803
131	0.228784
132	0.228692
133	0.227881
134	0.229054
135	0.231117
136	0.232646
137	0.233225
138	0.231961
139	0.236277
140	0.236696
141	0.236458
142	0.236711
143	0.236178
144	0.238062
145	0.238482
146	0.239097
147	0.238254
148	0.23777
149	0.237123
150	0.236453
151	0.236902
152	0.236945
153	0.237307
154	0.236627
155	0.236445
156	0.235316
157	0.234993
158	0.234355
159	0.234262
160	0.233764
161	0.234453
162	0.23419
163	0.233002
164	0.232195
165	0.232669
166	0.233135
167	0.232691
168	0.232919
169	0.23194
170	0.231404
171	0.230874
172	0.229896
173	0.229109
174	0.228936
175	0.22971
176	0.229179
177	0.229456
178	0.229266
179	0.229286
180	0.229285
181	0.232089
182	0.232405
183	0.231951
184	0.232848
185	0.232422
186	0.23248
187	0.232632
188	0.232173
189	0.232879
190	0.233115
191	0.232472
192	0.233423
193	0.233783
194	0.233471
195	0.233443
196	0.233369
197	0.232983
198	0.234125
199	0.233633
200	0.233496
201	0.233484
202	0.23317
203	0.233286
204	0.232983
205	0.232929
206	0.232552
207	0.235178
208	0.234938
209	0.235343
210	0.234939
211	0.234141
212	0.234503
213	0.235276
214	0.235537
215	0.236378
216	0.236257
217	0.236202
218	0.236449
219	0.235797
220	0.23644
221	0.236009
222	0.236073
223	0.236186
224	0.235942
225	0.235772
226	0.236084
227	0.235591
228	0.236057
229	0.235887
230	0.235738
231	0.235
232	0.234842
233	0.23501
234	0.234822
235	0.234649
236	0.235
237	0.234656
238	0.234349
239	0.234255
240	0.23388
241	0.233878
242	0.233667
243	0.233619
244	0.233669
245	0.233245
246	0.233429
247	0.235313
248	0.23537
249	0.23521
250	0.234638
251	0.235061
252	0.234573
253	0.234418
254	0.234654
255	0.234919
256	0.234844
257	0.234498
258	0.234359
259	0.233808
260	0.234451
261	0.234117
262	0.233991
263	0.233476
264	0.233202
265	0.233705
266	0.233147
267	0.232734
268	0.233988
269	0.23353
270	0.23292
271	0.232712
272	0.232328
273	0.232008
274	0.231857
275	0.232462
276	0.232314
277	0.232132
278	0.231792
279	0.231528
280	0.231488
281	0.231885
282	0.231997
283	0.231629
284	0.231169
285	0.23083
286	0.230586
287	0.230387
288	0.230478
289	0.23035
290	0.231877
291	0.231452
292	0.231072
293	0.230612
294	0.230807
295	0.230268
296	0.230465
297	0.230449
298	0.230062
299	0.230256
300	0.230055
301	0.230018
302	0.230053
303	0.22999
304	0.23078
305	0.230696
306	0.230199
307	0.229918
308	0.229791
309	0.229857
310	0.229657
311	0.230272
312	0.231022
313	0.232027
314	0.231807
315	0.232024
316	0.231606
317	0.231539
318	0.231399
319	0.23098
320	0.23116
321	0.231113
322	0.231187
323	0.230776
324	0.230783
325	0.230869
326	0.230786
327	0.23083
328	0.230795
329	0.230579
330	0.230221
331	0.230285
332	0.230328
333	0.23008
334	0.230865
335	0.230648
336	0.231204
337	0.231137
338	0.231562
339	0.231205
340	0.231198
341	0.23105
342	0.230773
343	0.230365
344	0.230609
345	0.230627
346	0.231186
347	0.230727
348	0.230332
349	0.230691
350	0.231069
351	0.230932
352	0.230806
353	0.230297
354	0.230276
355	0.230178
356	0.230017
357	0.230054
358	0.229781
359	0.229708
360	0.230212
361	0.229959
362	0.230067
363	0.230911
364	0.23041
365	0.230482
366	0.230185
367	0.23016
368	0.231263
369	0.230965
370	0.230677
371	0.231161
372	0.231166
373	0.231577
374	0.23196
375	0.231523
376	0.233243
377	0.233232
378	0.233053
379	0.233566
380	0.233332
381	0.232959
382	0.232744
383	0.232498
384	0.232638
385	0.232759
386	0.232613
387	0.23241
388	0.23207
389	0.231831
390	0.231565
391	0.231483
392	0.231485
393	0.231197
394	0.231414
395	0.231235
396	0.231032
397	0.231347
398	0.231193
399	0.231361
400	0.231482
401	0.23126
402	0.231341
403	0.231265
404	0.230992
405	0.230795
406	0.231206
407	0.230957
408	0.231492
409	0.231588
410	0.231736
411	0.231703
412	0.231557
413	0.231259
414	0.231177
415	0.230797
416	0.230593
417	0.230294
418	0.230392
419	0.230516
420	0.230456
421	0.230703
422	0.230728
423	0.230692
424	0.230487
425	0.230563
426	0.231694
427	0.231635
428	0.231585
429	0.231422
430	0.231564
431	0.231414
432	0.231116
433	0.231277
434	0.231205
435	0.230923
436	0.231235
437	0.231049
438	0.23168
439	0.23415
440	0.234001
441	0.233863
442	0.234116
443	0.233879
444	0.233714
445	0.233757
446	0.234263
447	0.234529
448	0.234583
449	0.234561
450	0.234494
451	0.234184
452	0.234022
453	0.2339
454	0.234038
455	0.234364
456	0.234101
457	0.233977
458	0.23379
459	0.234199
460	0.234158
461	0.233833
462	0.233642
463	0.233549
464	0.233696
465	0.233479
466	0.233398
467	0.23318
468	0.23295
469	0.233236
470	0.233117
471	0.233276
472	0.233116
473	0.233025
474	0.232843
475	0.232557
476	0.232367
477	0.232884
478	0.232727
479	0.232531
480	0.23232
481	0.232193
482	0.232532
483	0.232332
484	0.232072
485	0.232394
486	0.232563
487	0.232888
488	0.232764
489	0.232626
490	0.232387
491	0.232218
492	0.232218
493	0.232022
494	0.232047
495	0.232175
496	0.23214
497	0.231979
498	0.231978
499	0.231929
