0	0.103413
1	0.140657
2	0.166769
3	0.145832
4	0.141517
5	0.131985
6	0.133266
7	0.125271
8	0.121184
9	0.11835
10	0.118558
11	0.120536
12	0.117583
13	0.114447
14	0.11156
15	0.10886
16	0.114356
17	0.115172
18	0.117051
19	0.116747
20	0.115564
21	0.11609
22	0.117076
23	0.11616
24	0.116234
25	0.114115
26	0.114254
27	0.112401
28	0.111755
29	0.11195
30	0.110482
31	0.110863
32	0.110376
33	0.109613
34	0.110291
35	0.110792
36	0.111494
37	0.112259
38	0.113146
39	0.112356
40	0.111498
41	0.11233
42	0.111685
43	0.111266
44	0.11181
45	0.11163
46	0.110835
47	0.110441
48	0.11137
49	0.111489
50	0.112869
51	0.112042
52	0.112867
53	0.112968
54	0.113148
55	0.112934
56	0.113318
57	0.113081
58	0.112582
59	0.112261
60	0.113167
61	0.112502
62	0.111651
63	0.111268
64	0.111366
65	0.11143
66	0.112007
67	0.111278
68	0.111272
69	0.111856
70	0.111683
71	0.111267
72	0.111877
73	0.112256
74	0.112284
75	0.112014
76	0.111454
77	0.111551
78	0.111758
79	0.11233
80	0.113023
81	0.113431
82	0.113256
83	0.11299
84	0.113389
85	0.113216
86	0.112706
87	0.112437
88	0.112336
89	0.112285
90	0.112361
91	0.113701
92	0.113615
93	0.114813
94	0.114297
95	0.113667
96	0.113444
97	0.113319
98	0.11391
99	0.113585
100	0.113312
101	0.113183
102	0.113067
103	0.113368
104	0.113754
105	0.113769
106	0.113376
107	0.113097
108	0.112511
109	0.112345
110	0.112451
111	0.112456
112	0.112682
113	0.11282
114	0.112823
115	0.112886
116	0.1124
117	0.112185
118	0.111989
119	0.112027
120	0.112574
121	0.112781
122	0.112619
123	0.112738
124	0.112394
125	0.11242
126	0.112328
127	0.112174
128	0.112085
129	0.111858
130	0.11145
131	0.111679
132	0.111566
133	0.111346
134	0.111689
135	0.112197
136	0.112958
137	0.113247
138	0.112777
139	0.113289
140	0.113283
141	0.113162
142	0.113347
143	0.113236
144	0.113718
145	0.113789
146	0.113956
147	0.113721
148	0.113552
149	0.113415
150	0.113352
151	0.113441
152	0.113455
153	0.11351
154	0.113291
155	0.113218
156	0.112787
157	0.11266
158	0.112458
159	0.112391
160	0.1124
161	0.112512
162	0.112392
163	0.111969
164	0.111707
165	0.111868
166	0.111879
167	0.111666
168	0.111685
169	0.111334
170	0.111208
171	0.111097
172	0.11079
173	0.110545
174	0.110416
175	0.110811
176	0.110624
177	0.110817
178	0.110706
179	0.110819
180	0.110711
181	0.11134
182	0.111414
183	0.111198
184	0.111488
185	0.111379
186	0.111514
187	0.111577
188	0.111447
189	0.11173
190	0.111767
191	0.111542
192	0.111804
193	0.11195
194	0.111872
195	0.111915
196	0.111792
197	0.111719
198	0.111982
199	0.11189
200	0.111926
201	0.111993
202	0.111922
203	0.111891
204	0.111843
205	0.111915
206	0.111828
207	0.112345
208	0.112166
209	0.112313
210	0.112242
211	0.111956
212	0.112058
213	0.112226
214	0.112206
215	0.11241
216	0.112323
217	0.112331
218	0.112557
219	0.112329
220	0.11237
221	0.11223
222	0.112254
223	0.112259
224	0.112221
225	0.112112
226	0.112226
227	0.112088
228	0.112266
229	0.112245
230	0.112357
231	0.112103
232	0.111981
233	0.112076
234	0.112019
235	0.111953
236	0.111892
237	0.111804
238	0.111796
239	0.111776
240	0.111719
241	0.111737
242	0.111657
243	0.111553
244	0.111479
245	0.111284
246	0.11139
247	0.111777
248	0.111738
249	0.111714
250	0.111561
251	0.111662
252	0.111548
253	0.111553
254	0.111758
255	0.111925
256	0.111863
257	0.111774
258	0.111591
259	0.111454
260	0.11176
261	0.111725
262	0.111646
263	0.111523
264	0.111466
265	0.111553
266	0.111355
267	0.111229
268	0.111428
269	0.111297
270	0.111075
271	0.110957
272	0.110904
273	0.110768
274	0.110738
275	0.110815
276	0.110724
277	0.110752
278	0.110661
279	0.110669
280	0.110705
281	0.110753
282	0.110763
283	0.110651
284	0.110495
285	0.110392
286	0.11037
287	0.110265
288	0.110325
289	0.110393
290	0.110609
291	0.110511
292	0.110414
293	0.110306
294	0.110392
295	0.110211
296	0.110317
297	0.11034
298	0.110186
299	0.110308
300	0.110229
301	0.110303
302	0.110194
303	0.110253
304	0.110423
305	0.110371
306	0.110226
307	0.110149
308	0.110138
309	0.11024
310	0.110196
311	0.110196
312	0.110373
313	0.110662
314	0.110628
315	0.110782
316	0.110622
317	0.11065
318	0.110561
319	0.110414
320	0.110506
321	0.110531
322	0.110638
323	0.110527
324	0.110574
325	0.110578
326	0.11052
327	0.110485
328	0.110506
329	0.110424
330	0.110353
331	0.110356
332	0.110394
333	0.110343
334	0.110507
335	0.110457
336	0.110561
337	0.110569
338	0.110633
339	0.110533
340	0.110596
341	0.110607
342	0.110548
343	0.110418
344	0.110469
345	0.110476
346	0.110573
347	0.110437
348	0.110304
349	0.11043
350	0.110548
351	0.110548
352	0.110551
353	0.110412
354	0.110451
355	0.110421
356	0.110407
357	0.110443
358	0.110389
359	0.110396
360	0.110521
361	0.110456
362	0.110513
363	0.110787
364	0.110627
365	0.110637
366	0.110547
367	0.110543
368	0.11088
369	0.11081
370	0.110668
371	0.110793
372	0.110779
373	0.110859
374	0.110956
375	0.110837
376	0.111175
377	0.111172
378	0.111181
379	0.11132
380	0.111249
381	0.111177
382	0.111154
383	0.111075
384	0.111086
385	0.11111
386	0.111142
387	0.111123
388	0.111033
389	0.110978
390	0.110918
391	0.110945
392	0.110981
393	0.110885
394	0.110907
395	0.110874
396	0.11083
397	0.110884
398	0.110809
399	0.110845
400	0.110905
401	0.110873
402	0.110963
403	0.110959
404	0.11091
405	0.110877
406	0.111
407	0.110949
408	0.111134
409	0.111211
410	0.111257
411	0.111222
412	0.11117
413	0.111088
414	0.111006
415	0.11087
416	0.110811
417	0.110683
418	0.110746
419	0.110842
420	0.110852
421	0.110914
422	0.110869
423	0.110865
424	0.110788
425	0.110832
426	0.111151
427	0.111103
428	0.111066
429	0.111034
430	0.111055
431	0.111064
432	0.110986
433	0.111079
434	0.111066
435	0.110956
436	0.111057
437	0.111012
438	0.11106
439	0.111297
440	0.111251
441	0.111217
442	0.111273
443	0.111201
444	0.111156
445	0.111133
446	0.111302
447	0.111379
448	0.111399
449	0.111366
450	0.111365
451	0.111264
452	0.111219
453	0.111193
454	0.111141
455	0.111256
456	0.111201
457	0.111198
458	0.111148
459	0.11125
460	0.111247
461	0.111142
462	0.111148
463	0.111106
464	0.111113
465	0.111098
466	0.111043
467	0.110968
468	0.110883
469	0.110921
470	0.110866
471	0.110898
472	0.110863
473	0.110835
474	0.110778
475	0.110699
476	0.110665
477	0.110772
478	0.110697
479	0.110643
480	0.110584
481	0.110578
482	0.11068
483	0.110647
484	0.110587
485	0.110585
486	0.110697
487	0.110761
488	0.110715
489	0.11071
490	0.11063
491	0.110589
492	0.110657
493	0.110631
494	0.110662
495	0.110752
496	0.110693
497	0.110649
498	0.110638
499	0.110639
