0	7.92769
1	7.90951
2	9.06189
3	10.9839
4	10.1118
5	10.6037
6	10.3039
7	12.1173
8	11.6823
9	13.7715
10	13.815
11	13.6642
12	13.1417
13	12.8458
14	12.7451
15	12.5591
16	12.3179
17	12.1321
18	12.817
19	12.5
20	12.3224
21	12.0345
22	11.8448
23	11.8897
24	11.8199
25	11.7487
26	11.7043
27	11.5715
28	11.5222
29	11.6372
30	11.606
31	11.4372
32	11.3665
33	11.6067
34	11.5298
35	11.3452
36	11.3483
37	11.3019
38	11.1979
39	11.099
40	11.0653
41	11.0105
42	11.0484
43	10.9948
44	11.0242
45	11.0191
46	11.0543
47	10.9504
48	10.9478
49	10.9007
50	10.8201
51	10.9754
52	10.8919
53	10.8692
54	10.9087
55	10.8967
56	10.8632
57	10.8151
58	10.7693
59	10.7617
60	10.8502
61	10.8594
62	10.8193
63	10.7848
64	10.9066
65	11.066
66	11.0969
67	11.2542
68	11.1777
69	11.1525
70	11.1351
71	11.2474
72	11.1724
73	11.1192
74	11.1033
75	11.114
76	11.0508
77	11.0418
78	11.0321
79	11.0002
80	10.9227
81	10.8849
82	10.9108
83	11.0491
84	11.0255
85	11.0254
86	10.9716
87	10.9092
88	10.96
89	10.9015
90	10.8735
91	10.8846
92	10.8692
93	10.8239
94	10.8404
95	10.8338
96	10.7892
97	10.8312
98	10.8219
99	10.9594
100	10.9498
101	10.9721
102	10.9637
103	10.9989
104	11.0052
105	10.9933
106	10.9497
107	10.9277
108	10.9158
109	10.9087
110	10.9348
111	10.9438
112	10.9031
113	10.8733
114	10.8615
115	10.9361
116	10.9054
117	10.9427
118	10.9551
119	10.9988
120	11.0034
121	10.9824
122	10.9413
123	10.9104
124	10.8856
125	10.8718
126	10.8611
127	10.8538
128	10.8657
129	10.8728
130	10.8529
131	10.8186
132	10.7983
133	10.8357
134	10.8061
135	10.7833
136	10.7638
137	10.7512
138	10.7307
139	10.7035
140	10.7192
141	10.6972
142	10.7181
143	10.7365
144	10.7977
145	10.8285
146	10.8238
147	10.8747
148	10.9032
149	10.8935
150	10.88
151	10.9206
152	11.0719
153	11.1105
154	11.1499
155	11.1713
156	11.1716
157	11.1547
158	11.1665
159	11.1652
160	11.1545
161	11.1195
162	11.1403
163	11.1422
164	11.1361
165	11.1112
166	11.092
167	11.0905
168	11.0921
169	11.0855
170	11.1703
171	11.1987
172	11.1618
173	11.1379
174	11.1807
175	11.1824
176	11.1625
177	11.1396
178	11.1247
179	11.0988
180	11.1309
181	11.1547
182	11.1269
183	11.1009
184	11.0869
185	11.06
186	11.0387
187	11.0132
188	10.9801
189	11.004
190	10.9933
191	11.0106
192	10.9948
193	10.9787
194	10.9757
195	10.9688
196	10.9551
197	10.9496
198	10.933
199	10.9141
200	10.9258
201	10.899
202	10.8765
203	10.8552
204	10.8767
205	10.8849
206	10.8705
207	10.8655
208	10.8746
209	10.8722
210	10.8516
211	10.8337
212	10.8226
213	10.8121
214	10.8292
215	10.8224
216	10.8122
217	10.7861
218	10.7806
219	10.8121
220	10.7948
221	10.7769
222	10.7655
223	10.7525
224	10.7874
225	10.775
226	10.8204
227	10.8074
228	10.8378
229	10.8345
230	10.8964
231	10.8897
232	10.8854
233	10.8981
234	10.8855
235	10.8844
236	10.901
237	10.8994
238	10.8793
239	10.9026
240	10.9304
241	10.958
242	10.9449
243	10.9488
244	10.9477
245	10.9329
246	10.9139
247	10.9422
248	10.9404
249	10.9467
250	10.98
251	10.9555
252	10.9407
253	10.9223
254	10.9145
255	10.9161
256	10.9363
257	10.932
258	10.9183
259	10.9125
260	10.8981
261	10.8811
262	10.8667
263	10.8717
264	10.8636
265	10.8516
266	10.8456
267	10.837
268	10.8539
269	10.8421
270	10.8628
271	10.8492
272	10.839
273	10.8566
274	10.8519
275	10.8342
276	10.8145
277	10.7975
278	10.8009
279	10.796
280	10.7951
281	10.7837
282	10.78
283	10.7678
284	10.7584
285	10.7565
286	10.7522
287	10.7361
288	10.7273
289	10.7098
290	10.7073
291	10.6861
292	10.6792
293	10.6612
294	10.6888
295	10.712
296	10.712
297	10.7237
298	10.7152
299	10.7202
300	10.7121
301	10.7077
302	10.6972
303	10.6866
304	10.6829
305	10.6779
306	10.68
307	10.6928
308	10.7123
309	10.72
310	10.7197
311	10.7359
312	10.7466
313	10.7354
314	10.7581
315	10.7398
316	10.7392
317	10.7412
318	10.7428
319	10.7325
320	10.7935
321	10.779
322	10.8051
323	10.8248
324	10.8245
325	10.816
326	10.8306
327	10.8233
328	10.8185
329	10.8175
330	10.8266
331	10.8333
332	10.8321
333	10.8267
334	10.8268
335	10.8353
336	10.8258
337	10.8264
338	10.8668
339	10.8728
340	10.8807
341	10.8868
342	10.9067
343	10.8951
344	10.8814
345	10.8643
346	10.8918
347	10.9017
348	10.8905
349	10.9541
350	10.9458
351	10.9556
352	10.9982
353	10.9906
354	11.0068
355	11.0025
356	11.103
357	11.1018
358	11.0951
359	11.0917
360	11.0886
361	11.0753
362	11.0694
363	11.0686
364	11.0565
365	11.0489
366	11.0433
367	11.0424
368	11.0678
369	11.1184
370	11.1307
371	11.1484
372	11.1627
373	11.1505
374	11.1452
375	11.1368
376	11.13
377	11.1275
378	11.1182
379	11.1044
380	11.1078
381	11.1027
382	11.0944
383	11.0913
384	11.0822
385	11.0737
386	11.0722
387	11.0801
388	11.0648
389	11.0632
390	11.0585
391	11.0712
392	11.1122
393	11.099
394	11.0898
395	11.0914
396	11.0808
397	11.0712
398	11.0639
399	11.0555
400	11.0555
401	11.0502
402	11.0395
403	11.0483
404	11.0461
405	11.0617
406	11.0525
407	11.0475
408	11.0398
409	11.0341
410	11.0524
411	11.0589
412	11.0633
413	11.0538
414	11.0752
415	11.0765
416	11.113
417	11.1335
418	11.1286
419	11.126
420	11.1359
421	11.1409
422	11.1487
423	11.154
424	11.1417
425	11.1425
426	11.2055
427	11.2008
428	11.1871
429	11.1816
430	11.1742
431	11.1631
432	11.167
433	11.2023
434	11.1953
435	11.1898
436	11.1963
437	11.2063
438	11.2089
439	11.1997
440	11.2212
441	11.2222
442	11.2424
443	11.2291
444	11.2404
445	11.2356
446	11.2312
447	11.2249
448	11.2278
449	11.2305
450	11.2236
451	11.2268
452	11.2237
453	11.243
454	11.2333
455	11.2248
456	11.2156
457	11.208
458	11.1986
459	11.2014
460	11.1891
461	11.1821
462	11.1712
463	11.1671
464	11.1601
465	11.1883
466	11.1737
467	11.1803
468	11.1714
469	11.1585
470	11.1551
471	11.1507
472	11.146
473	11.1372
474	11.1448
475	11.1574
476	11.1754
477	11.1761
478	11.1669
479	11.159
480	11.1509
481	11.1549
482	11.1519
483	11.1559
484	11.1543
485	11.145
486	11.1412
487	11.1458
488	11.1525
489	11.1477
490	11.1535
491	11.1638
492	11.1546
493	11.1874
494	11.1857
495	11.1894
496	11.1831
497	11.1913
498	11.1967
499	11.1935
