0	7.40043
1	9.30416
2	7.11852
3	6.86791
4	7.48401
5	7.38366
6	7.92098
7	7.74028
8	7.1841
9	7.15686
10	6.81977
11	7.65135
12	7.52481
13	7.67392
14	8.13645
15	8.60497
16	8.54352
17	8.38033
18	8.51197
19	8.37802
20	8.08576
21	8.32817
22	8.39843
23	8.64864
24	9.96194
25	10.0188
26	9.83315
27	9.65352
28	9.84817
29	9.9855
30	10.2334
31	10.2091
32	10.0965
33	9.97976
34	9.95616
35	9.94498
36	10.0113
37	10.1927
38	10.0626
39	9.95276
40	10.1147
41	10.2658
42	10.2697
43	10.1705
44	10.0924
45	10.5688
46	10.7071
47	10.5866
48	10.5375
49	10.5726
50	10.908
51	10.8354
52	10.8689
53	10.8391
54	10.7564
55	10.6469
56	10.8545
57	10.7896
58	10.7905
59	11.2664
60	11.5208
61	11.8025
62	11.7314
63	11.6742
64	11.8645
65	12.0345
66	12.1641
67	12.1971
68	12.2111
69	12.1242
70	12.3779
71	13.1586
72	13.5928
73	13.5075
74	13.5751
75	13.5389
76	13.4448
77	13.3569
78	13.2367
79	13.1716
80	13.0704
81	13.0423
82	12.9791
83	12.8958
84	12.772
85	12.7396
86	12.6318
87	12.5843
88	12.6192
89	12.5777
90	12.5251
91	12.4341
92	12.3476
93	12.3577
94	12.3175
95	12.2957
96	12.2248
97	12.1687
98	12.1968
99	12.2447
100	12.307
101	12.3406
102	12.2463
103	12.1669
104	12.0859
105	12.0448
106	12.0568
107	11.9624
108	12.0225
109	11.9696
110	11.8754
111	11.8539
112	11.941
113	11.9196
114	11.8721
115	11.8778
116	11.8469
117	11.8341
118	11.7825
119	11.8265
120	11.7752
121	11.7149
122	11.7535
123	11.7299
124	11.6979
125	11.6446
126	11.631
127	11.5543
128	11.5858
129	11.565
130	11.555
131	11.5518
132	11.5649
133	11.5261
134	11.4631
135	11.4088
136	11.547
137	11.5336
138	11.5509
139	11.5071
140	11.4451
141	11.3841
142	11.4003
143	11.7761
144	11.8771
145	11.889
146	11.8287
147	11.7871
148	11.8131
149	12.0168
150	12.0103
151	11.9963
152	12.0147
153	11.9959
154	11.9742
155	11.9467
156	11.9132
157	11.879
158	11.814
159	11.8161
160	11.9089
161	11.9238
162	11.8813
163	11.8449
164	11.8067
165	11.8214
166	11.8211
167	11.7863
168	11.8161
169	11.8383
170	11.7795
171	11.7456
172	11.7155
173	11.7054
174	11.7008
175	11.7009
176	11.6665
177	11.6408
178	11.6084
179	11.5659
180	11.5476
181	11.5082
182	11.4778
183	11.446
184	11.4076
185	11.3936
186	11.3761
187	11.3431
188	11.3744
189	11.3544
190	11.3496
191	11.3626
192	11.355
193	11.3604
194	11.3783
195	11.3518
196	11.4427
197	11.44
198	11.4865
199	11.4594
200	11.47
201	11.5377
202	11.5753
203	11.5906
204	11.606
205	11.5921
206	11.5613
207	11.6274
208	11.5835
209	11.5522
210	11.5149
211	11.5147
212	11.5714
213	11.5453
214	11.5215
215	11.4806
216	11.4591
217	11.4738
218	11.5083
219	11.5472
220	11.5412
221	11.5545
222	11.5427
223	11.5537
224	11.539
225	11.5187
226	11.4942
227	11.485
228	11.4638
229	11.4895
230	11.516
231	11.609
232	11.591
233	11.629
234	11.602
235	11.571
236	11.5989
237	11.5652
238	11.5285
239	11.4928
240	11.5072
241	11.5385
242	11.5379
243	11.497
244	11.5125
245	11.5416
246	11.5163
247	11.5113
248	11.5109
249	11.5557
250	11.5699
251	11.5766
252	11.6098
253	11.603
254	11.6295
255	11.622
256	11.5896
257	11.5535
258	11.5281
259	11.4937
260	11.4669
261	11.4983
262	11.4795
263	11.5176
264	11.504
265	11.5488
266	11.571
267	11.5552
268	11.5454
269	11.5104
270	11.5021
271	11.5103
272	11.5602
273	11.5868
274	11.6231
275	11.6705
276	11.6746
277	11.7015
278	11.7373
279	11.7442
280	11.7555
281	11.7707
282	11.772
283	11.8442
284	11.8682
285	11.8766
286	11.9055
287	11.8975
288	11.8909
289	11.8817
290	11.871
291	11.8501
292	11.8886
293	11.9441
294	11.9631
295	11.9533
296	12.0389
297	12.056
298	12.0555
299	12.0497
300	12.0363
301	12.0613
302	12.0512
303	12.0265
304	12.0245
305	12.0515
306	12.1207
307	12.1053
308	12.0851
309	12.0657
310	12.0429
311	12.0256
312	12.02
313	12.0333
314	12.0404
315	12.0228
316	12.0125
317	12.0144
318	12.1077
319	12.1253
320	12.178
321	12.1595
322	12.1893
323	12.1889
324	12.2095
325	12.194
326	12.1807
327	12.1584
328	12.139
329	12.1134
330	12.1004
331	12.0971
332	12.1146
333	12.1254
334	12.1185
335	12.1088
336	12.0993
337	12.1024
338	12.0938
339	12.1339
340	12.2273
341	12.2088
342	12.1887
343	12.1782
344	12.1598
345	12.1571
346	12.1312
347	12.1306
348	12.1069
349	12.092
350	12.0963
351	12.1128
352	12.1497
353	12.1897
354	12.1784
355	12.1591
356	12.1506
357	12.1264
358	12.1207
359	12.1185
360	12.1525
361	12.156
362	12.1588
363	12.1324
364	12.1134
365	12.0974
366	12.0893
367	12.08
368	12.0576
369	12.0476
370	12.0307
371	12.0277
372	12.0194
373	12.0875
374	12.1104
375	12.0987
376	12.0864
377	12.0677
378	12.0602
379	12.1118
380	12.1664
381	12.185
382	12.2056
383	12.3146
384	12.4072
385	12.4283
386	12.4333
387	12.4215
388	12.4103
389	12.3984
390	12.4327
391	12.4436
392	12.4235
393	12.4221
394	12.4253
395	12.4199
396	12.4142
397	12.4086
398	12.4078
399	12.3833
400	12.4079
401	12.3988
402	12.4879
403	12.4977
404	12.5837
405	12.6085
406	12.6026
407	12.5854
408	12.6668
409	12.7096
410	12.6862
411	12.6738
412	12.6719
413	12.6636
414	12.682
415	12.6831
416	12.6664
417	12.6453
418	12.6375
419	12.6428
420	12.638
421	12.617
422	12.6134
423	12.5934
424	12.5928
425	12.5756
426	12.5711
427	12.5511
428	12.5686
429	12.5513
430	12.6179
431	12.8535
432	13.0646
433	13.156
434	13.1471
435	13.1273
436	13.126
437	13.1136
438	13.1242
439	13.1117
440	13.092
441	13.1223
442	13.1056
443	13.0933
444	13.071
445	13.0541
446	13.0672
447	13.0492
448	13.0344
449	13.0252
450	13.0126
451	13.0291
452	13.0233
453	13.007
454	12.996
455	12.9783
456	12.979
457	12.9862
458	12.9958
459	13.0005
460	13.0058
461	13.0001
462	13.0017
463	13.0034
464	12.9996
465	13.0002
466	13.0023
467	12.9964
468	12.9945
469	13.0023
470	13.0187
471	12.995
472	12.9994
473	13.0117
474	13.0267
475	13.0199
476	13.0077
477	13.0033
478	12.9981
479	12.9845
480	12.9712
481	12.9638
482	12.9596
483	12.9468
484	12.9438
485	12.9234
486	12.9223
487	12.9198
488	12.9111
489	12.8927
490	12.8934
491	12.9437
492	13.048
493	13.0712
494	13.0611
495	13.0524
496	13.0379
497	13.0262
498	13.0357
499	13.0438
