0	0.330079
1	0.340214
2	0.303653
3	0.341579
4	0.371412
5	0.345797
6	0.364565
7	0.351465
8	0.339307
9	0.343137
10	0.330453
11	0.339851
12	0.331998
13	0.338303
14	0.358975
15	0.355913
16	0.364899
17	0.36266
18	0.364222
19	0.362789
20	0.355901
21	0.353149
22	0.357659
23	0.362636
24	0.364954
25	0.364312
26	0.360381
27	0.355957
28	0.355704
29	0.358251
30	0.358609
31	0.35573
32	0.354569
33	0.354421
34	0.353927
35	0.352338
36	0.354813
37	0.352314
38	0.352044
39	0.352378
40	0.356816
41	0.360011
42	0.361188
43	0.360287
44	0.360588
45	0.370514
46	0.369009
47	0.36723
48	0.367205
49	0.367023
50	0.367052
51	0.36528
52	0.365315
53	0.365725
54	0.366766
55	0.364329
56	0.367596
57	0.366396
58	0.370099
59	0.373279
60	0.373041
61	0.372366
62	0.37371
63	0.372051
64	0.37285
65	0.372284
66	0.371644
67	0.372249
68	0.371929
69	0.369588
70	0.37039
71	0.372018
72	0.371992
73	0.370726
74	0.371482
75	0.371553
76	0.371469
77	0.370981
78	0.371299
79	0.371155
80	0.371269
81	0.370596
82	0.370535
83	0.369603
84	0.367618
85	0.366822
86	0.365698
87	0.366481
88	0.367656
89	0.366735
90	0.365553
91	0.365743
92	0.362917
93	0.363541
94	0.363467
95	0.363309
96	0.361574
97	0.360373
98	0.362374
99	0.362971
100	0.3662
101	0.366317
102	0.364794
103	0.363663
104	0.362427
105	0.363008
106	0.363228
107	0.362377
108	0.362632
109	0.361827
110	0.360746
111	0.360501
112	0.362512
113	0.364024
114	0.363384
115	0.364406
116	0.364026
117	0.362835
118	0.362032
119	0.362697
120	0.362127
121	0.360933
122	0.361094
123	0.36173
124	0.361313
125	0.360669
126	0.359907
127	0.358508
128	0.358841
129	0.358277
130	0.356967
131	0.357816
132	0.35768
133	0.357239
134	0.355642
135	0.355131
136	0.356758
137	0.356309
138	0.356453
139	0.356773
140	0.356222
141	0.355604
142	0.356379
143	0.357079
144	0.35701
145	0.356783
146	0.355873
147	0.355175
148	0.355286
149	0.354957
150	0.354796
151	0.355245
152	0.357213
153	0.357085
154	0.356571
155	0.356662
156	0.356214
157	0.357464
158	0.356738
159	0.35737
160	0.357732
161	0.357176
162	0.35716
163	0.357484
164	0.357945
165	0.358554
166	0.358311
167	0.358357
168	0.358711
169	0.358675
170	0.35787
171	0.357922
172	0.357958
173	0.357772
174	0.357
175	0.357792
176	0.35743
177	0.357233
178	0.356807
179	0.35699
180	0.35613
181	0.35602
182	0.355706
183	0.355404
184	0.355471
185	0.355502
186	0.35525
187	0.35479
188	0.354636
189	0.354643
190	0.355841
191	0.355459
192	0.355832
193	0.355821
194	0.356227
195	0.355677
196	0.356171
197	0.356567
198	0.357521
199	0.357239
200	0.3579
201	0.35778
202	0.357552
203	0.357681
204	0.358564
205	0.35872
206	0.358748
207	0.359081
208	0.35844
209	0.358097
210	0.357359
211	0.357925
212	0.358266
213	0.358237
214	0.358392
215	0.358073
216	0.358431
217	0.35811
218	0.358273
219	0.358556
220	0.358435
221	0.35821
222	0.358352
223	0.358454
224	0.358336
225	0.358191
226	0.358198
227	0.357765
228	0.357442
229	0.357754
230	0.358547
231	0.358056
232	0.357696
233	0.35794
234	0.358613
235	0.358442
236	0.359478
237	0.359052
238	0.358603
239	0.358052
240	0.358488
241	0.359335
242	0.358738
243	0.358209
244	0.359643
245	0.359869
246	0.359259
247	0.359504
248	0.359753
249	0.359858
250	0.360765
251	0.3609
252	0.360703
253	0.360358
254	0.360789
255	0.360628
256	0.359975
257	0.359774
258	0.359404
259	0.358658
260	0.359075
261	0.359565
262	0.359916
263	0.360206
264	0.359989
265	0.360269
266	0.360575
267	0.360555
268	0.360878
269	0.359992
270	0.360326
271	0.360287
272	0.360599
273	0.361307
274	0.361408
275	0.362232
276	0.362489
277	0.362827
278	0.362814
279	0.363655
280	0.363413
281	0.362941
282	0.363208
283	0.363418
284	0.363866
285	0.363579
286	0.363691
287	0.363903
288	0.363383
289	0.363502
290	0.363373
291	0.363048
292	0.363314
293	0.363779
294	0.363917
295	0.364227
296	0.364683
297	0.36485
298	0.364407
299	0.363945
300	0.363808
301	0.363967
302	0.36376
303	0.363375
304	0.363289
305	0.363717
306	0.363849
307	0.363772
308	0.363839
309	0.363493
310	0.363265
311	0.362678
312	0.363462
313	0.36382
314	0.363357
315	0.363465
316	0.363032
317	0.363873
318	0.364231
319	0.36503
320	0.364807
321	0.364347
322	0.364981
323	0.365302
324	0.365588
325	0.365559
326	0.365722
327	0.365496
328	0.365781
329	0.365429
330	0.365177
331	0.366183
332	0.366113
333	0.366356
334	0.366328
335	0.366051
336	0.365929
337	0.365775
338	0.365718
339	0.365912
340	0.367058
341	0.366956
342	0.367127
343	0.366954
344	0.367205
345	0.367392
346	0.36719
347	0.367237
348	0.367169
349	0.367239
350	0.367952
351	0.368103
352	0.368291
353	0.368113
354	0.367822
355	0.368033
356	0.368237
357	0.367681
358	0.367956
359	0.368152
360	0.368349
361	0.368124
362	0.368668
363	0.368222
364	0.36799
365	0.367906
366	0.367959
367	0.368255
368	0.368128
369	0.36791
370	0.367926
371	0.36786
372	0.367756
373	0.368889
374	0.368729
375	0.368328
376	0.368273
377	0.36843
378	0.368181
379	0.369301
380	0.369383
381	0.369514
382	0.370568
383	0.37146
384	0.371065
385	0.371518
386	0.371773
387	0.371772
388	0.371636
389	0.371405
390	0.371545
391	0.371952
392	0.372114
393	0.372278
394	0.372563
395	0.372941
396	0.37282
397	0.372416
398	0.372253
399	0.371865
400	0.372051
401	0.371982
402	0.372136
403	0.371996
404	0.371985
405	0.372102
406	0.372042
407	0.371859
408	0.372069
409	0.371881
410	0.371584
411	0.371684
412	0.371571
413	0.371399
414	0.372201
415	0.372068
416	0.372149
417	0.371919
418	0.372246
419	0.372134
420	0.372069
421	0.371901
422	0.372024
423	0.371798
424	0.371969
425	0.37162
426	0.371418
427	0.371071
428	0.371682
429	0.371529
430	0.372059
431	0.37306
432	0.372962
433	0.372985
434	0.372682
435	0.372439
436	0.37279
437	0.372605
438	0.372875
439	0.373068
440	0.372805
441	0.372566
442	0.372448
443	0.372574
444	0.372173
445	0.372275
446	0.372583
447	0.37226
448	0.37215
449	0.372026
450	0.371935
451	0.372481
452	0.372336
453	0.372087
454	0.372065
455	0.371819
456	0.371479
457	0.371906
458	0.371925
459	0.371804
460	0.371926
461	0.37194
462	0.371884
463	0.371792
464	0.371878
465	0.371837
466	0.371664
467	0.37154
468	0.371383
469	0.371635
470	0.371512
471	0.371103
472	0.371223
473	0.371167
474	0.370979
475	0.370896
476	0.371282
477	0.371711
478	0.371582
479	0.371662
480	0.371509
481	0.371325
482	0.371181
483	0.370906
484	0.370791
485	0.370344
486	0.370677
487	0.370432
488	0.370356
489	0.370233
490	0.369957
491	0.370356
492	0.370458
493	0.370698
494	0.370617
495	0.37061
496	0.37047
497	0.370245
498	0.370824
499	0.370705
