0	1.65508
1	1.7093
2	1.67943
3	1.7838
4	1.86016
5	1.77917
6	1.82764
7	1.78725
8	1.76994
9	1.77096
10	1.74584
11	1.75717
12	1.74758
13	1.7578
14	1.80577
15	1.79971
16	1.82503
17	1.81843
18	1.81756
19	1.81412
20	1.8019
21	1.78993
22	1.80061
23	1.80624
24	1.81074
25	1.80787
26	1.7981
27	1.78865
28	1.78811
29	1.79756
30	1.798
31	1.78898
32	1.78378
33	1.78461
34	1.78493
35	1.78152
36	1.78992
37	1.78369
38	1.78475
39	1.78202
40	1.7901
41	1.79641
42	1.79843
43	1.79827
44	1.80128
45	1.82356
46	1.81866
47	1.81516
48	1.81697
49	1.81279
50	1.81293
51	1.80743
52	1.80801
53	1.80615
54	1.80908
55	1.80363
56	1.80994
57	1.80582
58	1.81441
59	1.82212
60	1.82128
61	1.82063
62	1.82459
63	1.8206
64	1.8228
65	1.82155
66	1.81933
67	1.82063
68	1.81864
69	1.81374
70	1.8147
71	1.81715
72	1.8188
73	1.81615
74	1.81735
75	1.81864
76	1.81819
77	1.81726
78	1.81723
79	1.81611
80	1.81563
81	1.81431
82	1.81555
83	1.81366
84	1.8087
85	1.80503
86	1.80413
87	1.80548
88	1.80635
89	1.80531
90	1.80216
91	1.80441
92	1.79837
93	1.79949
94	1.80014
95	1.80011
96	1.7956
97	1.79355
98	1.79936
99	1.80044
100	1.80805
101	1.80749
102	1.8047
103	1.80168
104	1.79825
105	1.79868
106	1.79945
107	1.79832
108	1.7988
109	1.79659
110	1.79449
111	1.79367
112	1.79998
113	1.80262
114	1.80117
115	1.80298
116	1.80211
117	1.79847
118	1.79664
119	1.79718
120	1.79726
121	1.79461
122	1.79563
123	1.79823
124	1.798
125	1.79626
126	1.79393
127	1.79131
128	1.79207
129	1.78962
130	1.78619
131	1.78719
132	1.78678
133	1.78599
134	1.78237
135	1.7815
136	1.78477
137	1.78349
138	1.78407
139	1.78557
140	1.7845
141	1.78306
142	1.78529
143	1.78687
144	1.78552
145	1.78576
146	1.78396
147	1.78276
148	1.78326
149	1.78271
150	1.78172
151	1.78264
152	1.78682
153	1.78749
154	1.78597
155	1.78544
156	1.78437
157	1.788
158	1.78749
159	1.78945
160	1.79066
161	1.78945
162	1.78984
163	1.7908
164	1.79187
165	1.7934
166	1.79286
167	1.79287
168	1.79345
169	1.79274
170	1.79102
171	1.79127
172	1.79226
173	1.79133
174	1.78975
175	1.79184
176	1.79103
177	1.79055
178	1.78923
179	1.78993
180	1.78747
181	1.78734
182	1.78711
183	1.78713
184	1.78714
185	1.78719
186	1.78743
187	1.78598
188	1.78542
189	1.78546
190	1.78849
191	1.78715
192	1.78774
193	1.78799
194	1.78865
195	1.78726
196	1.78852
197	1.78942
198	1.79186
199	1.79135
200	1.79312
201	1.79204
202	1.79107
203	1.79133
204	1.79416
205	1.79411
206	1.79447
207	1.795
208	1.79432
209	1.79348
210	1.79195
211	1.79347
212	1.79448
213	1.79432
214	1.79478
215	1.79464
216	1.79531
217	1.79449
218	1.79474
219	1.79581
220	1.79581
221	1.79529
222	1.79565
223	1.79647
224	1.79628
225	1.79633
226	1.79607
227	1.79475
228	1.79441
229	1.79533
230	1.79709
231	1.79582
232	1.79473
233	1.79473
234	1.79667
235	1.79679
236	1.79894
237	1.79849
238	1.79759
239	1.79614
240	1.79689
241	1.79845
242	1.79668
243	1.79569
244	1.79867
245	1.79891
246	1.79823
247	1.79854
248	1.79903
249	1.7994
250	1.80102
251	1.80189
252	1.80133
253	1.80068
254	1.80179
255	1.80113
256	1.79952
257	1.79963
258	1.799
259	1.79699
260	1.79837
261	1.79921
262	1.80066
263	1.80142
264	1.80107
265	1.80173
266	1.80264
267	1.80228
268	1.80296
269	1.80136
270	1.80202
271	1.80203
272	1.80321
273	1.80449
274	1.80486
275	1.80665
276	1.80718
277	1.8081
278	1.80784
279	1.81032
280	1.80957
281	1.80861
282	1.80921
283	1.80966
284	1.81135
285	1.81015
286	1.81029
287	1.81082
288	1.80993
289	1.81077
290	1.80983
291	1.80888
292	1.80899
293	1.81031
294	1.81032
295	1.81139
296	1.8126
297	1.81315
298	1.81188
299	1.81044
300	1.80994
301	1.80999
302	1.80947
303	1.80864
304	1.80833
305	1.80875
306	1.80854
307	1.80856
308	1.80865
309	1.8076
310	1.80745
311	1.80584
312	1.80749
313	1.80797
314	1.80677
315	1.80694
316	1.80576
317	1.80781
318	1.80835
319	1.81004
320	1.80971
321	1.80866
322	1.80974
323	1.81046
324	1.81068
325	1.81028
326	1.81069
327	1.81035
328	1.81128
329	1.81056
330	1.81016
331	1.81215
332	1.81194
333	1.81241
334	1.81251
335	1.81224
336	1.81172
337	1.81102
338	1.81112
339	1.81117
340	1.81379
341	1.81384
342	1.81453
343	1.81412
344	1.81513
345	1.81549
346	1.81507
347	1.81494
348	1.8148
349	1.81526
350	1.81703
351	1.81741
352	1.81759
353	1.81698
354	1.8162
355	1.81657
356	1.81708
357	1.81592
358	1.81662
359	1.81689
360	1.81727
361	1.81661
362	1.81792
363	1.81707
364	1.81632
365	1.81607
366	1.81612
367	1.81676
368	1.81655
369	1.81585
370	1.81607
371	1.81569
372	1.81527
373	1.81762
374	1.81721
375	1.81619
376	1.81612
377	1.81664
378	1.81598
379	1.81838
380	1.81885
381	1.81913
382	1.82174
383	1.82376
384	1.82276
385	1.82359
386	1.82423
387	1.82421
388	1.82407
389	1.82372
390	1.82422
391	1.82555
392	1.82594
393	1.82618
394	1.82683
395	1.82771
396	1.82737
397	1.82624
398	1.82584
399	1.82498
400	1.82536
401	1.82537
402	1.8253
403	1.82517
404	1.82492
405	1.82531
406	1.82507
407	1.82456
408	1.82494
409	1.82457
410	1.82399
411	1.82423
412	1.82427
413	1.82393
414	1.82599
415	1.82569
416	1.82603
417	1.82561
418	1.82663
419	1.82641
420	1.82626
421	1.82628
422	1.8267
423	1.82611
424	1.82634
425	1.82545
426	1.82471
427	1.82387
428	1.82545
429	1.825
430	1.82618
431	1.82845
432	1.8286
433	1.82858
434	1.82775
435	1.82726
436	1.82818
437	1.82758
438	1.82824
439	1.82843
440	1.82785
441	1.82693
442	1.82683
443	1.82709
444	1.8263
445	1.82677
446	1.82743
447	1.82718
448	1.82707
449	1.8267
450	1.82628
451	1.82775
452	1.82741
453	1.82684
454	1.82683
455	1.82642
456	1.82592
457	1.82695
458	1.82691
459	1.82662
460	1.82677
461	1.82686
462	1.82707
463	1.82685
464	1.82714
465	1.8272
466	1.82679
467	1.8265
468	1.82621
469	1.82677
470	1.82638
471	1.82551
472	1.82588
473	1.82583
474	1.82514
475	1.82502
476	1.8259
477	1.82684
478	1.82653
479	1.82658
480	1.82657
481	1.82634
482	1.82558
483	1.82514
484	1.82492
485	1.82382
486	1.82446
487	1.82399
488	1.82392
489	1.82405
490	1.82349
491	1.82432
492	1.82493
493	1.82559
494	1.82546
495	1.82541
496	1.82515
497	1.82483
498	1.82601
499	1.82571
