0	0.0158052
1	0.0132918
2	0.0116698
3	0.0109952
4	0.0106683
5	0.0104362
6	0.0108606
7	0.010941
8	0.0115403
9	0.0113245
10	0.0110289
11	0.0107478
12	0.0114984
13	0.0116375
14	0.0115595
15	0.0116518
16	0.011334
17	0.0115725
18	0.0116389
19	0.0114172
20	0.0113751
21	0.0111462
22	0.0109341
23	0.0109063
24	0.0109361
25	0.0108943
26	0.0108486
27	0.0107318
28	0.0106761
29	0.0105969
30	0.0106013
31	0.0105311
32	0.0104297
33	0.0104295
34	0.0103729
35	0.0103434
36	0.0103827
37	0.0104968
38	0.0104819
39	0.0105621
40	0.0104192
41	0.0104341
42	0.010649
43	0.0107089
44	0.0106968
45	0.0106335
46	0.0105863
47	0.0106279
48	0.0105614
49	0.0104209
50	0.0103302
51	0.0103404
52	0.0103525
53	0.0103818
54	0.010427
55	0.0104421
56	0.0104554
57	0.0104694
58	0.01048
59	0.0105024
60	0.0105911
61	0.010625
62	0.0107596
63	0.01086
64	0.0108127
65	0.0108135
66	0.0107456
67	0.0106425
68	0.0106715
69	0.0106489
70	0.0106122
71	0.010583
72	0.0106331
73	0.0106673
74	0.0106713
75	0.0106968
76	0.010695
77	0.0106234
78	0.0106431
79	0.0105862
80	0.0105936
81	0.0106259
82	0.010641
83	0.0106037
84	0.0106052
85	0.0105839
86	0.0106341
87	0.0106387
88	0.0106707
89	0.0106432
90	0.0105747
91	0.0105331
92	0.0105004
93	0.0104951
94	0.0104582
95	0.0104431
96	0.0104694
97	0.010442
98	0.0104319
99	0.0104498
100	0.0104606
101	0.010496
102	0.0105551
103	0.0106128
104	0.010618
105	0.0106141
106	0.0106051
107	0.0105719
108	0.0105891
109	0.0105741
110	0.0105664
111	0.0105883
112	0.0105958
113	0.0106002
114	0.0105892
115	0.01061
116	0.0106483
117	0.0106316
118	0.0106223
119	0.0105908
120	0.0105922
121	0.0105617
122	0.0105454
123	0.0106371
124	0.0106712
125	0.0106726
126	0.0106727
127	0.0107714
128	0.0107643
129	0.010786
130	0.0108044
131	0.0107867
132	0.0108079
133	0.0108179
134	0.0108176
135	0.010814
136	0.0107687
137	0.0107881
138	0.0107626
139	0.0107514
140	0.010711
141	0.0107139
142	0.0107044
143	0.010711
144	0.0106698
145	0.0106944
146	0.0106991
147	0.0106946
148	0.0107003
149	0.010682
150	0.0106873
151	0.0107236
152	0.0107179
153	0.0107446
154	0.0107473
155	0.0107496
156	0.0107561
157	0.0107592
158	0.0107445
159	0.010718
160	0.0106851
161	0.0106847
162	0.0106994
163	0.0107108
164	0.0107178
165	0.0107294
166	0.0107102
167	0.0107272
168	0.0107282
169	0.0107053
170	0.0107052
171	0.010704
172	0.0106897
173	0.0106578
174	0.0106494
175	0.0106773
176	0.0106762
177	0.0106944
178	0.0106907
179	0.0106942
180	0.0106795
181	0.0106524
182	0.0106601
183	0.0106589
184	0.0106432
185	0.0106636
186	0.0106881
187	0.0106898
188	0.0106772
189	0.0106707
190	0.0107064
191	0.0106755
192	0.0106658
193	0.0106613
194	0.0106589
195	0.0106503
196	0.0107042
197	0.0106735
198	0.0106702
199	0.0106727
200	0.0106876
201	0.0106769
202	0.0106515
203	0.010687
204	0.0106741
205	0.0107081
206	0.0106966
207	0.0106775
208	0.0106548
209	0.0106702
210	0.0106815
211	0.0106994
212	0.0106949
213	0.0106963
214	0.0106979
215	0.0106959
216	0.0106871
217	0.010667
218	0.0106677
219	0.010653
220	0.0106892
221	0.0106926
222	0.010678
223	0.0106561
224	0.0106704
225	0.0106442
226	0.0106537
227	0.0106341
228	0.0106299
229	0.0106102
230	0.0106021
231	0.0105971
232	0.0105953
233	0.0106235
234	0.0106072
235	0.0106288
236	0.0106826
237	0.0106916
238	0.0106725
239	0.0106713
240	0.0106648
241	0.010674
242	0.0106724
243	0.0106773
244	0.0106599
245	0.0106686
246	0.010714
247	0.0107303
248	0.0107164
249	0.0107216
250	0.0107093
251	0.0107306
252	0.0107162
253	0.0107144
254	0.0107127
255	0.0107291
256	0.0107207
257	0.010747
258	0.0107438
259	0.010727
260	0.0107204
261	0.0107322
262	0.0107347
263	0.0107408
264	0.0107398
265	0.0107465
266	0.0107508
267	0.0107396
268	0.0107269
269	0.010731
270	0.0107197
271	0.0107065
272	0.010691
273	0.0106833
274	0.010666
275	0.0106676
276	0.0106816
277	0.010661
278	0.0106785
279	0.0107063
280	0.0107031
281	0.0106837
282	0.0106758
283	0.0106707
284	0.0106755
285	0.0106617
286	0.0106458
287	0.0106434
288	0.0106391
289	0.0106462
290	0.0106734
291	0.0106847
292	0.0107139
293	0.0107173
294	0.010699
295	0.0107061
296	0.0107019
297	0.010708
298	0.0106931
299	0.0106933
300	0.0107037
301	0.0106998
302	0.0106944
303	0.0107149
304	0.0107332
305	0.0107327
306	0.0107147
307	0.0107219
308	0.0107332
309	0.0107228
310	0.0107369
311	0.0107453
312	0.0107449
313	0.0107531
314	0.0107492
315	0.0107499
316	0.0107446
317	0.0107559
318	0.010755
319	0.0107635
320	0.0107438
321	0.0107355
322	0.0107341
323	0.010726
324	0.0107157
325	0.0107081
326	0.0106993
327	0.0106735
328	0.0106644
329	0.0106656
330	0.0106674
331	0.0106689
332	0.0106695
333	0.0106767
334	0.0106666
335	0.0106815
336	0.0106945
337	0.0106974
338	0.0106826
339	0.0106732
340	0.0106722
341	0.0107029
342	0.0107108
343	0.0107086
344	0.0107026
345	0.0107007
346	0.0107051
347	0.0106994
348	0.0106906
349	0.0106973
350	0.0106995
351	0.0106967
352	0.0106992
353	0.0107038
354	0.0107089
355	0.010699
356	0.0106969
357	0.0106875
358	0.010682
359	0.0106883
360	0.0106812
361	0.0107078
362	0.0106951
363	0.0107133
364	0.0107098
365	0.0107342
366	0.0107379
367	0.0107315
368	0.0107413
369	0.0107377
370	0.0107537
371	0.0107563
372	0.0107498
373	0.010747
374	0.0107632
375	0.0107528
376	0.0107598
377	0.0107467
378	0.0107464
379	0.0107502
380	0.0107603
381	0.0107392
382	0.0107467
383	0.0107523
384	0.0107386
385	0.010739
386	0.0107304
387	0.0107291
388	0.0107318
389	0.0107249
390	0.0107326
391	0.0107525
392	0.0107683
393	0.0107573
394	0.0107739
395	0.0107731
396	0.0107703
397	0.0107763
398	0.0107719
399	0.0107715
400	0.0107839
401	0.0108015
402	0.0108022
403	0.0108009
404	0.0107982
405	0.0108029
406	0.0107945
407	0.0107767
408	0.0107769
409	0.0107778
410	0.01078
411	0.0107788
412	0.0107717
413	0.0107671
414	0.0107704
415	0.0107689
416	0.0107798
417	0.0107745
418	0.0107793
419	0.0107852
420	0.0107807
421	0.0107793
422	0.0107727
423	0.0107753
424	0.0107764
425	0.0107729
426	0.0107765
427	0.0107744
428	0.0107797
429	0.0107828
430	0.0107959
431	0.0107902
432	0.0108037
433	0.0108128
434	0.0108154
435	0.0108062
436	0.0107991
437	0.0108082
438	0.0108117
439	0.0108092
440	0.0107982
441	0.0107953
442	0.0107951
443	0.0107836
444	0.0108006
445	0.0108113
446	0.0108143
447	0.0108095
448	0.0108429
449	0.0108334
450	0.0108408
451	0.0108325
452	0.0108316
453	0.0108463
454	0.0108471
455	0.0108552
456	0.0108542
457	0.0108577
458	0.0108472
459	0.0108382
460	0.0108425
461	0.0108481
462	0.010841
463	0.0108402
464	0.0108494
465	0.0108501
466	0.010866
467	0.0108647
468	0.0108772
469	0.0108801
470	0.0109004
471	0.0108938
472	0.0108975
473	0.0109053
474	0.0108946
475	0.0109007
476	0.0109074
477	0.0109059
478	0.0109146
479	0.0109044
480	0.0109011
481	0.0108862
482	0.0108835
483	0.0108878
484	0.0108865
485	0.0108848
486	0.0108853
487	0.0108718
488	0.0108754
489	0.0108807
490	0.0108783
491	0.0108797
492	0.0108761
493	0.0108791
494	0.0108817
495	0.0108873
496	0.0108884
497	0.0109059
498	0.010911
499	0.0109045
