0	0.425986
1	0.441541
2	0.407182
3	0.396281
4	0.392569
5	0.401605
6	0.39241
7	0.394453
8	0.39693
9	0.398217
10	0.398765
11	0.391203
12	0.393512
13	0.394264
14	0.394396
15	0.405421
16	0.414756
17	0.411872
18	0.41002
19	0.410621
20	0.413734
21	0.417313
22	0.416159
23	0.416518
24	0.409643
25	0.411045
26	0.413241
27	0.418718
28	0.420731
29	0.41854
30	0.425795
31	0.422443
32	0.427583
33	0.428724
34	0.429039
35	0.432603
36	0.431258
37	0.431446
38	0.436707
39	0.431856
40	0.433512
41	0.43271
42	0.435912
43	0.435273
44	0.437896
45	0.438855
46	0.441226
47	0.443432
48	0.446202
49	0.44361
50	0.443574
51	0.441573
52	0.440662
53	0.442558
54	0.44072
55	0.440642
56	0.438379
57	0.43967
58	0.438134
59	0.439764
60	0.437136
61	0.439333
62	0.438885
63	0.438578
64	0.439894
65	0.441872
66	0.440952
67	0.44028
68	0.441885
69	0.441038
70	0.440931
71	0.441254
72	0.441108
73	0.440644
74	0.440262
75	0.440127
76	0.441429
77	0.44287
78	0.441551
79	0.440619
80	0.440506
81	0.440264
82	0.438807
83	0.437795
84	0.4371
85	0.435869
86	0.436326
87	0.434576
88	0.433073
89	0.432376
90	0.430838
91	0.430985
92	0.42984
93	0.430306
94	0.430722
95	0.431023
96	0.430597
97	0.431633
98	0.431404
99	0.431199
100	0.431334
101	0.431762
102	0.432709
103	0.432309
104	0.430984
105	0.430779
106	0.42968
107	0.433203
108	0.43279
109	0.432307
110	0.432609
111	0.432709
112	0.433975
113	0.433605
114	0.434397
115	0.433552
116	0.433131
117	0.432347
118	0.43151
119	0.430249
120	0.430587
121	0.431183
122	0.431066
123	0.431732
124	0.431778
125	0.43151
126	0.431419
127	0.432357
128	0.4327
129	0.433001
130	0.432714
131	0.432295
132	0.436
133	0.436689
134	0.436361
135	0.436724
136	0.436266
137	0.434978
138	0.434222
139	0.434166
140	0.433885
141	0.434287
142	0.433454
143	0.435583
144	0.434522
145	0.434907
146	0.433878
147	0.435147
148	0.434861
149	0.435193
150	0.435124
151	0.436009
152	0.435039
153	0.436679
154	0.436902
155	0.436565
156	0.435624
157	0.435107
158	0.434534
159	0.435701
160	0.435108
161	0.43598
162	0.436927
163	0.437095
164	0.436771
165	0.437044
166	0.43809
167	0.436791
168	0.436066
169	0.437394
170	0.436579
171	0.437123
172	0.43611
173	0.437447
174	0.437912
175	0.437812
176	0.438227
177	0.43783
178	0.437794
179	0.437099
180	0.437043
181	0.436467
182	0.436065
183	0.435667
184	0.435352
185	0.435076
186	0.434879
187	0.434073
188	0.434731
189	0.436022
190	0.436472
191	0.435753
192	0.435962
193	0.436837
194	0.436736
195	0.436819
196	0.437485
197	0.437031
198	0.436967
199	0.436627
200	0.436504
201	0.435801
202	0.436022
203	0.437431
204	0.437301
205	0.437186
206	0.43706
207	0.43676
208	0.43654
209	0.437158
210	0.436994
211	0.438083
212	0.438819
213	0.43903
214	0.439153
215	0.438722
216	0.438362
217	0.438335
218	0.438101
219	0.438292
220	0.43833
221	0.438743
222	0.438015
223	0.438665
224	0.438502
225	0.438144
226	0.437993
227	0.437952
228	0.438508
229	0.438599
230	0.438218
231	0.439045
232	0.438552
233	0.439888
234	0.439358
235	0.439251
236	0.438478
237	0.4384
238	0.43818
239	0.438055
240	0.43809
241	0.438119
242	0.438972
243	0.438981
244	0.439183
245	0.440928
246	0.440777
247	0.441312
248	0.441572
249	0.441752
250	0.44184
251	0.441705
252	0.442093
253	0.441405
254	0.44143
255	0.440875
256	0.441093
257	0.440428
258	0.440367
259	0.440435
260	0.440212
261	0.44012
262	0.439629
263	0.439568
264	0.4393
265	0.439433
266	0.439598
267	0.439078
268	0.439127
269	0.439102
270	0.438988
271	0.439607
272	0.439895
273	0.439626
274	0.439253
275	0.438915
276	0.43915
277	0.440218
278	0.439965
279	0.439594
280	0.439497
281	0.440214
282	0.440301
283	0.440413
284	0.440166
285	0.440519
286	0.440333
287	0.440745
288	0.44037
289	0.440651
290	0.440784
291	0.441192
292	0.440569
293	0.440944
294	0.441343
295	0.441005
296	0.441101
297	0.441149
298	0.440907
299	0.440903
300	0.44073
301	0.440548
302	0.440193
303	0.440152
304	0.440409
305	0.440651
306	0.441344
307	0.441601
308	0.441743
309	0.441668
310	0.441749
311	0.441706
312	0.441364
313	0.441458
314	0.440914
315	0.440783
316	0.441852
317	0.441507
318	0.441372
319	0.440955
320	0.441299
321	0.441342
322	0.441095
323	0.441
324	0.441
325	0.440625
326	0.440211
327	0.439866
328	0.440032
329	0.440204
330	0.440116
331	0.440038
332	0.43949
333	0.43992
334	0.439969
335	0.439284
336	0.440019
337	0.440287
338	0.440496
339	0.44042
340	0.44044
341	0.440042
342	0.439818
343	0.439664
344	0.439216
345	0.438988
346	0.439113
347	0.439964
348	0.439544
349	0.440254
350	0.440059
351	0.439892
352	0.440183
353	0.439953
354	0.439762
355	0.439475
356	0.439619
357	0.439339
358	0.439823
359	0.440449
360	0.440113
361	0.439914
362	0.440111
363	0.439691
364	0.439544
365	0.439663
366	0.43982
367	0.439423
368	0.439065
369	0.439052
370	0.438929
371	0.438944
372	0.439066
373	0.438765
374	0.438737
375	0.439021
376	0.438672
377	0.438483
378	0.438472
379	0.438475
380	0.438179
381	0.43837
382	0.437965
383	0.438711
384	0.439403
385	0.439118
386	0.438999
387	0.43945
388	0.439229
389	0.439997
390	0.439776
391	0.439479
392	0.439675
393	0.439843
394	0.439591
395	0.439496
396	0.439766
397	0.439505
398	0.439648
399	0.439315
400	0.439254
401	0.439046
402	0.439208
403	0.439531
404	0.43942
405	0.439288
406	0.439154
407	0.439825
408	0.439734
409	0.44018
410	0.439917
411	0.439727
412	0.439371
413	0.439305
414	0.439538
415	0.439246
416	0.43919
417	0.438857
418	0.438609
419	0.438709
420	0.438881
421	0.43869
422	0.438765
423	0.43852
424	0.438308
425	0.438295
426	0.438256
427	0.437989
428	0.438048
429	0.438218
430	0.437886
431	0.437699
432	0.437671
433	0.437518
434	0.437632
435	0.437511
436	0.437213
437	0.438042
438	0.437743
439	0.437498
440	0.437471
441	0.437519
442	0.437731
443	0.437641
444	0.437434
445	0.437523
446	0.437334
447	0.437046
448	0.437108
449	0.436915
450	0.436798
451	0.436737
452	0.436388
453	0.436251
454	0.436501
455	0.436272
456	0.436133
457	0.43623
458	0.436118
459	0.435922
460	0.435821
461	0.435821
462	0.43553
463	0.435479
464	0.435209
465	0.434987
466	0.435094
467	0.434706
468	0.43451
469	0.43417
470	0.434826
471	0.434955
472	0.434737
473	0.434599
474	0.434665
475	0.43489
476	0.435131
477	0.434914
478	0.435636
479	0.435674
480	0.435324
481	0.435064
482	0.434928
483	0.43478
484	0.434572
485	0.434817
486	0.434615
487	0.434698
488	0.435058
489	0.435201
490	0.435286
491	0.435095
492	0.434864
493	0.434964
494	0.434859
495	0.434716
496	0.434925
497	0.435242
498	0.43511
499	0.435185
